InputFiles/GridInputs/LU&ParcGridBarry20.asc
ncols         117
nrows         121
xllcorner     -1688447.691606855
yllcorner     3186581.191380518
dx            20.142178273974704
dy            20.15088251829609
[rows 34 to 67 of 121, columns 0 to 76 of 117]
0.0 0.0 0.0 206.03 150.03 150.03 150.03 150.03 150.04 150.04 150.04 303.04 303.04 303.04 303.04 142.04 142.04 142.04 142.03 142.03 142.03 80.04 80.04 80.04 80.04 80.04 80.04 11.04 11.03 11.03 11.03 0.02 285.03 285.03 285.03 54.03 54.03 147.04 107.04 107.04 107.04 0.02 316.03 66.03 66.03 65.03 65.03 0.01 65.03 65.04 221.04 221.04 221.04 341.03 341.03 341.03 0.02 341.03 76.03 76.03 0.02 76.03 139.03 139.03 161.03 161.03 199.03 199.04 199.04 11.04 11.03 11.04 0.02 242.03 242.03 242.03 242.03
0.0 0.0 206.03 206.03 206.03 150.03 150.04 150.04 150.04 150.04 150.04 150.04 150.04 303.04 319.04 319.04 319.04 142.04 142.03 142.03 0.02 80.04 80.04 80.04 80.04 80.04 11.04 11.04 11.04 11.03 11.03 11.03 285.03 285.03 285.03 147.03 147.03 147.03 147.03 107.04 107.04 316.03 66.03 66.03 66.03 66.03 0.01 0.01 0.01 65.03 232.04 232.04 341.04 341.03 341.03 341.04 341.03 144.03 144.03 76.03 76.03 139.03 139.03 0.02 161.03 161.03 0.02 199.04 199.04 199.04 11.03 11.04 242.04 242.04 242.03 242.03 119.03
0.0 206.03 206.03 206.03 206.03 150.04 150.04 150.04 150.04 150.04 150.04 150.04 150.04 150.04 319.04 319.04 319.04 319.04 319.03 319.03 0.02 80.04 80.04 80.04 80.04 80.04 11.04 11.04 11.04 11.04 11.04 11.03 11.03 285.03 285.03 147.03 147.03 147.03 147.03 147.03 147.03 66.03 66.03 66.03 66.03 66.03 0.01 0.01 0.01 0.01 232.03 232.03 232.03 232.03 341.03 341.03 144.03 144.03 144.03 144.03 183.03 183.03 0.01 0.02 219.03 219.03 219.03 199.04 199.04 199.04 199.04 199.04 242.04 242.04 242.04 242.04 0.02
206.03 206.03 206.03 206.03 300.04 300.04 150.04 150.03 150.04 150.04 150.04 150.04 150.04 319.04 319.04 319.04 319.04 319.04 319.04 319.03 215.03 215.04 215.04 215.04 215.04 0.05 0.05 11.04 11.04 11.04 11.04 11.03 0.02 11.03 171.03 147.03 147.03 147.03 147.03 147.03 147.03 147.03 66.03 66.03 66.03 66.03 66.03 0.01 0.01 232.03 232.03 232.03 232.03 232.03 232.03 209.03 0.02 144.03 144.03 144.03 183.03 0.02 0.02 0.02 219.03 219.03 0.05 0.05 0.05 199.04 220.04 220.04 220.04 220.04 1.04 1.03 1.03
206.03 206.03 206.03 206.04 300.04 300.04 300.04 150.03 150.04 150.03 150.04 150.04 264.04 264.04 319.04 319.04 319.04 319.04 319.04 319.03 131.03 215.04 215.04 215.04 215.03 215.03 11.04 11.04 11.04 11.04 11.04 11.04 11.03 0.02 171.04 171.03 0.02 171.03 147.03 147.03 147.03 147.03 66.03 66.03 66.03 170.03 170.03 0.02 0.02 232.03 232.03 232.03 232.03 0.05 232.04 209.04 209.04 144.03 144.03 2.03 2.03 183.03 0.02 0.02 219.03 219.03 0.05 0.05 219.04 220.04 220.04 220.04 220.04 220.04 220.04 1.03 1.03
206.03 206.03 206.03 300.03 300.04 300.04 300.03 0.02 150.03 150.04 150.04 264.04 264.04 264.04 319.04 319.04 319.04 319.04 319.04 131.04 131.04 215.04 215.04 215.03 215.03 215.03 215.04 11.04 11.04 11.04 298.04 298.04 298.03 171.03 171.03 171.03 171.03 171.03 171.03 171.03 171.03 53.03 53.03 53.03 170.03 170.03 170.03 170.03 170.03 232.03 232.03 232.03 232.03 0.05 232.04 209.04 209.04 209.03 2.03 2.04 2.04 2.04 2.04 55.04 55.03 55.03 0.02 0.02 220.04 220.04 220.04 220.04 220.04 220.04 220.04 1.03 1.03
206.03 0.02 206.03 300.03 300.04 300.04 300.03 45.03 45.03 45.03 264.04 264.04 0.02 264.04 264.04 319.04 319.04 319.04 319.04 131.04 131.04 215.04 215.03 215.04 215.04 215.04 215.03 298.04 298.04 298.04 298.04 298.04 0.02 298.03 171.03 171.03 171.03 171.03 171.03 171.03 171.03 16.03 53.03 53.03 170.03 170.03 170.03 170.03 170.03 232.03 232.03 232.03 232.03 0.05 209.04 0.05 0.05 209.03 2.03 2.04 2.04 2.04 2.04 55.04 55.03 55.04 55.04 55.04 55.04 0.02 220.04 220.04 0.02 220.03 220.03 0.02 1.03
206.03 0.01 0.01 300.03 300.04 300.03 45.03 45.03 45.04 0.02 264.04 264.04 264.04 264.04 264.04 319.04 319.04 319.04 0.02 131.04 131.04 215.04 215.03 215.04 215.04 215.04 200.04 200.04 298.04 298.04 298.04 298.03 298.03 298.04 171.03 171.03 171.03 171.03 171.03 171.03 16.03 16.03 53.03 53.03 53.03 170.03 170.03 170.03 170.03 170.03 232.03 232.03 0.02 232.03 0.05 0.05 0.05 209.03 0.02 2.04 2.04 2.04 2.04 55.04 55.04 0.02 55.04 55.04 55.04 0.02 220.04 220.04 220.04 220.03 0.02 22.03 22.03
206.03 0.01 0.01 300.04 300.04 300.04 45.04 45.04 45.04 45.04 72.04 264.04 264.04 264.04 264.04 264.04 319.04 319.04 131.04 131.04 131.04 215.04 215.04 215.04 215.04 200.04 200.04 200.04 298.04 298.04 298.04 0.02 298.04 114.04 114.04 171.03 171.03 171.03 171.03 16.04 16.04 16.04 16.04 53.04 53.04 53.03 170.03 170.03 170.03 170.03 232.03 232.03 35.03 35.03 0.05 0.05 35.04 0.02 209.03 2.04 2.04 2.04 55.04 0.02 55.03 55.03 55.03 55.04 55.04 220.04 220.04 220.04 220.04 220.04 220.03 22.03 22.04
206.03 0.02 0.02 300.03 300.04 300.04 45.04 45.04 72.04 72.04 72.04 264.04 264.04 264.04 264.04 264.04 319.04 319.04 131.04 131.04 131.04 131.04 215.04 215.04 200.04 200.04 200.04 200.03 200.03 298.04 298.04 298.03 114.03 114.04 114.04 171.03 171.03 171.04 171.04 16.04 16.04 16.04 16.04 53.04 53.04 53.04 170.04 170.04 170.03 170.03 170.03 35.03 35.03 35.03 35.03 35.04 35.04 149.04 149.03 149.03 149.03 2.03 55.03 55.03 55.03 55.03 55.04 55.04 55.04 179.04 179.04 220.04 220.04 220.03 220.03 22.03 22.03
206.04 0.02 300.03 300.03 300.04 72.04 72.04 72.04 72.04 72.04 72.04 249.04 249.04 249.04 249.04 249.04 249.03 87.03 87.03 0.02 87.04 87.04 215.04 156.04 156.04 200.04 200.04 200.03 200.03 253.03 253.03 253.04 0.02 169.03 169.04 169.04 171.04 171.04 16.04 16.04 16.04 16.04 16.04 16.04 53.04 53.04 53.04 170.04 170.04 170.04 170.03 35.03 35.03 35.03 35.03 35.04 35.04 149.03 149.03 149.03 149.03 149.03 55.04 55.03 55.04 55.04 0.05 0.05 179.04 179.04 179.04 179.04 179.04 256.03 256.03 291.04 291.04
0.0 300.04 300.03 300.03 72.03 72.04 72.04 72.04 72.04 72.03 72.03 249.03 249.03 249.03 249.03 249.03 134.03 0.02 0.02 0.02 87.03 0.02 87.04 156.03 156.04 156.04 200.04 0.02 200.03 313.03 253.04 253.04 169.04 169.04 0.02 169.04 169.04 171.04 16.04 16.04 16.04 16.04 16.04 16.04 53.04 53.04 53.04 170.04 170.04 170.04 290.04 35.03 35.03 35.03 35.04 35.04 149.03 0.02 149.03 0.02 149.04 149.04 68.04 68.04 68.04 68.04 68.03 0.05 0.05 179.04 179.04 179.04 256.04 256.04 256.04 291.04 291.04
0.0 0.02 300.03 300.03 72.03 72.03 72.04 72.03 72.03 72.03 0.02 249.03 0.02 249.03 231.03 134.03 134.03 134.03 87.03 87.03 87.03 87.04 87.04 0.02 145.03 156.04 156.04 0.02 313.04 313.04 3.04 253.04 0.05 169.04 169.04 169.04 169.04 58.04 58.04 58.04 58.04 58.04 58.04 16.04 53.04 53.04 53.04 53.04 290.04 290.04 290.04 290.03 35.03 35.04 35.04 149.04 149.03 0.02 149.04 149.04 149.03 149.03 68.03 68.03 68.04 68.04 68.03 68.03 0.05 0.05 179.04 179.04 256.04 256.04 256.04 291.04 291.04
0.0 0.02 300.04 72.03 72.03 72.03 72.03 268.03 268.03 268.03 268.03 249.03 0.02 231.03 24.03 134.03 134.03 134.03 87.03 87.03 87.04 87.04 87.04 0.02 145.04 145.04 156.04 0.02 313.04 313.04 3.04 3.04 3.04 3.04 0.05 104.04 104.04 26.04 58.04 58.04 58.04 58.04 58.04 58.04 85.04 321.04 321.04 321.04 290.04 290.04 290.03 290.03 290.03 290.04 149.04 149.04 149.04 149.04 149.04 149.04 149.04 0.02 0.02 68.04 68.04 68.04 68.04 0.05 0.05 0.05 0.05 256.04 256.04 256.04 272.04 272.03 291.03
0.0 0.0 72.03 268.03 268.04 268.04 268.03 268.03 268.03 268.03 268.03 268.04 231.03 24.03 24.03 134.03 134.03 134.03 134.03 87.03 87.04 87.04 145.04 145.04 145.04 145.04 145.04 273.04 313.04 313.04 3.04 3.04 3.04 104.04 104.03 104.03 26.03 26.04 58.04 58.04 58.04 58.03 58.04 85.04 85.04 321.04 321.04 321.04 290.04 290.04 290.04 290.03 0.05 290.04 149.04 149.04 149.04 149.04 149.04 149.04 149.04 149.04 68.04 68.04 68.04 68.03 68.04 68.04 0.05 0.05 287.04 256.03 256.03 256.04 272.03 272.03 272.03
0.0 0.0 0.02 268.03 268.04 268.04 268.04 268.03 0.02 268.03 268.03 268.04 33.04 0.01 0.01 0.01 134.03 134.03 134.03 87.03 87.04 87.04 145.04 145.04 145.04 145.04 273.04 273.04 273.04 0.05 0.05 0.05 3.04 104.04 104.04 104.04 26.03 26.04 26.04 58.04 58.04 85.04 85.04 85.04 0.02 0.02 0.02 321.04 290.04 290.04 290.03 0.05 0.05 0.05 0.05 149.04 149.04 149.03 149.04 149.04 149.04 68.04 68.04 68.04 68.04 0.02 68.04 68.04 0.05 0.05 287.04 287.04 256.03 272.03 272.03 272.03 272.03
0.0 0.0 0.0 268.03 0.02 0.02 268.04 268.04 268.03 0.02 268.03 268.04 33.04 0.01 0.01 0.01 134.03 134.03 246.03 246.03 246.04 246.04 229.04 229.04 229.04 229.04 273.04 273.04 273.04 146.04 146.04 146.04 146.04 104.04 104.04 104.04 0.02 26.04 57.04 0.02 85.04 85.04 85.04 85.04 321.03 321.03 321.04 321.04 284.04 290.04 0.02 290.04 290.04 290.04 0.04 0.04 149.04 149.04 149.04 149.04 149.04 67.04 67.04 68.04 68.04 68.04 68.04 68.04 287.03 287.04 306.04 306.04 306.03 272.03 272.03 272.03 272.03
0.0 0.0 0.0 0.02 0.02 0.02 268.04 268.04 268.03 268.03 268.03 258.04 258.04 258.03 0.01 0.01 294.03 294.03 246.03 246.03 246.04 246.04 229.04 229.04 229.04 229.04 273.04 273.04 172.04 172.04 146.04 146.03 146.04 104.04 104.04 104.04 26.03 57.04 57.04 57.04 57.04 85.04 85.04 85.04 0.02 321.03 321.04 284.04 284.04 290.04 290.04 290.04 290.04 0.04 0.04 0.04 0.04 0.04 0.04 234.03 67.04 67.04 67.04 67.04 67.04 67.04 68.04 306.04 306.04 306.04 306.03 306.03 306.03 306.03 272.03 272.03 272.03
0.0 0.0 0.0 0.0 0.02 268.04 268.04 268.04 268.03 268.03 258.03 258.04 258.04 258.04 258.03 294.03 294.03 294.03 246.03 246.03 246.04 246.04 229.04 229.04 229.04 229.04 0.02 172.04 172.04 172.03 172.03 146.03 146.04 104.04 104.04 26.04 26.03 57.04 57.04 57.04 57.04 85.04 85.04 85.04 321.03 321.04 284.04 284.04 284.04 284.04 201.04 201.04 0.04 0.04 0.04 0.04 0.04 0.04 234.03 234.03 67.03 67.04 67.04 67.04 67.04 67.04 67.04 306.04 306.03 306.03 0.02 306.03 306.03 311.03 311.03 311.03 318.03
0.0 0.0 0.0 0.0 268.03 268.04 268.04 268.04 258.03 258.03 258.03 258.04 258.04 258.03 258.03 294.03 294.03 294.03 100.03 0.02 100.04 100.04 229.04 229.04 229.04 229.04 229.04 172.03 172.03 172.03 172.03 172.04 146.04 104.04 104.04 26.04 57.03 57.04 57.04 57.04 47.04 47.04 47.04 47.04 321.04 284.04 284.04 284.04 201.04 201.04 201.03 201.03 0.04 0.04 0.03 0.04 0.04 0.04 234.04 234.03 234.03 67.04 67.04 67.04 67.04 67.04 0.02 304.04 304.03 306.03 306.03 306.03 311.04 311.04 311.04 311.03 318.03
0.0 0.0 0.0 0.0 0.0 268.04 268.04 258.04 258.03 258.03 258.03 258.04 258.04 0.02 294.04 294.04 0.02 294.03 100.04 100.04 100.04 100.04 8.04 8.04 229.04 229.04 229.04 172.03 172.03 172.03 172.04 172.04 0.02 104.04 104.04 57.04 57.04 57.04 57.04 47.04 47.04 0.02 47.04 47.04 47.04 284.04 284.04 201.04 201.04 201.04 201.03 201.03 0.03 0.03 0.02 0.04 0.03 234.04 234.04 234.03 234.04 67.04 67.04 67.04 67.04 67.04 67.04 304.04 304.04 304.03 306.03 311.04 311.04 311.04 311.04 311.03 311.03
0.0 0.0 0.0 0.0 0.0 236.04 236.03 236.03 258.03 258.03 258.03 0.02 258.04 258.04 294.04 294.04 0.02 294.04 100.04 100.04 100.04 8.04 8.04 8.04 8.04 8.04 158.03 158.03 158.03 158.04 158.04 172.04 172.04 104.04 57.04 57.04 57.04 50.04 47.04 47.04 47.04 47.03 47.04 47.04 47.04 201.04 201.04 201.04 201.04 201.03 201.03 201.03 0.03 0.03 0.03 0.04 0.04 234.04 0.02 234.03 234.04 234.04 67.04 67.04 67.04 67.04 67.04 304.04 304.04 304.04 304.04 311.04 311.04 311.04 311.04 311.03 311.03
0.0 0.0 0.0 0.0 0.0 0.0 0.02 236.03 236.03 236.03 236.03 0.02 322.04 322.04 322.04 0.05 275.04 275.04 100.04 100.04 8.04 8.04 8.04 8.04 8.04 0.02 158.04 158.03 158.03 158.03 158.04 158.04 158.04 158.04 50.04 50.03 50.03 50.03 50.04 50.04 47.04 47.04 240.04 240.04 240.04 67.04 201.04 201.04 201.03 201.03 201.03 201.03 0.03 0.04 0.04 0.04 0.04 234.04 234.03 234.03 234.04 234.04 67.04 67.04 67.04 67.04 174.04 304.04 304.04 0.02 304.04 311.04 311.04 311.04 311.04 311.04 311.03
0.0 0.0 0.0 0.0 0.0 0.0 236.03 236.03 236.03 236.03 236.03 236.04 322.04 322.04 322.04 275.04 275.04 275.04 275.04 100.04 8.04 8.04 8.04 8.04 8.04 0.02 158.04 158.03 158.03 158.03 158.03 158.04 158.04 158.04 50.03 50.03 50.03 50.03 50.04 50.04 240.04 240.04 240.04 240.04 67.04 67.04 0.02 67.03 0.02 201.03 201.03 201.03 0.04 0.04 0.04 0.04 343.04 234.04 234.03 234.03 234.04 234.04 234.04 67.04 67.04 174.04 174.04 174.04 174.04 304.04 304.04 304.04 311.04 311.04 311.04 311.04 311.03
0.0 0.0 0.0 0.0 0.0 0.0 0.0 236.03 236.03 236.03 236.04 236.04 322.04 322.04 0.02 275.04 275.04 275.04 275.04 39.04 8.04 8.04 8.04 8.04 8.04 158.04 158.04 0.02 158.03 158.03 158.03 158.04 158.04 158.04 50.03 50.03 50.03 0.02 50.04 50.04 240.04 240.04 240.04 240.04 67.04 67.04 67.04 67.03 67.03 201.03 201.03 201.03 0.02 343.04 343.04 343.04 343.04 343.03 234.03 234.03 0.02 234.04 234.04 234.04 174.04 174.04 174.04 174.04 174.04 174.04 174.04 304.04 0.02 0.02 311.03 311.03 293.03
0.0 0.0 0.0 0.0 0.0 0.0 0.0 236.03 236.03 236.03 236.03 0.02 236.04 322.04 322.04 275.04 275.04 39.04 39.04 39.03 39.04 8.04 8.04 8.04 158.03 158.03 158.03 158.03 158.04 158.03 158.04 158.04 158.04 0.02 50.04 50.03 50.03 50.04 50.04 50.04 240.04 0.02 0.05 67.04 0.02 67.04 67.04 67.04 67.04 0.02 201.03 343.03 343.04 343.04 343.04 343.04 343.03 343.03 207.03 207.03 234.04 234.04 234.04 174.04 174.04 174.04 174.04 174.04 174.04 174.04 174.04 0.02 0.02 329.03 311.03 270.03 270.03
0.0 0.0 0.0 0.0 0.0 0.0 0.0 0.0 236.03 236.03 236.03 236.03 236.04 322.04 322.04 39.04 39.04 39.04 39.03 0.02 0.02 39.04 8.04 8.03 0.02 158.03 158.03 158.04 158.04 158.04 158.04 158.04 158.04 158.04 50.03 50.04 50.04 0.05 0.05 0.05 0.05 240.04 0.05 67.04 67.04 67.04 67.04 67.04 67.04 67.04 67.04 343.03 343.04 343.04 343.03 343.03 343.03 343.03 207.03 207.03 207.04 207.04 207.04 174.04 174.04 174.04 174.04 174.04 174.04 174.04 174.04 329.04 0.02 329.03 329.03 270.03 270.03
0.0 0.0 0.0 0.0 0.0 0.0 0.0 0.0 0.0 0.0 236.04 236.04 236.04 0.02 39.04 39.04 39.04 39.04 39.04 0.08 39.03 39.04 166.04 166.03 166.03 166.03 166.03 166.03 166.04 166.04 166.04 166.04 166.04 166.04 50.03 50.03 50.03 50.03 50.03 0.05 0.05 0.05 0.05 0.05 67.04 67.03 67.04 67.04 67.04 67.04 67.04 343.04 343.04 0.02 343.03 343.03 343.03 207.03 207.03 207.04 207.04 207.04 207.04 207.04 174.04 174.04 174.04 174.04 185.04 185.03 329.04 329.04 329.03 329.03 329.03 270.03 270.03
0.0 0.0 0.0 0.0 0.0 0.0 0.0 0.0 0.0 0.0 0.0 236.04 236.04 236.04 39.04 39.04 39.04 39.03 39.04 39.04 39.03 39.03 166.03 166.03 166.03 166.03 166.03 166.03 166.03 166.04 166.04 166.04 166.04 166.03 315.04 315.03 315.04 315.03 315.03 315.04 0.02 0.05 0.05 0.05 67.04 67.03 0.02 67.04 67.04 67.04 67.04 343.04 343.04 343.04 343.04 343.03 343.03 207.03 207.03 207.04 207.04 207.04 97.04 97.04 174.04 185.04 185.04 185.04 185.03 185.03 185.03 329.04 329.03 0.02 329.03 270.03 0.02
0.0 0.0 0.0 0.0 0.0 0.0 0.0 0.0 0.0 0.0 0.0 0.0 0.0 39.04 39.04 39.04 39.03 39.04 39.04 39.04 39.03 39.03 166.03 166.03 166.03 166.03 166.03 166.03 166.03 166.04 166.04 166.04 166.04 315.03 315.04 0.02 315.04 315.04 315.04 315.04 315.04 315.04 135.04 67.04 67.04 0.02 67.04 67.04 67.04 67.04 67.04 343.04 343.04 343.04 343.04 343.04 343.04 0.02 207.04 97.04 97.04 97.04 97.04 97.04 97.04 185.04 185.04 185.04 185.04 185.03 185.03 329.03 329.03 329.03 329.03 270.03 270.03
0.0 0.0 0.0 0.0 0.0 0.0 0.0 0.0 0.0 0.0 0.0 0.0 0.0 0.0 39.04 39.04 0.0 0.0 0.0 0.0 0.0 0.0 0.0 166.03 166.03 166.03 166.03 166.03 166.03 166.04 0.02 166.04 166.04 315.04 315.04 315.04 315.04 315.04 315.04 315.04 315.04 135.04 135.04 135.04 135.04 0.02 67.04 67.04 0.02 67.04 67.04 343.04 343.04 343.04 343.04 343.04 292.04 97.04 97.03 97.03 97.04 97.04 97.04 97.04 97.04 83.04 83.04 185.04 185.04 185.04 185.04 329.03 329.03 329.03 280.03 280.03 224.03
0.0 0.0 0.0 0.0 0.0 0.0 0.0 0.0 0.0 0.0 0.0 0.0 0.0 0.0 0.0 0.0 0.0 0.0 0.0 0.0 0.0 0.0 0.0 166.03 166.03 166.03 166.03 166.03 166.03 166.03 166.04 166.04 166.04 315.03 315.04 315.04 315.04 315.04 315.04 315.04 135.04 135.04 135.03 135.04 135.04 135.04 67.04 67.04 0.02 67.04 67.04 343.04 343.04 292.04 292.04 292.04 292.04 292.04 97.03 97.03 97.03 97.03 97.03 97.04 97.04 83.04 83.04 83.04 83.04 185.04 185.04 329.03 329.03 280.03 280.03 280.03 224.03
0.0 0.0 0.0 0.0 0.0 0.0 0.0 0.0 0.0 0.0 0.0 0.0 0.0 0.0 0.0 0.0 0.0 0.0 0.0 0.0 0.0 0.0 0.0 0.0 166.03 166.03 166.03 166.03 166.03 166.03 166.03 166.03 166.03 315.03 315.04 315.04 315.04 315.04 315.04 135.04 135.04 0.02 135.03 135.04 135.04 135.04 135.04 40.04 40.03 126.03 126.04 126.04 126.04 126.04 292.04 292.04 292.04 292.04 0.02 97.03 97.03 97.03 97.03 97.03 83.03 83.04 83.04 83.04 83.04 83.04 83.03 83.03 280.03 280.03 280.03 280.03 280.03
0.0 0.0 0.0 0.0 0.0 0.0 0.0 0.0 0.0 0.0 0.0 0.0 0.0 0.0 0.0 0.0 0.0 0.0 0.0 0.0 0.0 0.0 0.0 0.0 0.05 166.03 166.03 166.03 166.03 166.03 166.03 166.03 166.03 0.02 177.04 177.04 177.04 177.04 177.04 177.04 135.04 135.03 135.03 135.03 135.03 0.01 0.01 0.02 40.03 126.03 126.03 126.04 0.02 126.04 17.04 17.04 292.04 292.04 0.02 292.03 292.03 97.03 97.03 97.03 105.03 83.04 83.04 83.04 83.04 83.04 83.03 83.03 280.03 280.03 280.03 280.03 82.03
