InputFiles/GridInputs/LU&ParcGridSob50.asc
ncols         71
nrows         102
xllcorner     -1684940.3713166039
yllcorner     3170668.0308883013
cellsize      50
[rows 0 to 44 of 102, columns 0 to 70 of 71]
0.0 0.0 0.0 0.0 0.0 0.0 0.0 0.0 0.0 0.0 0.0 0.0 0.0 0.0 0.0 598.04 598.04 677.03 677.03 0.0 0.0 0.0 0.0 0.0 0.0 0.0 0.0 0.0 0.0 0.0 0.0 0.0 0.0 0.0 0.0 0.0 0.0 0.0 0.0 0.0 0.0 0.0 0.0 0.0 0.0 0.0 0.0 0.0 0.0 0.0 0.0 0.0 0.0 0.0 0.0 0.0 0.0 0.0 0.0 0.0 0.0 0.0 0.0 0.0 0.0 0.0 0.0 0.0 0.0 0.0 0.0
0.0 0.0 0.0 0.0 0.0 0.0 0.0 0.0 0.0 0.0 0.0 0.0 772.04 772.04 772.04 598.03 598.03 677.03 677.03 0.0 0.0 0.0 0.0 0.0 0.0 0.0 0.0 0.0 0.0 0.0 0.0 0.0 0.0 0.0 0.0 0.0 0.0 0.0 0.0 0.0 0.0 0.0 0.0 0.0 0.0 0.0 0.0 0.0 0.0 0.0 0.0 0.0 0.0 0.0 0.0 0.0 0.0 0.0 0.0 0.0 0.0 0.0 0.0 0.0 0.0 0.0 0.0 0.0 0.0 0.0 0.0
0.0 0.0 0.0 0.0 0.0 0.0 0.0 0.0 0.0 0.0 0.0 772.04 772.04 772.04 772.04 598.04 598.04 677.04 666.04 0.0 0.0 0.0 0.0 0.0 0.0 0.0 0.0 0.0 0.0 0.0 0.0 0.0 0.0 0.0 0.0 0.0 0.0 0.0 0.0 0.0 0.0 0.0 0.0 0.0 0.0 0.0 0.0 0.0 0.0 0.0 0.0 0.0 0.0 0.0 0.0 0.0 0.0 0.0 0.0 0.0 0.0 0.0 0.0 0.0 0.0 0.0 0.0 0.0 0.0 0.0 0.0
0.0 0.0 0.0 0.0 0.0 0.0 0.0 0.0 0.0 0.0 0.0 355.03 355.04 772.04 172.04 172.04 291.04 291.04 666.03 465.04 607.04 0.0 0.0 0.0 0.0 0.0 0.0 0.0 0.0 0.0 0.0 0.0 0.0 0.0 0.0 0.0 0.0 0.0 0.0 0.0 0.0 0.0 0.0 0.0 0.0 0.0 0.0 0.0 0.0 0.0 0.0 0.0 0.0 0.0 0.0 0.0 0.0 0.0 0.0 0.0 0.0 0.0 0.0 0.0 0.0 0.0 0.0 0.0 0.0 0.0 0.0
0.0 0.0 0.0 0.0 0.0 0.0 0.0 0.0 0.0 0.0 0.0 355.04 355.04 355.04 172.04 172.04 291.04 745.03 745.04 607.04 607.04 326.04 326.04 0.0 0.0 0.0 0.0 0.0 0.0 0.0 0.0 0.0 0.0 0.0 0.0 0.0 0.0 0.0 0.0 0.0 0.0 0.0 0.0 0.0 0.0 0.0 0.0 0.0 0.0 0.0 0.0 0.0 0.0 0.0 0.0 0.0 0.0 0.0 0.0 0.0 0.0 0.0 0.0 0.0 0.0 0.0 0.0 0.0 0.0 0.0 0.0
0.0 0.0 0.0 0.0 0.0 0.0 0.0 0.0 0.0 0.0 355.04 355.04 355.04 355.04 355.04 172.04 396.03 745.03 745.03 399.04 326.04 326.04 326.04 326.04 267.04 0.0 685.04 685.04 685.03 685.04 685.04 685.04 0.0 0.0 0.0 0.0 0.0 0.0 0.0 0.0 0.0 0.0 0.0 0.0 0.0 0.0 0.0 0.0 0.0 0.0 0.0 0.0 0.0 0.0 0.0 0.0 0.0 0.0 0.0 0.0 0.0 0.0 0.0 0.0 0.0 0.0 0.0 0.0 0.0 0.0 0.0
0.0 0.0 0.0 0.0 0.0 0.0 0.0 0.0 0.0 0.0 606.04 355.04 355.04 355.04 280.03 396.04 396.03 192.03 192.03 399.03 399.04 326.04 326.04 267.04 267.04 267.04 685.04 685.04 685.03 685.03 685.04 0.05 600.03 600.04 0.0 0.0 0.0 0.0 0.0 0.0 0.0 0.0 0.0 0.0 0.0 0.0 0.0 0.0 0.0 0.0 0.0 0.0 0.0 0.0 0.0 0.0 0.0 0.0 0.0 0.0 0.0 0.0 0.0 0.0 0.0 0.0 0.0 0.0 0.0 0.0 0.0
0.0 0.0 0.0 0.0 0.0 0.0 0.0 0.0 0.0 0.0 606.04 370.04 370.04 280.04 280.04 280.03 396.03 491.03 241.03 637.04 560.04 722.03 267.03 267.04 267.03 267.04 267.03 667.03 685.03 685.03 685.03 685.04 600.04 600.04 0.0 0.0 0.0 0.0 0.0 0.0 0.0 0.0 0.0 0.0 0.0 0.0 0.0 0.0 0.0 0.0 0.0 0.0 0.0 0.0 0.0 0.0 0.0 0.0 0.0 0.0 0.0 0.0 0.0 0.0 0.0 0.0 0.0 0.0 0.0 0.0 0.0
0.0 0.0 0.0 0.0 0.0 0.0 0.0 0.0 0.0 0.0 606.04 370.04 370.04 264.04 264.04 226.04 226.04 163.04 241.04 651.03 560.04 722.04 267.04 267.04 267.04 704.04 704.03 667.03 667.03 667.03 667.03 117.03 117.03 600.04 600.04 0.0 0.0 0.0 0.0 0.0 0.0 0.0 0.0 0.0 0.0 0.0 0.0 0.0 0.0 0.0 0.0 0.0 0.0 0.0 0.0 0.0 0.0 0.0 0.0 0.0 0.0 0.0 0.0 0.0 0.0 0.0 0.0 0.0 0.0 0.0 0.0
0.0 0.0 0.0 0.0 0.0 0.0 0.0 0.0 0.0 0.0 571.04 571.04 356.04 264.04 264.04 771.03 547.04 547.04 163.04 651.04 651.04 609.04 392.04 392.04 502.04 704.04 650.03 667.03 667.03 667.03 470.03 117.03 117.03 117.04 774.04 774.04 0.0 0.0 0.0 0.0 0.0 0.0 0.0 0.0 0.0 0.0 0.0 0.0 0.0 0.0 0.0 0.0 0.0 0.0 0.0 0.0 0.0 0.0 0.0 0.0 0.0 0.0 0.0 0.0 0.0 0.0 0.0 0.0 0.0 0.0 0.0
0.0 0.0 0.0 0.0 0.0 0.0 0.0 0.0 0.0 0.0 635.04 297.04 356.04 356.04 379.04 379.04 547.04 58.04 58.04 58.04 520.04 162.04 737.04 502.04 704.04 650.04 650.03 667.03 667.03 470.03 470.04 117.04 117.03 117.04 774.04 774.03 523.03 523.03 0.0 0.0 0.0 0.0 0.0 0.0 0.0 0.0 0.0 0.0 0.0 0.0 0.0 0.0 0.0 0.0 0.0 0.0 0.0 0.0 0.0 0.0 0.0 0.0 0.0 0.0 0.0 0.0 0.0 0.0 0.0 0.0 0.0
0.0 0.0 0.0 0.0 0.0 0.0 0.0 0.0 0.0 476.04 476.04 476.04 356.04 576.04 576.04 220.04 220.04 58.04 58.04 520.04 520.04 162.04 162.04 502.04 704.03 650.04 650.04 650.04 557.04 250.04 250.04 250.04 290.03 290.03 452.03 452.03 523.03 523.03 0.0 0.0 0.0 0.0 0.0 0.0 0.0 0.0 0.0 0.0 0.0 0.0 0.0 0.0 0.0 0.0 0.0 0.0 0.0 0.0 0.0 0.0 0.0 0.0 0.0 0.0 0.0 0.0 0.0 0.0 0.0 0.0 0.0
0.0 0.0 0.0 0.0 0.0 0.0 0.0 0.0 461.04 476.04 476.04 476.04 1.04 1.04 576.04 576.04 56.04 56.04 584.04 520.04 520.04 419.04 645.04 645.03 159.03 159.04 159.04 557.04 557.04 250.04 227.04 227.04 290.03 290.03 452.03 523.03 523.04 523.03 96.03 0.0 0.0 0.0 0.0 0.0 0.0 0.0 0.0 0.0 0.0 0.0 0.0 0.0 0.0 0.0 0.0 0.0 0.0 0.0 0.0 0.0 0.0 0.0 0.0 0.0 0.0 0.0 0.0 0.0 0.0 0.0 0.0
0.0 0.0 0.0 0.0 0.0 0.0 0.0 0.02 461.04 713.04 713.04 24.04 24.04 1.04 1.04 56.04 56.04 56.04 584.04 308.04 419.04 419.04 645.04 645.03 550.03 550.04 488.04 557.04 557.04 425.04 227.04 227.04 290.04 75.04 75.03 92.03 96.04 96.04 96.04 659.04 0.0 0.0 0.0 0.0 0.0 0.0 0.0 0.0 0.0 0.0 0.0 0.0 0.0 0.0 0.0 0.0 0.0 0.0 0.0 0.0 0.0 0.0 0.0 0.0 0.0 0.0 0.0 0.0 0.0 0.0 0.0
0.0 0.0 0.0 0.0 0.0 0.0 0.0 0.02 461.04 461.04 137.04 0.05 344.04 63.04 63.04 511.04 80.04 0.05 0.05 687.04 665.04 665.04 645.04 91.03 91.04 415.04 415.04 209.04 209.04 425.04 425.04 481.04 493.04 391.04 391.03 92.03 96.04 96.04 440.04 659.04 0.02 0.0 0.0 0.0 0.0 0.0 0.0 0.0 0.0 0.0 0.0 0.0 0.0 0.0 0.0 0.0 0.0 0.0 0.0 0.0 0.0 0.0 0.0 0.0 0.0 0.0 0.0 0.0 0.0 0.0 0.0
0.0 0.0 0.0 0.0 0.0 0.0 0.0 0.0 461.04 461.04 137.04 344.04 344.04 344.04 284.04 284.04 80.04 80.03 0.05 687.03 665.04 665.04 712.04 91.04 91.04 363.04 363.04 209.04 209.04 710.04 710.04 481.04 481.03 486.03 486.03 768.03 768.04 440.04 440.04 659.04 659.03 304.04 304.04 186.03 186.03 628.03 628.03 628.03 628.03 0.0 0.0 0.0 0.0 0.0 0.0 0.0 0.0 0.0 0.0 0.0 0.0 0.0 0.0 0.0 0.0 0.0 0.0 0.0 0.0 0.0 0.0
0.0 0.0 0.0 0.0 0.0 0.0 0.0 0.0 705.04 705.04 705.04 108.04 386.04 386.04 284.04 284.04 620.03 15.03 15.04 216.03 72.03 350.03 712.04 599.04 670.04 670.04 234.04 234.04 209.03 710.04 710.04 86.04 86.04 278.04 486.04 768.04 768.04 440.04 440.04 659.04 659.04 304.04 304.04 186.03 186.03 628.03 628.03 628.03 628.03 0.0 0.0 0.0 0.0 0.0 0.0 0.0 0.0 0.0 0.0 0.0 0.0 0.0 0.0 0.0 0.0 0.0 0.0 0.0 0.0 0.0 0.0
0.0 0.0 0.0 0.0 0.0 0.0 568.04 568.04 705.04 705.04 705.04 108.04 108.04 386.04 244.04 620.03 620.03 15.03 15.04 382.04 472.04 350.03 712.04 599.04 431.04 376.04 10.03 234.03 53.03 53.03 38.04 38.04 38.04 585.04 585.04 144.04 387.04 387.04 551.04 204.04 423.04 423.04 0.05 541.03 314.03 314.04 628.04 628.04 238.04 238.04 0.0 0.0 0.0 0.0 0.0 0.0 0.0 0.0 0.0 0.0 0.0 0.0 0.0 0.0 0.0 0.0 0.0 0.0 0.0 0.0 0.0
0.0 0.0 0.0 0.0 0.0 0.05 568.04 568.04 50.04 50.04 418.04 108.04 108.04 244.04 244.04 638.03 69.03 621.03 281.03 281.04 382.04 0.05 599.04 35.04 431.04 376.04 376.04 180.04 53.04 53.04 373.04 373.04 373.03 585.03 429.04 144.04 656.04 656.03 204.03 204.03 319.04 319.04 0.05 483.04 314.04 314.04 54.03 238.04 238.04 238.04 467.04 0.0 0.0 0.0 0.0 0.0 0.0 0.0 0.0 0.0 0.0 0.0 0.0 0.0 0.0 0.0 0.0 0.0 0.0 0.0 0.0
0.0 0.0 0.0 0.0 277.04 277.04 277.04 568.04 50.04 50.04 418.04 418.04 554.04 554.04 638.04 638.04 593.04 621.04 621.04 621.04 196.04 196.04 196.04 35.04 35.04 420.04 420.03 726.04 73.04 101.04 373.04 373.04 373.03 453.03 429.03 429.03 144.03 656.03 742.03 742.04 0.03 139.04 483.04 283.04 314.03 314.04 54.03 583.03 583.04 467.04 467.04 0.05 0.0 0.0 0.0 0.0 0.0 0.0 0.0 0.0 0.0 0.0 0.0 0.0 0.0 0.0 0.0 0.0 0.0 0.0 0.0
0.0 0.0 0.0 325.04 325.04 277.04 660.04 660.04 50.04 165.04 165.04 165.04 300.04 300.04 81.04 593.04 593.04 593.04 74.04 74.04 74.04 196.03 196.03 251.04 35.03 420.03 296.04 296.04 101.04 101.04 101.04 60.04 200.03 200.03 198.03 711.03 711.04 608.04 397.04 397.03 139.03 139.03 0.05 124.04 366.04 366.03 54.04 583.04 583.04 0.04 467.04 739.04 739.04 0.0 0.0 0.0 0.0 0.0 0.0 0.0 0.0 0.0 0.0 0.0 0.0 0.0 0.0 0.0 0.0 0.0 0.0
0.0 0.0 48.04 325.04 325.04 83.04 660.04 271.04 271.04 165.04 165.04 165.04 81.04 81.04 81.04 89.04 89.04 593.04 74.04 336.04 336.04 757.03 99.03 251.04 146.03 146.03 769.04 276.04 0.05 101.04 60.04 60.03 60.03 200.03 198.03 711.04 711.04 608.04 608.03 526.03 717.03 717.03 124.04 124.04 20.04 760.03 36.04 36.04 131.04 0.04 739.04 739.04 739.04 739.04 0.0 0.0 0.0 0.0 0.0 0.0 0.0 0.0 0.0 0.0 0.0 0.0 0.0 0.0 0.0 0.0 0.0
0.0 0.0 48.04 48.04 83.03 83.04 41.04 271.03 271.04 422.04 422.04 437.04 411.04 411.04 89.04 89.04 0.05 693.04 512.04 336.03 336.03 641.03 99.04 99.04 548.03 146.03 769.04 276.04 276.04 262.04 262.03 60.04 306.03 306.03 680.03 680.04 123.03 608.04 608.04 526.03 717.03 717.03 717.04 20.03 20.04 760.03 36.03 36.04 368.04 0.04 155.04 739.04 739.03 203.04 203.04 100.04 0.0 0.0 0.0 0.0 0.0 0.0 0.0 0.0 0.0 0.0 0.0 0.0 0.0 0.0 0.0
0.0 48.04 48.04 48.04 514.04 0.05 41.04 41.04 422.04 422.04 422.04 134.04 437.04 119.04 119.04 693.04 693.04 693.04 512.04 512.04 0.01 641.03 641.03 591.04 548.04 566.04 436.04 436.04 262.03 0.05 0.05 60.04 306.04 306.03 0.02 123.04 123.04 0.05 526.03 526.03 532.03 532.04 532.03 20.04 67.04 67.04 468.04 468.04 368.03 34.04 34.04 155.04 203.04 203.04 100.04 100.04 310.04 310.04 310.04 310.04 0.0 0.0 0.0 0.0 0.0 0.0 0.0 0.0 0.0 0.0 0.0
0.0 0.05 48.04 514.04 514.04 402.04 402.03 41.04 422.04 422.04 422.04 134.04 134.04 119.04 119.03 693.03 693.04 693.03 394.03 190.04 0.01 330.04 591.03 591.03 591.04 436.04 436.04 436.04 262.04 262.04 279.04 279.04 306.04 450.04 450.03 0.02 195.04 195.04 492.04 678.03 678.03 678.03 532.03 67.03 67.03 67.04 143.04 468.04 107.04 34.04 34.04 460.04 509.04 509.04 409.04 409.04 409.04 310.04 310.04 310.04 0.0 0.0 0.0 0.0 0.0 0.0 0.0 0.0 0.0 0.0 0.0
0.0 245.04 245.04 673.04 673.04 307.04 697.04 697.04 697.04 564.04 564.04 369.04 421.04 487.03 487.03 0.02 588.04 588.04 394.04 293.03 293.03 330.04 484.03 591.03 343.03 436.04 436.04 214.03 214.04 0.02 279.04 279.04 473.04 450.04 0.02 195.03 195.03 492.04 492.04 678.03 678.03 0.01 93.03 93.03 345.03 357.04 143.04 143.04 107.04 460.04 460.04 460.04 509.04 509.04 509.04 199.04 199.04 310.04 310.04 0.0 0.0 0.0 0.0 0.0 0.0 0.0 0.0 0.0 0.0 0.0 0.0
0.0 245.04 245.04 673.04 307.04 307.04 697.04 697.04 457.04 564.04 351.04 369.04 173.04 487.03 510.03 0.05 416.04 274.04 332.04 474.04 474.04 341.03 484.03 484.03 343.04 343.04 433.04 214.03 214.03 247.04 71.04 249.04 473.04 473.04 563.04 563.04 0.05 19.04 492.03 295.03 93.03 93.03 0.01 0.01 345.03 357.04 357.03 143.04 657.04 460.04 460.04 460.04 508.04 313.04 210.04 199.04 0.02 594.04 594.04 570.04 570.04 0.0 0.0 0.0 0.0 0.0 0.0 0.0 0.0 0.0 0.0
497.04 497.04 286.04 213.04 106.04 106.04 721.04 457.04 457.04 247.04 369.04 173.04 173.04 510.04 510.03 0.02 0.05 332.04 332.04 474.04 474.04 341.04 361.04 484.04 343.04 343.04 433.04 433.04 247.03 247.04 71.04 5.04 473.04 563.04 563.04 563.04 374.04 273.04 295.04 295.04 93.03 93.03 93.03 345.03 345.03 357.03 357.03 357.04 657.04 657.04 657.04 508.04 508.04 313.03 313.04 629.04 594.04 594.04 594.04 0.05 570.04 570.03 0.0 0.0 0.0 0.0 0.0 0.0 0.0 0.0 0.0
497.04 497.04 4.04 4.04 4.04 721.04 721.04 0.05 247.04 247.04 709.04 709.04 0.05 597.04 510.03 773.04 773.04 174.04 332.04 455.04 0.05 361.04 361.04 361.04 2.04 2.04 640.04 451.03 141.04 141.04 5.04 5.04 435.03 0.02 563.04 489.04 489.04 273.04 273.04 85.03 85.03 93.03 0.01 345.03 0.01 0.02 0.03 0.04 686.04 657.04 657.04 508.04 508.04 508.03 324.04 324.04 594.04 594.04 0.05 570.04 570.03 0.0 0.0 0.0 0.0 0.0 0.0 0.0 0.0 0.0 0.0
497.04 497.04 289.04 289.04 150.04 150.04 721.04 30.04 30.04 709.04 709.04 0.05 506.04 597.04 597.04 174.04 174.04 0.05 455.04 455.04 646.04 646.04 188.04 188.04 2.04 2.03 640.04 103.04 103.04 103.04 5.04 79.04 178.04 178.04 505.04 489.04 489.04 118.04 118.03 85.03 85.03 0.01 0.01 0.01 0.01 84.03 0.03 686.04 686.04 686.04 87.04 87.04 87.04 635.04 495.04 324.04 594.04 594.04 570.04 570.04 570.04 0.0 0.0 0.0 0.0 0.0 0.0 0.0 0.0 0.0 0.0
497.04 497.04 289.04 0.02 150.04 150.04 150.04 30.04 30.04 30.04 327.04 506.04 506.04 506.04 725.04 174.04 0.05 438.04 438.04 11.04 646.04 646.04 188.04 188.04 681.04 121.04 225.04 0.05 103.04 103.04 79.04 79.04 79.04 505.04 505.04 505.04 489.04 118.04 118.04 85.03 65.03 0.01 0.01 0.01 84.03 84.03 84.03 686.03 686.03 686.04 604.04 87.04 0.05 322.04 495.03 495.04 567.04 567.04 626.04 570.04 0.05 0.0 0.0 0.0 0.0 0.0 0.0 0.0 0.0 0.0 0.0
0.0 0.0 0.0 0.0 0.0 0.0 170.04 170.04 170.04 185.04 327.04 255.04 255.04 725.04 725.04 0.05 438.04 438.04 438.04 714.04 550.04 8.03 8.04 188.04 681.04 681.04 225.04 676.04 676.04 471.04 614.04 614.03 79.04 505.04 505.04 505.04 662.04 662.04 662.03 65.03 761.03 0.01 0.01 0.01 0.01 578.03 578.03 686.03 686.04 604.04 604.04 604.04 645.04 645.04 0.02 494.04 494.04 567.04 626.04 626.04 626.04 0.0 0.0 0.0 0.0 0.0 0.0 0.0 0.0 0.0 0.0
0.0 0.0 0.0 0.0 0.0 0.0 0.0 170.04 170.04 185.04 185.04 317.04 417.04 725.03 217.04 217.04 703.03 703.04 703.03 714.04 550.04 550.03 8.03 395.04 395.04 681.04 66.04 676.04 471.04 471.04 614.04 614.04 644.04 644.04 644.03 340.04 0.02 530.04 152.03 152.03 0.01 0.01 0.01 0.01 0.01 578.03 672.03 672.03 536.04 604.04 604.04 723.04 120.04 753.04 753.04 494.04 161.04 161.04 567.04 626.04 626.04 0.0 0.0 0.0 0.0 0.0 0.0 0.0 0.0 0.0 0.0
0.0 0.0 0.0 0.0 0.0 0.0 0.0 0.0 0.0 185.04 480.04 480.04 480.04 157.03 553.03 0.01 0.02 703.03 703.04 389.04 389.04 389.03 574.03 574.04 580.03 66.03 66.03 66.04 471.04 471.04 614.04 614.04 644.04 644.04 132.04 132.04 340.04 530.04 530.03 334.03 0.08 0.01 0.01 0.01 0.01 672.04 672.04 672.04 536.04 536.04 536.04 723.04 0.08 43.03 703.04 652.04 161.04 161.04 513.04 513.04 0.05 0.05 0.0 0.0 0.0 0.0 0.0 0.0 0.0 0.0 0.0
0.0 0.0 0.0 0.0 0.0 0.0 0.0 0.0 0.0 0.0 0.0 480.04 157.04 42.04 553.03 0.01 746.03 703.03 516.04 389.04 389.04 6.04 6.03 574.04 580.04 610.04 610.04 66.04 471.04 59.04 59.04 477.04 644.04 0.05 132.04 132.04 132.03 530.03 334.03 0.08 0.08 0.01 0.01 688.03 0.01 0.01 672.04 175.04 536.04 536.04 536.04 0.08 43.04 43.03 703.04 0.05 652.04 655.04 655.04 513.04 0.05 0.05 218.04 218.04 0.0 0.0 0.0 0.0 0.0 0.0 0.0
0.0 0.0 0.0 0.0 0.0 0.0 0.0 0.0 0.0 0.0 0.0 0.0 42.03 252.04 252.03 746.03 746.03 516.03 516.04 516.04 230.04 6.04 6.04 6.04 610.04 610.04 610.04 610.03 393.04 393.04 59.04 477.04 759.04 759.04 132.04 132.04 758.03 0.01 0.01 0.01 0.01 221.03 219.03 219.03 0.01 0.01 175.04 175.04 622.04 622.03 622.04 206.04 590.04 590.03 78.04 14.03 655.04 655.04 655.04 655.04 218.03 218.03 218.04 176.04 176.04 0.0 0.0 0.0 0.0 0.0 0.0
0.0 0.0 0.0 0.0 0.0 0.0 0.0 0.0 0.0 0.0 0.0 0.0 0.0 252.04 62.03 444.03 746.03 364.03 364.03 331.04 331.04 720.04 720.04 720.04 679.04 679.04 679.04 151.03 151.03 393.04 393.04 759.04 759.03 759.03 758.03 758.03 758.03 0.01 0.01 0.01 0.01 501.03 501.03 219.03 0.01 482.03 482.03 482.04 622.03 622.03 622.04 206.04 206.04 12.04 14.03 14.04 14.04 655.04 655.04 655.04 197.04 197.04 176.04 176.04 229.04 229.04 0.0 0.0 0.0 0.0 0.0
0.0 0.0 0.0 0.0 0.0 0.0 0.0 0.0 0.0 0.0 0.0 0.0 0.0 0.0 0.0 0.0 105.04 105.04 364.04 432.03 331.04 675.04 675.04 265.04 730.04 679.04 679.03 57.03 151.04 151.04 375.04 759.04 529.04 759.03 698.03 758.03 758.03 758.03 0.01 0.01 0.01 501.03 469.03 469.03 464.03 482.03 482.03 482.03 602.04 602.04 602.04 206.04 699.03 12.04 14.04 14.04 191.04 561.04 223.04 223.04 197.04 197.04 338.04 176.04 229.04 229.04 111.04 0.0 0.0 0.0 0.0
0.0 0.0 0.0 0.0 0.0 0.0 0.0 0.0 0.0 0.0 0.0 0.0 0.0 0.0 0.0 0.0 105.04 105.04 105.04 432.04 696.04 675.04 265.04 730.04 730.03 23.03 23.03 57.03 57.04 375.04 202.04 202.04 529.04 529.03 698.03 698.03 758.03 758.03 102.04 0.01 135.03 0.02 469.03 464.03 464.03 171.03 482.03 482.04 602.03 602.03 602.04 699.04 699.04 699.04 26.04 26.04 191.04 561.04 561.04 223.04 223.04 439.04 316.04 316.04 239.04 111.04 111.04 0.02 0.0 0.0 0.0
0.0 0.0 0.0 0.0 0.0 0.0 0.0 0.0 0.0 0.0 0.0 0.0 0.0 0.0 0.0 0.0 0.0 105.04 105.04 169.04 696.04 696.03 696.03 730.03 730.04 23.04 23.03 496.03 57.03 202.04 202.04 202.03 529.03 303.03 698.03 698.03 287.03 102.03 647.03 647.03 135.03 135.03 135.03 464.03 171.03 171.03 171.04 44.04 44.04 44.03 215.04 617.04 617.04 522.04 522.04 26.04 191.04 561.04 561.04 211.04 211.04 439.04 732.04 732.04 239.04 111.04 111.04 111.04 111.04 0.0 0.0
0.0 0.0 0.0 0.0 0.0 0.0 0.0 0.0 0.0 0.0 0.0 0.0 0.0 0.0 0.0 0.0 0.0 105.04 169.04 169.04 68.04 696.03 33.03 33.03 228.03 193.04 193.03 404.04 404.04 202.04 202.03 282.03 282.03 282.03 303.03 0.02 287.03 102.04 647.04 647.03 189.03 189.03 639.03 639.03 430.04 430.04 430.04 0.05 44.04 44.04 215.04 617.04 617.04 762.04 762.04 762.04 47.04 201.04 0.05 0.05 211.04 732.04 732.04 732.04 732.04 611.04 611.04 611.04 611.04 0.12 0.0
0.0 0.0 0.0 0.0 0.0 0.0 0.0 0.0 0.0 0.0 0.0 0.0 0.0 0.0 0.0 0.0 0.0 169.04 169.04 68.04 68.04 33.04 33.03 33.03 228.04 228.03 312.04 462.03 462.04 321.04 441.03 441.04 282.04 282.03 519.03 0.01 287.03 0.01 647.04 647.03 700.04 700.03 639.03 0.05 430.04 430.03 430.03 77.04 77.04 77.04 269.04 269.04 403.04 403.04 762.04 762.04 47.04 643.04 636.04 365.03 735.04 18.04 18.04 732.03 732.04 611.04 611.04 611.04 0.12 0.12 611.04
0.0 0.0 0.0 0.0 0.0 0.0 0.0 0.0 0.0 0.0 0.0 0.0 0.0 0.0 0.0 0.0 0.0 358.04 531.04 531.04 531.04 0.05 33.03 242.03 88.03 88.03 312.03 321.03 321.04 321.04 441.04 441.04 231.03 747.03 0.01 0.01 40.03 682.04 682.04 533.03 533.04 700.03 639.04 130.04 430.04 430.04 77.04 77.04 77.04 77.04 269.04 269.04 168.04 403.04 112.04 112.04 445.04 445.04 445.04 365.03 18.04 18.04 18.04 733.03 611.04 611.04 0.12 0.12 0.12 611.04 611.03
0.0 0.0 0.0 0.0 0.0 0.0 0.0 0.0 0.0 0.0 0.0 0.0 0.0 0.0 0.0 0.0 0.0 358.04 358.04 531.04 194.03 194.03 242.03 242.03 110.03 88.03 275.04 275.04 546.04 754.04 754.04 140.04 231.03 747.03 747.03 535.03 40.03 569.04 569.04 533.03 25.04 25.04 130.04 130.04 619.04 619.03 77.04 77.04 77.04 661.04 661.04 661.04 168.04 168.04 112.04 112.03 385.03 445.03 445.04 156.04 156.04 156.04 733.03 733.04 733.04 611.04 0.12 0.12 611.04 611.04 611.04
0.0 0.0 0.0 0.0 0.0 0.0 0.0 0.0 0.0 0.0 0.0 0.0 0.0 0.0 0.0 0.0 0.02 125.04 358.04 2.04 194.03 194.03 110.03 110.03 110.03 110.04 240.04 275.04 546.04 504.04 754.04 95.04 663.03 663.04 237.03 237.03 562.03 569.04 569.04 569.03 25.03 25.03 130.03 619.04 619.04 619.03 388.04 258.04 258.04 258.04 661.04 661.03 168.04 168.03 112.03 385.03 372.03 372.04 372.04 156.04 156.04 413.04 413.04 733.04 0.12 0.12 0.12 0.0 0.0 0.0 0.0
