InputFiles/GridInputs/LU&ParcGridDiohine30.asc
ncols         205
nrows         224
xllcorner     -1693877.958766256
yllcorner     3174597.0031306315
dx            30.035184769534574
dy            30.036278548958112
[rows 192 to 223 of 224, columns 72 to 143 of 205]
2317.04 2317.04 2317.04 2317.03 1404.03 1404.03 1728.04 1728.04 1728.04 1728.04 1728.04 1728.04 95.04 95.04 95.04 1504.04 1504.04 1504.04 675.04 0.02 906.04 906.04 906.04 2072.04 2072.04 2072.04 1042.04 1377.04 1377.04 631.04 631.04 631.04 631.04 1124.04 1124.04 1124.03 1124.03 1124.03 1144.03 1144.04 1144.04 111.03 111.04 111.04 111.04 0.05 1996.04 1996.04 1996.04 1996.04 0.13 0.0 0.0 0.0 0.0 0.0 0.0 0.0 0.0 0.0 0.0 0.0 0.0 0.0 0.0 0.0 0.0 0.0 0.0 0.0 0.0 0.0
2317.04 2317.04 2317.04 2317.04 1963.03 1963.03 1728.04 1728.04 1728.04 1728.04 1728.04 1981.04 147.04 147.03 95.04 1504.04 0.02 675.03 675.04 675.04 906.04 906.04 906.04 2072.04 2072.03 2054.03 1042.03 1042.04 2004.04 631.04 631.04 631.04 631.04 1888.04 1124.03 1124.03 1124.03 180.03 180.03 1144.04 1144.03 374.03 374.04 374.04 374.04 374.04 1996.03 1996.04 1996.04 1996.04 0.13 0.0 0.0 0.0 0.0 0.0 0.0 0.0 0.0 0.0 0.0 0.0 0.0 0.0 0.0 0.0 0.0 0.0 0.0 0.0 0.0 0.0
2317.04 2317.04 2317.04 996.03 1963.03 1963.03 1963.04 1728.04 1728.04 1981.04 1981.04 1981.04 147.04 147.03 147.04 147.04 0.02 675.04 675.04 675.04 0.05 906.04 1638.04 1638.04 1638.03 2054.04 1042.04 1042.04 2004.04 2004.04 631.04 631.04 1888.03 1888.03 1888.04 66.03 66.03 180.03 180.03 180.03 1805.03 1805.03 374.04 374.04 374.04 374.03 1996.03 1996.04 1996.04 1996.04 0.0 0.0 0.0 0.0 0.0 0.0 0.0 0.0 0.0 0.0 0.0 0.0 0.0 0.0 0.0 0.0 0.0 0.0 0.0 0.0 0.0 0.0
673.04 673.04 673.04 996.03 1963.04 1963.04 0.02 2407.04 2407.04 1981.04 1981.04 1981.04 147.04 147.03 147.04 1428.04 0.02 675.04 675.04 675.04 675.04 428.04 428.04 0.05 0.02 2054.04 1042.04 2004.04 2004.04 2004.04 1544.04 1888.04 1888.03 1888.03 1839.04 66.04 66.03 180.03 180.03 180.03 1805.03 1805.04 1805.04 116.04 116.04 116.03 116.03 1996.03 1996.03 0.0 0.0 0.0 0.0 0.0 0.0 0.0 0.0 0.0 0.0 0.0 0.0 0.0 0.0 0.0 0.0 0.0 0.0 0.0 0.0 0.0 0.0 0.0
2354.04 673.04 996.04 996.04 996.03 1963.04 0.02 2407.04 2407.04 2407.04 1981.04 147.04 147.03 331.04 331.04 1428.04 1428.03 1428.04 675.04 295.04 295.04 927.04 927.04 428.03 428.03 2054.03 2226.04 0.02 2226.04 2226.04 1544.04 1544.04 1888.04 1888.04 1839.04 1839.04 66.03 66.03 180.03 180.03 116.03 116.04 116.04 116.04 116.04 116.03 116.03 116.03 0.0 0.0 0.0 0.0 0.0 0.0 0.0 0.0 0.0 0.0 0.0 0.0 0.0 0.0 0.0 0.0 0.0 0.0 0.0 0.0 0.0 0.0 0.0 0.0
2354.04 2354.04 996.04 996.04 996.04 1963.04 1963.04 2407.04 2407.03 2407.04 2407.04 331.04 331.04 331.04 331.04 1428.04 1428.04 1428.04 295.04 0.08 0.02 927.03 927.04 927.03 927.03 1602.04 2226.03 2226.04 0.05 2226.03 1544.03 1544.04 1544.04 1839.04 1839.04 1839.04 190.04 0.02 180.03 116.03 116.03 116.04 116.04 116.03 116.04 116.03 116.03 0.0 0.0 0.0 0.0 0.0 0.0 0.0 0.0 0.0 0.0 0.0 0.0 0.0 0.0 0.0 0.0 0.0 0.0 0.0 0.0 0.0 0.0 0.0 0.0 0.0
2354.04 2354.04 723.04 723.04 723.04 723.04 1963.04 1694.03 1694.03 0.05 1694.04 331.04 331.04 331.04 331.04 1428.04 1428.04 1428.04 295.04 295.04 295.03 295.03 927.04 927.04 1602.04 1602.04 1602.04 2226.03 2226.03 1544.03 1544.03 1544.04 1544.04 1065.04 190.04 190.04 190.04 190.04 190.04 116.04 116.04 116.04 116.04 1944.04 1944.04 116.03 0.0 0.0 0.0 0.0 0.0 0.0 0.0 0.0 0.0 0.0 0.0 0.0 0.0 0.0 0.0 0.0 0.0 0.0 0.0 0.0 0.0 0.0 0.0 0.0 0.0 0.0
2354.03 1491.04 1491.04 723.04 723.04 723.04 1694.04 1694.04 0.05 1694.04 0.05 2029.04 331.04 331.04 331.04 1428.04 1428.04 1428.04 295.04 295.03 295.03 295.04 927.04 1602.04 1602.04 1602.04 2163.04 2163.03 1100.03 1100.03 1544.03 1544.03 1065.03 1065.04 190.04 190.04 190.04 190.04 190.04 1944.04 1944.04 1944.04 1944.04 1944.04 0.13 0.0 0.0 0.0 0.0 0.0 0.0 0.0 0.0 0.0 0.0 0.0 0.0 0.0 0.0 0.0 0.0 0.0 0.0 0.0 0.0 0.0 0.0 0.0 0.0 0.0 0.0 0.0
1491.04 1491.04 1491.04 723.04 723.04 1062.04 1062.04 1694.03 1694.03 2029.04 2029.03 0.05 231.04 231.04 231.04 231.04 1428.04 1428.04 2090.04 2090.04 2090.04 2090.04 1602.04 1602.04 1602.04 2163.03 2163.03 2163.03 1100.04 1100.04 1100.04 1065.03 1065.04 1065.04 1065.04 190.04 190.04 190.04 190.04 368.04 1944.04 1944.04 1944.04 1944.04 0.0 0.0 0.0 0.0 0.0 0.0 0.0 0.0 0.0 0.0 0.0 0.0 0.0 0.0 0.0 0.0 0.0 0.0 0.0 0.0 0.0 0.0 0.0 0.0 0.0 0.0 0.0 0.0
2287.04 1491.04 1491.04 0.02 1062.04 1062.04 1062.04 1062.03 2029.04 2029.04 2029.03 2029.03 231.04 231.03 231.03 0.02 2467.04 2090.04 2090.04 0.05 2090.04 2090.04 59.04 1602.04 2163.04 2163.03 2163.04 2163.04 1100.04 1100.04 26.04 2252.04 1065.04 1065.04 1065.04 190.04 190.04 190.04 368.04 368.04 368.04 368.04 1944.04 0.0 0.0 0.0 0.0 0.0 0.0 0.0 0.0 0.0 0.0 0.0 0.0 0.0 0.0 0.0 0.0 0.0 0.0 0.0 0.0 0.0 0.0 0.0 0.0 0.0 0.0 0.0 0.0 0.0
2287.04 2287.04 1491.04 1491.04 1062.04 1062.04 1062.04 1998.04 1998.04 1998.04 2029.04 1856.04 1856.04 231.03 2467.04 2467.04 2467.04 2467.04 2090.04 59.04 59.04 0.05 59.04 2163.04 2163.04 2163.04 2163.04 1100.04 1100.04 26.04 26.04 2252.04 2252.04 950.04 950.04 950.04 950.04 950.04 368.04 368.04 368.04 368.04 368.04 0.0 0.0 0.0 0.0 0.0 0.0 0.0 0.0 0.0 0.0 0.0 0.0 0.0 0.0 0.0 0.0 0.0 0.0 0.0 0.0 0.0 0.0 0.0 0.0 0.0 0.0 0.0 0.0 0.0
2287.04 2287.04 420.04 1062.04 1062.03 1062.04 108.04 1998.04 1998.04 1998.04 1856.04 1856.04 1856.04 1856.03 1927.04 2467.04 2467.04 1199.04 1199.04 1199.04 0.05 0.05 59.04 2227.04 2163.04 2163.04 2163.04 1100.04 26.04 26.04 2252.04 2252.04 356.04 950.04 950.04 950.04 950.04 2170.04 2010.03 368.04 368.04 368.04 368.04 0.0 0.0 0.0 0.0 0.0 0.0 0.0 0.0 0.0 0.0 0.0 0.0 0.0 0.0 0.0 0.0 0.0 0.0 0.0 0.0 0.0 0.0 0.0 0.0 0.0 0.0 0.0 0.0 0.0
420.04 420.04 420.04 420.04 108.04 108.04 108.04 108.04 1998.04 1998.04 1856.04 1856.04 1856.03 427.03 427.04 1927.04 1927.03 0.05 0.05 0.05 0.05 897.04 897.04 2227.04 2227.04 1743.04 1743.04 26.04 26.04 2252.04 2252.04 2252.04 356.04 356.04 950.04 950.04 2170.03 2170.03 2010.03 2010.04 368.04 368.04 0.0 0.0 0.0 0.0 0.0 0.0 0.0 0.0 0.0 0.0 0.0 0.0 0.0 0.0 0.0 0.0 0.0 0.0 0.0 0.0 0.0 0.0 0.0 0.0 0.0 0.0 0.0 0.0 0.0 0.0
420.04 420.04 420.04 108.04 108.04 108.03 108.03 1362.04 1362.04 1362.04 1331.03 1331.03 1331.03 427.04 427.04 427.04 427.03 1199.03 0.05 0.05 1199.04 897.04 897.04 2227.04 2227.04 1743.04 1743.04 1743.03 2252.04 2252.04 2252.04 356.04 356.04 356.04 447.04 447.03 2170.03 2170.03 2010.04 2010.04 2010.04 368.04 0.0 0.0 0.0 0.0 0.0 0.0 0.0 0.0 0.0 0.0 0.0 0.0 0.0 0.0 0.0 0.0 0.0 0.0 0.0 0.0 0.0 0.0 0.0 0.0 0.0 0.0 0.0 0.0 0.0 0.0
1058.04 1058.03 420.04 108.04 108.03 108.03 1362.03 1362.04 1362.04 1362.04 1331.03 1331.03 1331.04 1331.04 51.04 427.04 0.02 1199.04 1199.04 1199.03 897.04 897.04 897.04 2227.04 2227.04 1743.04 1743.04 1743.03 0.08 560.04 2252.04 356.04 356.04 447.04 447.04 447.04 2170.03 2010.03 0.05 2010.04 2010.04 2010.04 0.0 0.0 0.0 0.0 0.0 0.0 0.0 0.0 0.0 0.0 0.0 0.0 0.0 0.0 0.0 0.0 0.0 0.0 0.0 0.0 0.0 0.0 0.0 0.0 0.0 0.0 0.0 0.0 0.0 0.0
1058.04 1082.04 1082.04 1082.04 1362.04 1362.03 1362.03 1362.04 1362.04 1362.04 2127.04 1331.04 1331.04 51.04 51.04 497.04 497.04 497.04 1199.03 867.03 897.03 897.04 897.04 2227.04 2227.03 1743.03 1743.04 0.02 560.03 0.08 560.04 560.04 356.04 945.04 945.04 945.04 945.03 2170.03 0.08 0.08 0.0 0.0 0.0 0.0 0.0 0.0 0.0 0.0 0.0 0.0 0.0 0.0 0.0 0.0 0.0 0.0 0.0 0.0 0.0 0.0 0.0 0.0 0.0 0.0 0.0 0.0 0.0 0.0 0.0 0.0 0.0 0.0
1082.04 1082.04 1082.04 1082.04 1082.04 0.08 1362.03 1362.04 1362.04 2127.04 2127.04 2127.04 2127.04 51.04 51.04 497.04 497.04 497.03 867.03 867.03 867.03 94.03 94.03 94.04 94.03 1743.04 1743.04 1028.04 560.04 560.04 560.03 560.04 945.04 945.04 945.04 945.03 945.03 0.0 0.0 0.0 0.0 0.0 0.0 0.0 0.0 0.0 0.0 0.0 0.0 0.0 0.0 0.0 0.0 0.0 0.0 0.0 0.0 0.0 0.0 0.0 0.0 0.0 0.0 0.0 0.0 0.0 0.0 0.0 0.0 0.0 0.0 0.0
1845.04 1082.04 1082.04 1082.04 0.08 0.08 1724.04 1362.04 1362.04 2127.04 2127.04 2127.04 2127.04 51.04 51.04 497.04 497.04 867.03 867.03 867.03 867.03 94.03 94.03 94.03 94.03 731.04 1028.03 1028.04 560.04 560.04 560.03 560.03 1605.04 945.03 945.03 945.03 0.0 0.0 0.0 0.0 0.0 0.0 0.0 0.0 0.0 0.0 0.0 0.0 0.0 0.0 0.0 0.0 0.0 0.0 0.0 0.0 0.0 0.0 0.0 0.0 0.0 0.0 0.0 0.0 0.0 0.0 0.0 0.0 0.0 0.0 0.0 0.0
1845.04 1082.04 1082.04 1082.04 1724.04 1724.04 1724.04 1724.04 2127.04 2127.04 2127.04 2127.04 2127.04 2127.04 2253.04 2253.04 2253.04 867.03 867.03 867.03 867.03 94.03 94.03 94.04 0.08 0.02 731.04 1028.04 1028.04 560.04 560.04 1605.04 1605.04 1605.03 1806.03 945.03 0.0 0.0 0.0 0.0 0.0 0.0 0.0 0.0 0.0 0.0 0.0 0.0 0.0 0.0 0.0 0.0 0.0 0.0 0.0 0.0 0.0 0.0 0.0 0.0 0.0 0.0 0.0 0.0 0.0 0.0 0.0 0.0 0.0 0.0 0.0 0.0
624.04 1082.04 0.08 1724.04 1724.04 1724.04 1724.04 1724.04 2127.04 2127.04 2127.04 2127.04 2127.04 2253.04 2253.04 0.05 0.05 2253.04 867.04 867.04 867.04 94.03 94.03 494.04 494.04 731.04 731.04 731.04 1947.04 1947.04 1605.04 1605.04 1605.04 1806.03 1806.04 1806.03 1806.03 0.0 0.0 0.0 0.0 0.0 0.0 0.0 0.0 0.0 0.0 0.0 0.0 0.0 0.0 0.0 0.0 0.0 0.0 0.0 0.0 0.0 0.0 0.0 0.0 0.0 0.0 0.0 0.0 0.0 0.0 0.0 0.0 0.0 0.0 0.0
624.04 624.04 919.04 919.04 1724.04 1724.04 1724.04 1724.04 1724.04 2127.04 2127.04 2127.04 2253.04 2253.04 2253.04 2253.04 2253.04 2253.04 1675.04 1675.04 1675.04 1675.03 494.03 494.03 494.04 494.04 731.04 1947.04 1947.04 2036.04 2036.04 1605.04 1605.03 1806.03 1806.03 1806.03 0.05 0.05 0.0 0.0 0.0 0.0 0.0 0.0 0.0 0.0 0.0 0.0 0.0 0.0 0.0 0.0 0.0 0.0 0.0 0.0 0.0 0.0 0.0 0.0 0.0 0.0 0.0 0.0 0.0 0.0 0.0 0.0 0.0 0.0 0.0 0.0
624.04 919.04 919.04 919.04 919.04 919.04 919.04 1724.04 1724.04 2127.04 2127.03 2127.04 2253.04 2253.04 2253.04 2253.04 2253.04 2253.04 1675.04 1675.04 1675.04 0.08 0.08 494.04 494.04 494.04 1947.04 1947.04 1947.04 2036.04 2036.04 2036.04 1605.03 1806.03 1806.04 1806.04 1806.04 0.05 0.0 0.0 0.0 0.0 0.0 0.0 0.0 0.0 0.0 0.0 0.0 0.0 0.0 0.0 0.0 0.0 0.0 0.0 0.0 0.0 0.0 0.0 0.0 0.0 0.0 0.0 0.0 0.0 0.0 0.0 0.0 0.0 0.0 0.0
0.0 0.0 0.0 0.0 0.0 919.04 919.04 919.04 919.04 2127.04 2127.04 2253.04 2253.04 2253.04 2253.04 2253.04 2253.04 2439.04 2439.04 1675.04 1675.03 1675.03 1675.04 494.04 494.04 494.04 1947.04 1947.04 1947.04 2036.04 2036.04 294.04 294.04 1806.04 1806.04 1394.04 1394.04 1394.04 1394.04 0.0 0.0 0.0 0.0 0.0 0.0 0.0 0.0 0.0 0.0 0.0 0.0 0.0 0.0 0.0 0.0 0.0 0.0 0.0 0.0 0.0 0.0 0.0 0.0 0.0 0.0 0.0 0.0 0.0 0.0 0.0 0.0 0.0
0.0 0.0 0.0 0.0 0.0 0.0 0.0 919.04 919.04 919.04 2127.04 2253.04 2253.04 2253.03 2253.04 2439.04 2439.04 2439.03 2439.04 2439.03 1675.03 1675.03 1675.04 187.04 187.04 187.04 1979.04 1979.04 1979.04 2199.04 294.04 294.04 294.04 294.04 1394.04 1394.04 1394.04 1394.04 0.05 0.05 0.0 0.0 0.0 0.0 0.0 0.0 0.0 0.0 0.0 0.0 0.0 0.0 0.0 0.0 0.0 0.0 0.0 0.0 0.0 0.0 0.0 0.0 0.0 0.0 0.0 0.0 0.0 0.0 0.0 0.0 0.0 0.0
0.0 0.0 0.0 0.0 0.0 0.0 0.0 0.0 919.04 919.04 2253.04 2253.04 2253.03 2253.03 2439.03 2439.04 2439.04 2439.03 2439.04 2439.04 2439.03 2439.03 187.04 187.04 187.04 187.04 1979.04 1979.04 1979.04 2199.03 2199.04 294.04 294.04 1892.04 1394.04 1394.04 1394.04 1702.04 0.05 0.13 0.0 0.0 0.0 0.0 0.0 0.0 0.0 0.0 0.0 0.0 0.0 0.0 0.0 0.0 0.0 0.0 0.0 0.0 0.0 0.0 0.0 0.0 0.0 0.0 0.0 0.0 0.0 0.0 0.0 0.0 0.0 0.0
0.0 0.0 0.0 0.0 0.0 0.0 0.0 0.0 0.0 919.04 919.03 2253.03 2253.03 2439.03 2439.03 2439.04 2439.04 2439.04 2439.04 2439.04 2439.03 2439.03 187.04 187.04 187.04 187.04 187.04 1979.04 1979.04 2199.03 461.04 461.04 52.04 1892.04 1892.04 1892.04 1702.04 0.05 0.05 0.0 0.0 0.0 0.0 0.0 0.0 0.0 0.0 0.0 0.0 0.0 0.0 0.0 0.0 0.0 0.0 0.0 0.0 0.0 0.0 0.0 0.0 0.0 0.0 0.0 0.0 0.0 0.0 0.0 0.0 0.0 0.0 0.0
0.0 0.0 0.0 0.0 0.0 0.0 0.0 0.0 0.0 0.0 0.05 0.05 0.05 2439.03 2439.03 2439.04 2439.04 2439.04 2439.04 2439.04 2439.03 803.04 803.04 187.04 187.04 187.04 2312.04 1979.03 0.08 461.03 461.04 461.04 52.04 1892.04 1892.04 1892.04 0.05 0.0 0.0 0.0 0.0 0.0 0.0 0.0 0.0 0.0 0.0 0.0 0.0 0.0 0.0 0.0 0.0 0.0 0.0 0.0 0.0 0.0 0.0 0.0 0.0 0.0 0.0 0.0 0.0 0.0 0.0 0.0 0.0 0.0 0.0 0.0
0.0 0.0 0.0 0.0 0.0 0.0 0.0 0.0 0.0 0.0 0.0 0.0 2439.03 2439.03 2439.03 0.08 0.08 2439.03 0.0 2439.04 803.04 803.04 803.04 803.04 2312.04 2312.04 2312.03 2312.03 461.03 2280.04 2280.04 2280.04 52.04 52.04 1892.04 1892.04 0.0 0.0 0.0 0.0 0.0 0.0 0.0 0.0 0.0 0.0 0.0 0.0 0.0 0.0 0.0 0.0 0.0 0.0 0.0 0.0 0.0 0.0 0.0 0.0 0.0 0.0 0.0 0.0 0.0 0.0 0.0 0.0 0.0 0.0 0.0 0.0
0.0 0.0 0.0 0.0 0.0 0.0 0.0 0.0 0.0 0.0 0.0 0.0 0.0 0.0 2439.03 2439.03 0.08 0.0 0.0 0.0 0.0 803.04 803.04 803.04 2312.04 2312.04 2312.04 1726.03 1726.03 2280.04 2280.04 2280.04 52.04 52.04 52.04 0.0 0.0 0.0 0.0 0.0 0.0 0.0 0.0 0.0 0.0 0.0 0.0 0.0 0.0 0.0 0.0 0.0 0.0 0.0 0.0 0.0 0.0 0.0 0.0 0.0 0.0 0.0 0.0 0.0 0.0 0.0 0.0 0.0 0.0 0.0 0.0 0.0
0.0 0.0 0.0 0.0 0.0 0.0 0.0 0.0 0.0 0.0 0.0 0.0 0.0 0.0 0.0 0.0 0.0 0.0 0.0 0.0 803.04 803.04 803.04 803.04 803.04 2312.04 2312.04 0.02 1726.04 1726.04 1726.04 2280.04 52.04 52.04 52.04 0.0 0.0 0.0 0.0 0.0 0.0 0.0 0.0 0.0 0.0 0.0 0.0 0.0 0.0 0.0 0.0 0.0 0.0 0.0 0.0 0.0 0.0 0.0 0.0 0.0 0.0 0.0 0.0 0.0 0.0 0.0 0.0 0.0 0.0 0.0 0.0 0.0
0.0 0.0 0.0 0.0 0.0 0.0 0.0 0.0 0.0 0.0 0.0 0.0 0.0 0.0 0.0 0.0 0.0 0.0 0.0 803.04 803.04 803.04 803.04 0.0 0.0 0.0 0.0 1726.04 1726.04 1726.04 1726.04 1726.04 52.04 52.04 0.0 0.0 0.0 0.0 0.0 0.0 0.0 0.0 0.0 0.0 0.0 0.0 0.0 0.0 0.0 0.0 0.0 0.0 0.0 0.0 0.0 0.0 0.0 0.0 0.0 0.0 0.0 0.0 0.0 0.0 0.0 0.0 0.0 0.0 0.0 0.0 0.0 0.0
0.0 0.0 0.0 0.0 0.0 0.0 0.0 0.0 0.0 0.0 0.0 0.0 0.0 0.0 0.0 0.0 0.0 0.0 0.0 0.0 803.04 0.0 0.0 0.0 0.0 0.0 0.0 0.0 0.0 1726.04 1726.04 1726.04 1726.04 52.04 0.0 0.0 0.0 0.0 0.0 0.0 0.0 0.0 0.0 0.0 0.0 0.0 0.0 0.0 0.0 0.0 0.0 0.0 0.0 0.0 0.0 0.0 0.0 0.0 0.0 0.0 0.0 0.0 0.0 0.0 0.0 0.0 0.0 0.0 0.0 0.0 0.0 0.0
