InputFiles/GridInputs/LU&ParcGridSob30.asc
ncols         118
nrows         171
xllcorner     -1684940.3713166039
yllcorner     3170668.0308883013
dx            30.14973951948775
dy            30.084349766716752
[rows 0 to 37 of 171, columns 0 to 83 of 118]
0.0 0.0 0.0 0.0 0.0 0.0 0.0 0.0 0.0 0.0 0.0 0.0 0.0 0.0 0.0 0.0 0.0 0.0 0.0 0.0 0.0 0.0 0.0 0.0 0.0 0.0 0.05 776.04 775.03 775.03 0.0 0.0 0.0 0.0 0.0 0.0 0.0 0.0 0.0 0.0 0.0 0.0 0.0 0.0 0.0 0.0 0.0 0.0 0.0 0.0 0.0 0.0 0.0 0.0 0.0 0.0 0.0 0.0 0.0 0.0 0.0 0.0 0.0 0.0 0.0 0.0 0.0 0.0 0.0 0.0 0.0 0.0 0.0 0.0 0.0 0.0 0.0 0.0 0.0 0.0 0.0 0.0 0.0 0.0
0.0 0.0 0.0 0.0 0.0 0.0 0.0 0.0 0.0 0.0 0.0 0.0 0.0 0.0 0.0 0.0 0.0 0.0 0.0 0.0 0.0 0.0 0.0 0.0 776.04 776.04 776.04 776.03 775.03 775.03 775.03 0.0 0.0 0.0 0.0 0.0 0.0 0.0 0.0 0.0 0.0 0.0 0.0 0.0 0.0 0.0 0.0 0.0 0.0 0.0 0.0 0.0 0.0 0.0 0.0 0.0 0.0 0.0 0.0 0.0 0.0 0.0 0.0 0.0 0.0 0.0 0.0 0.0 0.0 0.0 0.0 0.0 0.0 0.0 0.0 0.0 0.0 0.0 0.0 0.0 0.0 0.0 0.0 0.0
0.0 0.0 0.0 0.0 0.0 0.0 0.0 0.0 0.0 0.0 0.0 0.0 0.0 0.0 0.0 0.0 0.0 0.0 0.0 0.0 0.0 362.04 362.04 362.04 362.04 776.03 776.03 776.03 775.03 775.03 775.03 0.0 0.0 0.0 0.0 0.0 0.0 0.0 0.0 0.0 0.0 0.0 0.0 0.0 0.0 0.0 0.0 0.0 0.0 0.0 0.0 0.0 0.0 0.0 0.0 0.0 0.0 0.0 0.0 0.0 0.0 0.0 0.0 0.0 0.0 0.0 0.0 0.0 0.0 0.0 0.0 0.0 0.0 0.0 0.0 0.0 0.0 0.0 0.0 0.0 0.0 0.0 0.0 0.0
0.0 0.0 0.0 0.0 0.0 0.0 0.0 0.0 0.0 0.0 0.0 0.0 0.0 0.0 0.0 0.0 0.0 0.0 0.0 0.0 362.04 362.04 362.04 0.02 362.04 776.03 776.04 776.04 775.04 775.04 775.03 0.0 0.0 0.0 0.0 0.0 0.0 0.0 0.0 0.0 0.0 0.0 0.0 0.0 0.0 0.0 0.0 0.0 0.0 0.0 0.0 0.0 0.0 0.0 0.0 0.0 0.0 0.0 0.0 0.0 0.0 0.0 0.0 0.0 0.0 0.0 0.0 0.0 0.0 0.0 0.0 0.0 0.0 0.0 0.0 0.0 0.0 0.0 0.0 0.0 0.0 0.0 0.0 0.0
0.0 0.0 0.0 0.0 0.0 0.0 0.0 0.0 0.0 0.0 0.0 0.0 0.0 0.0 0.0 0.0 0.0 0.0 0.0 362.04 362.04 362.04 362.04 362.04 362.04 776.04 776.04 776.04 775.04 630.04 630.04 630.03 0.0 0.0 0.0 0.0 0.0 0.0 0.0 0.0 0.0 0.0 0.0 0.0 0.0 0.0 0.0 0.0 0.0 0.0 0.0 0.0 0.0 0.0 0.0 0.0 0.0 0.0 0.0 0.0 0.0 0.0 0.0 0.0 0.0 0.0 0.0 0.0 0.0 0.0 0.0 0.0 0.0 0.0 0.0 0.0 0.0 0.0 0.0 0.0 0.0 0.0 0.0 0.0
0.0 0.0 0.0 0.0 0.0 0.0 0.0 0.0 0.0 0.0 0.0 0.0 0.0 0.0 0.0 0.0 0.0 0.0 0.0 415.03 415.04 362.04 362.04 362.04 439.04 439.04 439.04 673.04 673.04 630.04 630.03 131.03 0.02 0.0 0.0 0.0 0.0 0.0 0.0 0.0 0.0 0.0 0.0 0.0 0.0 0.0 0.0 0.0 0.0 0.0 0.0 0.0 0.0 0.0 0.0 0.0 0.0 0.0 0.0 0.0 0.0 0.0 0.0 0.0 0.0 0.0 0.0 0.0 0.0 0.0 0.0 0.0 0.0 0.0 0.0 0.0 0.0 0.0 0.0 0.0 0.0 0.0 0.0 0.0
0.0 0.0 0.0 0.0 0.0 0.0 0.0 0.0 0.0 0.0 0.0 0.0 0.0 0.0 0.0 0.0 0.0 0.0 415.03 415.03 415.04 415.04 415.04 439.04 439.04 439.04 439.04 673.04 673.04 83.04 83.04 131.03 131.04 780.04 780.04 0.0 0.0 0.0 0.0 0.0 0.0 0.0 0.0 0.0 0.0 0.0 0.0 0.0 0.0 0.0 0.0 0.0 0.0 0.0 0.0 0.0 0.0 0.0 0.0 0.0 0.0 0.0 0.0 0.0 0.0 0.0 0.0 0.0 0.0 0.0 0.0 0.0 0.0 0.0 0.0 0.0 0.0 0.0 0.0 0.0 0.0 0.0 0.0 0.0
0.0 0.0 0.0 0.0 0.0 0.0 0.0 0.0 0.0 0.0 0.0 0.0 0.0 0.0 0.0 0.0 0.0 0.0 415.04 415.04 415.03 415.04 415.04 439.04 439.04 439.04 439.04 0.02 673.03 83.03 83.04 780.04 780.04 780.04 780.04 552.04 552.04 0.0 0.0 0.0 0.0 0.0 0.0 0.0 0.0 0.0 0.0 0.0 0.0 0.0 0.0 0.0 0.0 0.0 0.0 0.0 0.0 0.0 0.0 0.0 0.0 0.0 0.0 0.0 0.0 0.0 0.0 0.0 0.0 0.0 0.0 0.0 0.0 0.0 0.0 0.0 0.0 0.0 0.0 0.0 0.0 0.0 0.0 0.0
0.0 0.0 0.0 0.0 0.0 0.0 0.0 0.0 0.0 0.0 0.0 0.0 0.0 0.0 0.0 0.0 0.0 0.0 415.04 415.04 415.04 415.04 415.04 415.04 439.04 439.04 673.04 673.04 83.03 83.03 83.03 780.03 0.02 780.04 552.04 552.04 552.04 552.04 552.04 0.0 0.0 0.0 0.0 0.0 0.0 0.0 0.0 0.0 0.0 0.0 0.0 0.0 0.0 0.0 0.0 0.0 0.0 0.0 0.0 0.0 0.0 0.0 0.0 0.0 0.0 0.0 0.0 0.0 0.0 0.0 0.0 0.0 0.0 0.0 0.0 0.0 0.0 0.0 0.0 0.0 0.0 0.0 0.0 0.0
0.0 0.0 0.0 0.0 0.0 0.0 0.0 0.0 0.0 0.0 0.0 0.0 0.0 0.0 0.0 0.0 0.0 0.0 415.04 415.04 415.04 415.04 415.04 415.04 393.03 350.04 350.04 350.03 571.03 571.03 571.03 539.03 539.04 539.04 552.04 552.04 552.04 552.04 552.04 552.04 512.04 0.0 0.0 0.0 0.0 453.04 453.04 453.03 453.04 453.04 453.04 453.04 0.0 0.0 0.0 0.0 0.0 0.0 0.0 0.0 0.0 0.0 0.0 0.0 0.0 0.0 0.0 0.0 0.0 0.0 0.0 0.0 0.0 0.0 0.0 0.0 0.0 0.0 0.0 0.0 0.0 0.0 0.0 0.0
0.0 0.0 0.0 0.0 0.0 0.0 0.0 0.0 0.0 0.0 0.0 0.0 0.0 0.0 0.0 0.0 0.0 764.04 415.04 415.04 415.04 415.04 415.03 393.03 393.03 350.04 350.04 350.03 350.04 571.03 571.03 539.03 539.04 539.04 539.04 552.04 552.04 552.04 512.04 512.04 512.04 512.04 512.04 512.04 453.04 453.04 453.04 453.03 453.03 453.04 453.04 453.04 0.05 453.03 207.04 207.04 0.0 0.0 0.0 0.0 0.0 0.0 0.0 0.0 0.0 0.0 0.0 0.0 0.0 0.0 0.0 0.0 0.0 0.0 0.0 0.0 0.0 0.0 0.0 0.0 0.0 0.0 0.0 0.0
0.0 0.0 0.0 0.0 0.0 0.0 0.0 0.0 0.0 0.0 0.0 0.0 0.0 0.0 0.0 0.0 0.0 764.04 764.04 233.04 415.04 415.04 393.03 393.04 393.04 393.03 350.03 350.03 350.03 140.03 571.03 271.03 0.02 539.04 539.03 572.04 572.04 512.04 512.04 0.02 0.05 512.04 512.04 512.04 453.04 453.03 453.03 453.03 453.03 0.05 0.05 0.05 0.05 207.03 207.04 207.04 0.0 0.0 0.0 0.0 0.0 0.0 0.0 0.0 0.0 0.0 0.0 0.0 0.0 0.0 0.0 0.0 0.0 0.0 0.0 0.0 0.0 0.0 0.0 0.0 0.0 0.0 0.0 0.0
0.0 0.0 0.0 0.0 0.0 0.0 0.0 0.0 0.0 0.0 0.0 0.0 0.0 0.0 0.0 0.0 0.0 764.04 764.04 233.04 233.04 233.04 393.04 393.04 393.04 393.03 350.03 350.03 140.03 140.03 611.03 271.03 271.04 500.04 572.04 572.03 572.03 512.03 512.04 512.04 512.03 0.02 512.04 512.03 736.03 736.03 453.03 453.03 453.03 453.03 453.03 453.04 453.04 207.04 207.04 207.04 0.05 0.0 0.0 0.0 0.0 0.0 0.0 0.0 0.0 0.0 0.0 0.0 0.0 0.0 0.0 0.0 0.0 0.0 0.0 0.0 0.0 0.0 0.0 0.0 0.0 0.0 0.0 0.0
0.0 0.0 0.0 0.0 0.0 0.0 0.0 0.0 0.0 0.0 0.0 0.0 0.0 0.0 0.0 0.0 0.0 764.04 233.04 233.04 233.04 550.04 550.04 393.04 393.04 393.04 559.04 350.03 133.03 611.03 611.03 611.03 500.04 500.04 572.04 572.04 572.03 512.04 512.04 512.04 512.04 512.04 512.04 536.03 736.03 736.03 736.03 736.03 736.03 736.03 453.03 453.03 549.03 207.04 207.04 207.04 207.04 0.0 0.0 0.0 0.0 0.0 0.0 0.0 0.0 0.0 0.0 0.0 0.0 0.0 0.0 0.0 0.0 0.0 0.0 0.0 0.0 0.0 0.0 0.0 0.0 0.0 0.0 0.0
0.0 0.0 0.0 0.0 0.0 0.0 0.0 0.0 0.0 0.0 0.0 0.0 0.0 0.0 0.0 0.0 0.0 159.04 159.04 233.04 233.04 550.04 550.04 550.04 559.04 559.04 559.04 559.04 0.02 133.04 133.04 611.03 458.03 500.04 572.04 572.04 0.02 512.04 512.04 512.04 512.04 536.04 536.04 536.03 736.03 736.03 736.03 736.03 736.03 736.03 736.03 549.03 549.03 549.03 207.03 207.03 207.04 0.0 0.0 0.0 0.0 0.0 0.0 0.0 0.0 0.0 0.0 0.0 0.0 0.0 0.0 0.0 0.0 0.0 0.0 0.0 0.0 0.0 0.0 0.0 0.0 0.0 0.0 0.0
0.0 0.0 0.0 0.0 0.0 0.0 0.0 0.0 0.0 0.0 0.0 0.0 0.0 0.0 0.0 0.0 0.0 159.04 159.04 159.04 159.04 550.04 550.04 550.04 324.04 324.03 324.04 575.04 575.04 133.04 133.04 458.04 458.04 0.02 458.04 572.03 762.03 255.04 255.04 255.04 6.04 536.04 536.04 536.03 171.03 736.03 736.03 736.03 736.03 736.03 736.03 549.03 549.03 549.03 549.03 549.03 207.04 106.04 0.0 0.0 0.0 0.0 0.0 0.0 0.0 0.0 0.0 0.0 0.0 0.0 0.0 0.0 0.0 0.0 0.0 0.0 0.0 0.0 0.0 0.0 0.0 0.0 0.0 0.0
0.0 0.0 0.0 0.0 0.0 0.0 0.0 0.0 0.0 0.0 0.0 0.0 0.0 0.0 0.0 0.0 0.0 159.04 754.04 754.04 744.04 744.04 550.04 550.04 545.04 324.04 324.04 575.04 575.04 575.04 541.04 541.04 458.04 458.04 762.04 762.04 762.04 614.04 255.04 6.04 6.04 0.02 536.04 171.03 171.03 736.03 736.03 736.03 736.03 736.03 311.04 311.03 549.03 549.03 549.03 549.03 106.04 106.04 106.04 106.03 106.03 0.0 0.0 0.0 0.0 0.0 0.0 0.0 0.0 0.0 0.0 0.0 0.0 0.0 0.0 0.0 0.0 0.0 0.0 0.0 0.0 0.0 0.0 0.0
0.0 0.0 0.0 0.0 0.0 0.0 0.0 0.0 0.0 0.0 0.0 0.0 0.0 0.0 0.0 0.0 0.0 595.04 754.04 754.04 744.04 744.04 744.04 545.03 545.04 545.04 545.04 575.04 575.04 541.04 541.04 541.04 541.03 638.04 523.04 523.04 523.04 614.04 614.04 6.04 536.04 536.04 171.04 171.04 171.03 171.03 736.03 736.03 311.03 311.03 311.04 311.04 549.04 549.03 549.03 549.04 106.04 106.04 106.03 106.03 222.03 222.03 0.0 0.0 0.0 0.0 0.0 0.0 0.0 0.0 0.0 0.0 0.0 0.0 0.0 0.0 0.0 0.0 0.0 0.0 0.0 0.0 0.0 0.0
0.0 0.0 0.0 0.0 0.0 0.0 0.0 0.0 0.0 0.0 0.0 0.0 0.0 0.0 0.0 0.0 595.04 595.04 595.04 744.04 744.04 744.04 347.04 347.03 545.04 93.04 93.04 93.04 541.04 541.04 541.04 0.02 638.03 638.04 638.04 523.04 523.04 523.04 614.04 6.04 536.04 536.04 171.03 171.04 0.02 171.04 736.04 311.04 0.02 311.04 57.04 57.04 57.04 549.03 549.03 549.03 106.04 106.03 106.03 222.03 222.03 222.03 222.03 0.0 0.0 0.0 0.0 0.0 0.0 0.0 0.0 0.0 0.0 0.0 0.0 0.0 0.0 0.0 0.0 0.0 0.0 0.0 0.0 0.0
0.0 0.0 0.0 0.0 0.0 0.0 0.0 0.0 0.0 0.0 0.0 0.0 0.0 0.0 0.0 361.04 361.04 361.04 361.04 361.04 744.04 744.04 347.04 347.04 347.04 93.04 93.04 93.04 271.04 541.04 541.04 541.04 638.04 638.04 638.04 523.04 523.04 523.04 614.03 536.04 0.02 774.03 774.04 171.04 171.04 171.04 247.04 247.04 57.04 57.04 57.03 57.03 57.04 46.03 46.03 46.03 175.03 175.03 175.03 222.03 222.04 222.03 0.02 0.0 0.0 0.0 0.0 0.0 0.0 0.0 0.0 0.0 0.0 0.0 0.0 0.0 0.0 0.0 0.0 0.0 0.0 0.0 0.0 0.0
0.0 0.0 0.0 0.0 0.0 0.0 0.0 0.0 0.0 0.0 0.0 0.0 0.0 0.0 361.04 361.04 361.04 361.04 361.04 361.04 315.04 315.04 315.04 347.04 347.04 347.04 93.04 271.04 271.04 271.04 541.04 372.04 638.04 638.04 638.04 638.04 151.03 151.03 151.03 151.04 774.03 774.03 774.04 774.04 774.04 247.04 247.04 247.04 57.04 57.04 57.04 37.04 37.04 46.03 46.03 46.03 175.03 175.03 175.03 222.03 222.04 222.03 222.03 222.03 0.0 0.0 0.0 0.0 0.0 0.0 0.0 0.0 0.0 0.0 0.0 0.0 0.0 0.0 0.0 0.0 0.0 0.0 0.0 0.0
0.0 0.0 0.0 0.0 0.0 0.0 0.0 0.0 0.0 0.0 0.0 0.0 0.0 665.04 665.04 10.04 10.04 10.04 10.04 262.04 262.04 315.04 315.04 315.04 347.04 347.04 271.04 271.04 271.04 271.04 372.04 372.04 372.04 141.04 141.04 141.04 151.04 151.04 151.04 151.03 710.03 710.03 710.04 710.04 710.04 247.04 247.04 247.04 247.04 650.04 37.04 37.04 37.04 46.04 46.04 46.04 760.03 760.03 175.03 222.04 222.04 685.03 0.02 685.03 685.03 0.0 0.0 0.0 0.0 0.0 0.0 0.0 0.0 0.0 0.0 0.0 0.0 0.0 0.0 0.0 0.0 0.0 0.0 0.0
0.0 0.0 0.0 0.0 0.0 0.0 0.0 0.0 0.0 0.0 0.0 0.0 0.0 665.04 665.04 665.04 10.04 10.04 10.04 262.04 262.04 315.04 315.04 315.04 315.04 271.04 271.04 271.04 271.04 271.04 0.02 372.04 270.04 141.04 0.02 0.02 151.04 151.04 151.03 151.03 313.03 313.03 710.04 710.04 710.04 247.04 247.04 247.04 650.04 650.04 37.04 37.04 37.04 46.04 46.04 760.03 760.03 760.03 646.03 646.03 646.04 685.04 685.04 685.04 685.03 130.04 0.0 0.0 0.0 0.0 0.0 0.0 0.0 0.0 0.0 0.0 0.0 0.0 0.0 0.0 0.0 0.0 0.0 0.0
0.0 0.0 0.0 0.0 0.0 0.0 0.0 0.0 0.0 0.0 0.0 0.0 0.02 665.04 665.04 665.04 10.04 10.04 114.04 262.04 262.04 745.04 745.04 0.02 745.04 441.04 398.04 398.04 0.02 0.05 0.05 372.04 270.04 270.04 513.04 513.04 151.04 151.04 151.03 151.03 581.04 313.04 313.04 313.04 621.04 247.04 247.04 247.04 650.04 650.04 650.04 37.04 37.04 119.04 119.04 70.04 70.03 70.03 646.03 646.03 685.04 685.04 685.04 685.04 685.04 130.04 130.04 0.0 0.0 0.0 0.0 0.0 0.0 0.0 0.0 0.0 0.0 0.0 0.0 0.0 0.0 0.0 0.0 0.0
0.0 0.0 0.0 0.0 0.0 0.0 0.0 0.0 0.0 0.0 0.0 0.0 0.0 665.04 665.04 665.04 665.04 114.04 0.05 0.05 757.04 757.04 745.04 745.04 441.04 441.04 398.04 398.04 398.04 0.05 0.05 31.03 31.03 31.04 513.04 513.04 513.04 151.04 151.03 581.04 581.04 581.04 621.04 621.04 714.04 628.04 628.04 628.04 650.04 650.04 650.04 472.04 472.04 119.04 119.04 119.04 70.04 241.03 646.03 646.03 685.04 685.04 685.04 485.04 485.04 130.04 130.04 0.02 0.0 0.0 0.0 0.0 0.0 0.0 0.0 0.0 0.0 0.0 0.0 0.0 0.0 0.0 0.0 0.0
0.0 0.0 0.0 0.0 0.0 0.0 0.0 0.0 0.0 0.0 0.0 0.0 0.0 665.04 665.04 665.04 665.04 114.04 114.04 757.04 0.02 757.04 757.04 573.04 573.04 441.04 441.04 398.04 398.03 398.03 0.05 31.03 31.03 31.03 513.04 513.04 513.04 513.04 581.04 581.04 581.04 581.04 714.04 714.04 714.04 628.04 628.04 628.04 576.04 576.04 576.04 472.04 472.04 472.03 119.03 241.03 241.04 241.03 241.03 508.03 508.04 508.04 485.04 485.04 0.02 130.04 130.04 130.03 130.04 358.04 358.04 0.0 0.0 0.0 0.0 597.03 0.0 0.0 0.0 0.0 0.0 0.0 0.0 0.0
0.0 0.0 0.0 0.0 0.0 0.0 0.0 0.0 0.0 0.0 0.0 0.0 0.0 0.0 665.04 665.04 665.04 114.04 114.04 757.04 757.04 0.02 757.04 573.03 573.04 573.04 573.04 398.03 398.03 367.04 477.04 0.05 477.03 31.03 418.04 418.04 396.04 396.04 396.04 170.04 170.04 170.04 170.04 714.04 714.04 628.04 628.04 628.04 576.04 576.04 576.04 472.04 284.04 284.04 455.03 455.03 241.03 241.03 508.03 508.03 508.04 508.04 485.04 485.04 485.04 130.04 130.03 130.03 130.04 358.04 358.04 290.04 597.03 597.03 597.03 597.03 223.03 223.03 223.04 223.03 0.02 0.0 0.0 0.0
0.0 0.0 0.0 0.0 0.0 0.0 0.0 0.0 0.0 0.0 0.0 0.0 0.0 0.0 462.04 462.04 462.04 462.04 0.02 412.04 511.04 511.04 511.04 511.03 573.04 573.04 0.02 398.03 367.03 367.04 367.04 0.05 477.03 418.03 418.03 418.03 396.03 0.02 396.04 170.04 170.04 170.04 170.04 170.04 499.04 499.04 499.04 628.03 576.04 576.04 576.04 284.04 284.04 284.04 455.04 455.04 455.04 241.03 508.04 0.02 508.04 485.03 485.03 485.03 485.04 130.04 130.04 130.04 358.04 358.04 358.04 290.03 597.03 597.03 597.03 223.03 223.03 223.04 223.04 223.03 223.03 351.03 0.0 0.0
0.0 0.0 0.0 0.0 0.0 0.0 0.0 0.0 0.0 0.0 0.0 0.0 0.02 462.04 462.04 462.04 462.04 462.04 412.04 412.04 412.04 511.04 511.03 511.04 573.04 214.04 214.03 214.03 367.03 367.03 367.04 718.04 718.04 424.03 418.03 390.03 396.04 396.04 664.04 664.04 664.04 170.04 170.04 161.04 499.03 499.04 499.03 499.03 45.03 576.03 319.04 319.04 319.04 184.04 184.04 0.02 184.04 184.04 508.04 508.04 508.04 80.04 80.04 80.04 80.04 504.04 697.04 697.04 697.04 176.04 0.05 290.03 597.03 597.03 597.03 0.02 223.04 223.04 223.04 223.03 351.03 0.02 0.0 0.0
0.0 0.0 0.0 0.0 0.0 0.0 0.0 0.0 0.0 0.0 294.04 294.04 294.04 462.04 462.04 462.04 462.04 462.04 412.04 412.04 412.04 511.04 511.04 634.04 634.04 214.03 214.03 214.03 214.03 367.03 367.04 257.04 257.04 424.04 0.02 390.03 390.03 396.04 664.04 664.04 216.04 216.04 161.04 161.03 353.03 353.03 45.03 45.03 45.03 45.03 319.04 319.04 319.04 319.04 184.04 184.04 184.04 184.04 245.04 245.04 354.04 434.04 434.04 80.04 504.04 504.04 697.04 697.04 697.04 176.04 0.05 176.03 176.03 203.03 203.03 203.04 223.04 223.04 223.03 351.04 351.04 351.04 351.04 0.0
0.0 0.0 0.0 0.0 0.0 0.0 0.0 0.0 0.0 0.05 294.04 294.04 294.04 236.04 236.04 462.04 462.04 35.04 412.04 412.04 412.04 412.04 634.04 634.04 634.04 261.03 214.03 214.03 214.03 365.03 365.04 365.04 257.04 257.04 0.05 0.05 390.04 664.04 664.04 216.04 216.04 216.04 161.04 161.04 353.04 353.03 45.04 45.03 45.03 45.04 33.04 33.04 33.04 319.03 319.03 184.03 184.04 553.04 245.04 245.04 354.04 354.04 434.03 504.03 504.04 504.04 197.04 197.04 197.04 197.04 0.05 660.03 203.04 203.04 203.04 203.04 203.03 223.03 223.03 351.04 351.04 351.04 351.04 0.0
0.0 0.0 0.0 0.0 0.0 0.0 0.0 0.0 555.04 0.05 294.04 294.04 294.04 236.04 236.04 236.04 35.04 35.04 35.04 412.04 125.04 125.03 125.04 634.04 261.04 261.03 59.03 59.03 0.02 574.03 574.03 574.04 365.04 257.04 0.05 730.04 730.04 730.04 205.04 205.04 216.03 216.04 161.04 161.04 345.04 379.04 379.04 379.04 45.04 33.04 33.04 33.04 33.03 33.03 0.02 0.05 0.05 553.04 553.04 245.04 245.04 354.04 354.03 504.03 504.03 504.03 678.03 678.04 197.04 660.04 660.04 0.05 203.04 203.04 203.03 203.04 203.03 280.03 531.03 351.03 0.02 351.04 514.04 514.04
0.0 0.0 0.0 0.0 0.0 0.0 0.0 0.0 555.04 0.05 555.04 294.04 294.04 236.04 0.02 236.04 35.04 35.04 35.04 35.04 125.04 125.04 125.04 634.04 261.04 261.04 261.04 331.04 331.04 574.04 574.04 574.04 574.04 148.04 0.05 730.04 730.04 730.04 205.04 205.04 205.04 383.04 383.04 383.03 345.03 345.04 705.04 705.04 705.04 160.03 33.04 33.04 33.04 33.03 33.03 543.03 543.03 553.04 553.03 245.03 245.03 354.04 354.03 633.03 633.04 633.04 678.03 678.03 40.04 40.04 660.04 660.04 10.04 203.03 203.03 203.04 280.03 280.03 531.03 531.03 531.04 514.04 514.04 514.04
0.0 0.0 0.0 0.0 0.0 0.0 0.0 430.04 555.04 555.04 555.04 555.04 294.04 236.04 236.04 236.04 35.04 164.04 164.04 164.04 366.04 366.04 366.04 125.04 261.04 0.05 331.04 331.04 331.04 574.04 574.04 148.04 148.04 148.04 730.04 730.04 730.03 730.03 205.04 205.03 205.04 383.04 383.03 383.03 484.03 0.05 705.04 705.04 160.03 160.04 160.04 33.04 33.04 33.04 680.03 680.03 543.03 543.03 553.03 739.03 739.03 739.04 633.03 633.03 633.04 633.04 678.03 40.03 40.03 40.03 10.04 0.05 10.04 0.02 370.03 370.04 280.03 280.03 531.03 531.04 531.04 514.04 514.04 514.04
0.0 0.0 0.0 0.0 0.0 430.04 430.04 430.04 430.04 555.04 480.04 480.04 480.04 236.04 236.03 164.03 164.04 164.04 164.04 164.04 366.04 366.04 366.04 565.04 212.04 212.04 331.04 331.04 0.02 331.04 148.04 148.04 148.04 148.04 224.04 730.03 730.03 730.04 110.04 110.04 205.03 467.03 383.03 318.04 484.04 484.04 705.04 160.04 160.04 160.04 160.04 253.04 253.04 253.03 680.03 680.03 680.03 510.03 510.03 739.03 739.04 739.04 451.03 330.04 330.04 330.03 330.03 40.03 40.03 40.03 0.05 0.05 217.04 217.04 370.03 370.03 280.04 280.04 531.04 531.04 531.04 268.04 268.04 514.04
0.0 0.0 0.0 0.0 430.04 0.05 430.04 430.04 430.04 480.04 480.04 480.04 0.05 91.04 0.05 164.04 164.04 164.04 164.04 164.04 366.04 565.04 565.04 565.04 212.04 212.04 212.04 331.04 0.05 0.05 148.04 148.04 148.04 288.04 224.04 224.03 97.03 110.04 110.04 110.04 467.03 467.03 467.03 318.03 318.04 484.04 305.04 0.05 160.04 160.04 160.04 253.04 253.03 253.03 680.03 680.03 680.03 510.03 510.03 739.04 739.04 451.04 451.04 451.04 330.03 330.03 200.03 378.03 378.03 378.03 217.03 217.04 217.04 217.04 370.03 370.03 292.04 280.04 531.04 531.04 74.04 268.04 268.04 268.04
0.0 0.0 0.0 0.0 296.04 430.04 430.04 652.04 652.03 480.04 480.04 91.04 91.04 91.04 91.04 91.04 164.04 164.03 164.04 0.05 239.04 565.04 565.04 565.04 212.04 212.04 212.04 212.04 331.04 397.04 397.04 288.04 288.04 288.04 0.05 224.04 97.03 0.02 110.04 110.03 467.03 467.03 467.03 318.03 318.04 318.04 305.04 305.03 305.04 160.04 253.03 253.03 253.03 253.04 779.03 680.03 680.03 522.03 522.03 522.04 739.04 451.04 451.04 451.04 451.04 200.04 200.03 378.03 378.03 378.03 378.04 217.04 68.04 68.04 0.02 292.03 292.03 87.04 87.04 74.04 74.04 268.03 268.04 375.04
0.0 0.0 0.0 296.04 296.04 296.04 652.04 652.03 0.02 652.04 359.04 91.04 91.03 91.04 91.04 0.05 659.04 659.04 25.04 0.05 239.04 239.04 239.04 239.03 212.04 212.04 212.04 0.05 0.05 397.04 397.04 397.04 288.03 288.03 0.05 224.03 97.04 97.04 97.04 0.02 310.03 0.02 467.03 467.03 318.04 305.04 0.02 305.04 305.04 790.04 790.03 253.03 253.04 253.03 779.03 779.03 522.03 522.03 522.04 522.03 777.03 0.05 451.04 451.04 200.04 200.04 200.03 378.03 378.03 378.03 378.04 68.04 68.03 68.04 68.04 292.03 292.03 87.04 87.04 74.04 74.03 268.04 268.04 375.04
