InputFiles/GridInputs/LU&ParcGridBarry30.asc
ncols         78
nrows         81
xllcorner     -1688447.691606855
yllcorner     3186581.191380518
dx            30.213267410962054
dy            30.101935613750953
[rows 36 to 71 of 81, columns 0 to 77 of 78]
0.0 0.0 0.0 74.04 74.04 42.03 42.03 42.03 42.04 42.04 338.04 338.03 132.04 132.04 155.04 155.04 189.04 189.04 171.03 171.03 171.04 171.04 94.04 85.04 85.04 85.04 15.04 15.03 15.04 15.04 312.04 148.04 148.04 148.03 148.03 178.03 178.04 178.03 0.04 0.03 0.04 161.04 161.04 161.04 161.04 83.04 83.03 247.04 247.04 247.04 247.03 319.03 319.03 319.03 319.03 71.03 71.03 109.03 109.03 0.02 77.03 77.03 47.03 47.03 47.03 47.04 0.0 0.0 0.0 0.0 0.0 0.0 0.0 0.0 0.0 0.0 0.0 0.0
0.0 0.0 0.0 59.04 0.02 59.03 59.03 0.02 42.04 70.04 338.04 338.04 132.04 132.04 155.04 155.04 155.04 101.04 101.03 101.04 101.04 101.04 94.04 150.04 150.03 150.04 15.04 15.03 15.04 15.04 200.04 148.04 148.04 148.03 178.03 178.04 178.04 178.04 0.04 0.03 0.04 161.04 161.04 161.04 83.04 83.04 83.04 83.04 247.04 247.04 247.03 319.03 319.03 319.03 71.03 71.03 71.03 207.03 109.03 109.03 109.03 77.03 47.03 47.03 47.04 293.04 0.0 0.0 0.0 0.0 0.0 0.0 0.0 0.0 0.0 0.0 0.0 0.0
0.0 0.0 0.0 0.0 59.03 59.03 59.03 59.04 70.04 70.04 45.04 45.04 45.04 155.04 155.04 155.04 155.04 101.04 101.03 101.03 101.04 101.04 150.04 150.03 150.03 150.04 150.04 222.04 222.04 200.04 200.04 200.03 0.02 148.03 178.04 178.04 178.04 34.04 0.03 0.03 0.04 0.04 161.04 285.04 285.04 285.04 83.04 83.04 247.04 247.04 247.04 160.03 160.03 160.04 71.04 71.03 71.03 207.03 207.03 207.03 282.03 282.03 282.03 0.05 0.05 293.04 135.04 0.0 0.0 0.0 0.0 0.0 0.0 0.0 0.0 0.0 0.0 0.0
0.0 0.0 0.0 0.0 59.03 59.03 59.03 59.04 70.04 70.04 45.04 45.04 300.04 155.04 155.04 155.04 101.03 101.04 101.03 101.03 101.04 101.04 150.04 150.03 150.03 150.04 150.04 222.04 222.04 200.04 200.04 200.04 200.04 148.03 178.03 34.04 34.04 34.04 34.03 0.03 0.04 0.04 285.04 285.04 285.04 285.04 285.04 285.04 0.02 247.03 138.03 160.03 160.03 160.04 160.04 71.03 207.03 207.03 207.03 311.03 311.03 282.04 282.04 282.03 0.05 135.04 135.04 269.04 0.0 0.0 0.0 0.0 0.0 0.0 0.0 0.0 0.0 0.0
0.0 0.0 0.0 0.0 0.0 59.03 59.03 59.03 59.04 70.04 300.04 300.04 300.03 0.02 155.04 155.04 0.02 101.03 101.04 101.04 101.04 101.04 150.04 150.04 150.04 0.05 0.05 0.05 0.05 200.04 200.04 200.04 200.04 200.04 34.04 34.04 34.03 34.03 259.03 259.03 259.04 259.04 285.04 285.04 285.04 285.04 285.04 185.04 185.04 185.03 138.03 138.03 160.03 160.03 160.04 160.03 190.03 311.03 311.03 311.04 311.03 44.04 44.04 44.03 135.03 135.03 269.03 269.03 269.04 269.04 0.0 0.0 0.0 0.0 0.0 0.0 0.0 0.0
0.0 0.0 0.0 0.0 0.0 0.0 0.0 59.04 59.04 300.04 300.04 300.04 300.04 300.03 300.04 280.03 280.03 280.03 280.03 280.04 280.04 280.04 219.03 219.03 219.03 219.03 0.02 0.05 0.05 200.04 200.03 200.04 200.04 200.04 34.04 34.04 34.03 34.03 259.03 259.04 259.04 259.04 118.04 285.04 96.04 96.04 96.03 185.04 185.03 185.03 138.03 138.03 138.03 138.03 160.03 190.03 190.03 190.03 311.03 311.03 311.03 44.04 322.04 322.03 322.03 271.03 269.03 269.03 269.04 269.04 269.04 0.0 0.0 0.0 0.0 0.0 0.0 0.0
0.0 0.0 0.0 0.0 0.0 0.0 0.0 0.0 59.04 300.04 300.04 300.03 300.04 300.03 300.03 280.03 280.03 280.03 280.03 280.04 280.04 280.04 219.04 219.04 219.04 219.04 219.04 219.04 92.04 200.04 200.04 200.04 200.04 200.04 34.04 34.04 34.04 34.04 259.03 118.04 118.04 118.04 118.04 96.04 96.04 96.04 96.03 185.03 185.03 185.03 138.03 138.03 138.03 295.03 190.03 190.03 190.03 190.03 311.03 311.03 311.03 322.03 322.03 0.02 271.03 271.03 269.03 269.03 269.03 269.04 93.04 93.04 0.0 0.0 0.0 0.0 0.0 0.0
0.0 0.0 0.0 0.0 0.0 0.0 0.0 0.0 0.0 0.0 0.0 0.0 0.0 0.0 0.0 280.03 280.03 280.03 280.03 280.03 0.02 280.04 219.04 219.04 219.04 219.04 219.04 92.04 92.04 92.04 200.04 200.04 0.02 200.04 34.04 34.04 34.04 209.04 118.04 118.03 118.03 118.03 118.04 7.04 7.04 96.04 96.04 185.03 185.03 251.03 251.03 119.03 295.03 295.03 295.03 190.03 190.03 190.03 190.03 116.03 116.03 116.03 322.03 322.03 271.03 271.03 271.03 269.03 93.03 93.04 93.04 93.03 0.0 0.0 0.0 0.0 0.0 0.0
0.0 0.0 0.0 0.0 0.0 0.0 0.0 0.0 0.0 0.0 0.0 0.0 0.0 0.0 0.0 0.0 280.03 280.03 280.03 280.03 280.03 280.03 219.03 219.04 219.04 219.04 92.04 92.04 92.03 92.04 92.04 25.04 200.03 231.04 231.04 231.04 209.04 209.04 209.04 209.03 118.03 118.03 118.03 7.03 7.04 7.04 7.04 7.03 251.03 251.03 251.03 119.03 295.03 295.03 295.03 190.03 190.03 277.03 277.03 116.03 116.03 116.03 116.03 322.03 271.03 271.03 271.03 93.03 93.03 93.03 93.03 93.03 7.03 0.0 0.0 0.0 0.0 0.0
0.0 0.0 0.0 0.0 0.0 0.0 0.0 0.0 0.0 0.0 0.0 0.0 0.0 0.0 0.0 0.0 280.03 280.03 280.03 0.02 280.03 280.03 307.04 307.04 307.04 307.04 307.04 92.03 92.03 0.01 0.01 0.01 25.03 231.03 231.03 0.02 210.04 210.04 209.04 209.03 209.03 118.03 328.03 328.04 7.04 7.04 7.04 7.03 251.03 251.04 111.03 111.03 111.03 295.03 296.03 296.03 296.03 277.03 277.03 277.03 116.03 116.03 116.03 116.03 329.03 329.03 329.03 93.03 93.03 93.03 93.03 93.03 7.03 0.0 0.0 0.0 0.0 0.0
0.0 0.0 0.0 0.0 0.0 0.0 0.0 0.0 0.0 0.0 0.0 0.0 0.0 0.0 0.0 0.0 27.03 27.03 0.05 27.03 27.03 10.03 307.03 307.03 307.04 307.04 307.04 307.04 25.03 0.01 0.01 0.01 0.01 100.03 231.03 0.02 231.03 210.03 210.03 210.03 209.03 328.04 0.02 328.04 328.04 0.02 7.04 7.03 0.02 111.03 111.03 111.03 111.03 0.02 296.03 296.03 296.03 277.03 277.03 277.03 116.03 116.03 116.03 329.03 329.03 329.03 329.03 93.03 93.03 93.03 93.04 7.04 7.03 7.03 7.04 7.04 0.0 0.0
0.0 0.0 0.0 0.0 0.0 0.0 0.0 0.0 0.0 0.0 0.0 0.0 0.0 0.0 0.0 0.0 27.03 27.03 27.03 27.03 27.03 10.03 0.02 307.03 307.04 307.04 307.04 307.04 25.04 0.01 0.01 0.01 0.01 100.03 100.03 231.03 231.03 210.03 210.03 210.03 226.03 226.03 328.03 328.04 328.04 328.04 51.03 51.03 147.03 147.03 111.03 111.03 184.03 296.03 296.03 296.03 296.03 296.03 277.03 277.03 277.03 116.03 116.03 329.03 329.03 329.03 329.03 329.03 93.03 93.03 93.03 7.03 7.03 7.04 7.04 7.04 7.04 0.0
0.0 0.0 0.0 0.0 0.0 0.0 0.0 0.0 0.0 0.0 0.0 0.0 0.0 0.0 0.0 27.04 27.03 27.03 27.03 27.03 27.03 10.03 10.03 10.04 301.04 301.04 301.04 301.04 25.04 25.04 25.03 0.01 0.01 100.03 100.03 100.03 231.03 68.03 68.03 68.03 226.03 226.03 328.04 328.04 328.03 51.03 51.03 51.03 147.03 147.03 147.03 184.03 184.03 184.03 296.03 296.03 296.03 107.03 107.03 37.03 37.03 37.03 37.03 329.03 329.03 329.03 329.03 329.03 239.03 239.03 239.03 7.03 7.03 7.04 7.04 7.04 7.04 0.0
0.0 0.0 0.0 0.0 0.0 0.0 0.0 0.0 0.0 0.0 0.0 0.0 0.0 0.0 0.0 27.04 27.03 27.03 27.03 27.04 10.03 10.03 10.03 117.04 301.04 301.04 301.04 301.04 25.04 25.03 25.03 25.04 202.04 100.03 100.03 100.03 100.03 68.03 68.03 68.03 226.03 226.03 226.03 213.03 213.03 51.03 51.03 51.03 51.03 147.03 147.03 184.03 0.01 0.01 296.03 296.03 107.03 107.03 107.03 37.03 37.03 37.03 37.03 329.03 329.03 329.04 329.03 239.03 239.03 239.03 239.03 123.04 123.04 123.04 123.04 123.04 123.04 0.0
0.0 0.0 0.0 0.0 0.0 0.0 0.0 0.0 0.0 0.0 0.0 0.0 0.0 0.0 0.0 27.04 27.03 27.03 0.02 24.03 24.03 10.03 117.03 117.03 117.04 301.04 301.04 301.04 301.04 0.02 202.04 202.04 202.04 153.04 100.04 100.03 100.03 68.03 68.03 226.03 226.03 226.03 213.03 213.03 213.03 51.03 51.03 51.03 51.03 147.03 147.03 86.03 0.01 0.01 73.03 317.03 317.03 317.03 317.03 37.03 37.03 0.02 240.04 240.03 329.03 329.03 239.03 239.03 239.03 239.03 239.04 123.04 123.04 0.0 0.0 0.0 0.0 0.0
0.0 0.0 0.0 0.0 0.0 0.0 0.0 0.0 0.0 0.0 0.0 0.0 0.0 0.0 27.04 27.03 27.03 27.03 24.03 24.03 87.03 16.03 117.03 117.03 117.04 301.04 0.02 99.04 99.04 202.04 202.04 202.04 202.04 153.04 153.04 153.04 153.04 46.04 46.04 46.03 226.03 198.03 198.03 198.03 213.03 51.03 51.03 51.03 51.03 69.03 86.03 86.03 86.03 86.03 73.03 73.03 317.03 317.03 317.03 37.03 37.03 240.04 240.04 240.03 240.03 239.03 239.03 239.03 239.03 239.03 239.04 0.0 0.0 0.0 0.0 0.0 0.0 0.0
0.0 0.0 0.0 0.0 0.0 0.0 0.0 0.0 0.0 0.0 0.0 0.0 0.0 0.0 254.03 254.03 27.03 158.03 158.03 158.03 158.03 87.03 117.04 117.04 117.03 99.03 99.03 99.04 99.04 99.04 202.04 202.04 124.04 153.04 153.04 153.04 0.05 46.04 46.04 46.04 198.03 198.03 198.03 198.03 198.03 51.03 51.03 0.02 69.03 0.02 86.03 86.03 86.03 86.03 73.03 73.03 73.03 317.03 317.03 140.03 140.03 240.04 240.03 240.03 240.03 212.04 0.02 239.03 239.03 239.03 0.0 0.0 0.0 0.0 0.0 0.0 0.0 0.0
0.0 0.0 0.0 0.0 0.0 0.0 0.0 0.0 0.0 0.0 0.0 0.0 0.0 0.0 254.03 254.03 254.03 254.03 158.03 158.03 158.03 158.03 1.04 1.03 1.03 99.03 99.03 99.04 99.04 125.04 124.03 124.03 124.03 153.03 153.03 153.03 46.04 46.04 46.03 276.03 276.03 198.03 198.03 198.03 198.03 198.03 0.01 69.03 69.03 69.03 69.03 86.04 86.03 73.03 73.03 73.03 73.03 298.03 140.03 140.03 140.03 240.03 240.03 240.04 212.03 212.03 212.03 212.03 239.03 239.03 0.0 0.0 0.0 0.0 0.0 0.0 0.0 0.0
0.0 0.0 0.0 0.0 0.0 0.0 0.0 0.0 0.0 0.0 0.0 0.0 0.0 0.0 0.0 254.03 254.03 254.03 158.03 158.03 158.03 1.03 1.03 1.03 1.03 1.03 99.03 264.03 264.03 125.04 125.03 125.03 124.03 153.03 0.01 153.03 332.03 332.04 332.03 332.03 276.03 198.03 198.03 198.03 198.03 0.02 0.01 0.02 69.04 69.04 69.04 69.04 86.03 106.03 106.03 106.03 298.03 298.03 298.03 140.03 140.03 240.03 240.03 212.03 212.03 212.03 212.03 174.03 174.03 174.03 0.0 0.0 0.0 0.0 0.0 0.0 0.0 0.0
0.0 0.0 0.0 0.0 0.0 0.0 0.0 0.0 0.0 0.0 0.0 0.0 0.0 0.0 0.0 254.03 254.03 254.03 254.03 176.03 158.03 1.03 1.03 1.03 0.02 0.0 264.03 264.03 264.03 291.03 125.03 125.03 0.01 0.01 0.01 0.01 35.03 0.01 0.01 332.03 332.03 276.03 198.03 198.03 198.03 321.03 0.02 0.02 321.04 321.04 69.04 287.04 287.03 106.03 106.03 106.03 298.03 298.03 298.03 298.03 140.03 76.03 76.03 76.03 212.03 212.03 174.03 174.03 174.03 174.03 0.0 0.0 0.0 0.0 0.0 0.0 0.0 0.0
0.0 0.0 0.0 0.0 0.0 0.0 0.0 0.0 0.0 0.0 0.0 0.0 0.0 0.0 0.0 0.0 254.03 254.03 176.03 176.03 176.03 176.03 0.0 0.0 0.0 0.0 264.03 264.03 291.03 291.03 291.03 125.03 0.01 0.01 0.01 82.03 0.01 35.03 35.03 35.03 35.03 0.02 255.04 255.04 321.03 321.03 321.03 321.03 321.04 321.04 321.04 287.04 287.03 320.03 106.03 106.03 298.03 0.02 298.03 298.03 76.03 76.03 76.03 76.03 212.03 212.03 174.03 174.03 174.03 0.0 0.0 0.0 0.0 0.0 0.0 0.0 0.0 0.0
0.0 0.0 0.0 0.0 0.0 0.0 0.0 0.0 0.0 0.0 0.0 0.0 0.0 0.0 0.0 0.0 254.03 254.03 176.03 176.03 0.0 0.0 0.0 0.0 0.0 0.0 0.02 291.03 291.03 291.03 0.01 0.01 0.01 0.01 82.03 82.03 35.03 35.03 35.03 35.03 255.04 0.02 255.03 255.03 30.03 288.03 288.03 321.04 321.04 321.04 287.04 287.04 287.03 320.03 320.03 320.03 298.03 298.03 298.03 298.03 76.03 76.03 76.03 76.03 212.03 174.03 174.03 174.03 174.03 0.0 0.0 0.0 0.0 0.0 0.0 0.0 0.0 0.0
0.0 0.0 0.0 0.0 0.0 0.0 0.0 0.0 0.0 0.0 0.0 0.0 0.0 0.0 0.0 0.0 0.0 176.03 0.0 0.0 0.0 0.0 0.0 0.0 0.0 0.0 0.02 0.02 291.03 291.03 0.01 215.03 215.03 215.03 82.03 82.03 35.03 35.03 35.03 102.04 102.03 255.03 255.03 255.03 0.01 0.01 288.03 288.03 288.03 288.03 0.02 245.03 245.03 320.03 320.03 320.03 298.03 298.03 298.03 39.03 76.03 76.03 76.03 326.03 326.03 194.03 194.03 194.03 194.03 0.0 0.0 0.0 0.0 0.0 0.0 0.0 0.0 0.0
0.0 0.0 0.0 0.0 0.0 0.0 0.0 0.0 0.0 0.0 0.0 0.0 0.0 0.0 0.0 0.0 0.0 0.0 0.0 0.0 0.0 0.0 0.0 0.0 0.0 0.0 291.04 291.04 291.03 291.03 215.03 215.03 215.03 215.03 0.02 215.03 35.03 35.03 102.04 102.03 102.03 255.03 255.03 30.03 0.01 30.03 288.03 288.03 288.03 288.04 245.04 245.03 245.03 245.03 38.03 38.03 38.03 39.03 39.03 39.03 39.03 326.03 326.03 326.03 326.03 194.03 194.03 0.0 0.0 0.0 0.0 0.0 0.0 0.0 0.0 0.0 0.0 0.0
0.0 0.0 0.0 0.0 0.0 0.0 0.0 0.0 0.0 0.0 0.0 0.0 0.0 0.0 0.0 0.0 0.0 0.0 0.0 0.0 0.0 0.0 0.0 0.0 0.0 0.0 291.03 291.03 291.04 215.03 215.03 215.04 215.04 215.04 215.04 215.03 215.03 102.03 102.03 102.04 159.03 159.03 159.03 30.03 30.03 30.03 288.04 288.04 288.03 288.04 245.03 245.03 20.03 20.03 38.03 38.03 38.03 39.03 39.03 39.03 39.03 326.03 326.03 326.03 40.03 40.03 0.02 0.0 0.0 0.0 0.0 0.0 0.0 0.0 0.0 0.0 0.0 0.0
0.0 0.0 0.0 0.0 0.0 0.0 0.0 0.0 0.0 0.0 0.0 0.0 0.0 0.0 0.0 0.0 0.0 0.0 0.0 0.0 0.0 0.0 0.0 0.0 0.0 0.0 0.02 291.03 215.04 215.04 215.04 215.04 215.04 215.04 215.04 215.04 102.03 102.04 102.04 159.04 159.03 159.03 159.03 30.03 30.03 30.04 30.04 156.04 288.04 274.04 274.03 20.03 20.03 38.03 38.03 38.03 265.03 39.03 39.03 39.03 39.03 130.03 41.03 41.03 40.03 40.03 0.0 0.0 0.0 0.0 0.0 0.0 0.0 0.0 0.0 0.0 0.0 0.0
0.0 0.0 0.0 0.0 0.0 0.0 0.0 0.0 0.0 0.0 0.0 0.0 0.0 0.0 0.0 0.0 0.0 0.0 0.0 0.0 0.0 0.0 0.0 0.0 0.0 0.0 291.03 291.04 2.04 2.04 2.04 2.04 2.04 2.04 2.04 2.04 2.04 250.04 250.04 250.04 250.03 250.03 30.03 30.03 30.03 30.03 156.04 156.03 156.04 274.03 274.03 273.03 273.03 273.03 265.03 265.03 265.03 39.03 39.03 299.03 299.03 130.03 130.04 0.02 41.03 40.03 0.0 0.0 0.0 0.0 0.0 0.0 0.0 0.0 0.0 0.0 0.0 0.0
0.0 0.0 0.0 0.0 0.0 0.0 0.0 0.0 0.0 0.0 0.0 0.0 0.0 0.0 0.0 0.0 0.0 0.0 0.0 0.0 0.0 0.0 0.0 0.0 0.0 0.0 0.0 2.04 2.04 2.04 2.04 2.04 2.04 2.04 2.04 2.04 2.04 250.04 250.04 250.03 250.03 250.03 250.03 30.03 30.03 156.03 156.03 156.03 156.03 274.03 274.03 274.03 273.03 273.03 265.03 265.03 265.03 265.03 299.03 299.03 299.04 130.04 130.04 41.04 0.0 0.0 0.0 0.0 0.0 0.0 0.0 0.0 0.0 0.0 0.0 0.0 0.0 0.0
0.0 0.0 0.0 0.0 0.0 0.0 0.0 0.0 0.0 0.0 0.0 0.0 0.0 0.0 0.0 0.0 0.0 0.0 0.0 0.0 0.0 0.0 0.0 0.0 0.0 0.0 0.0 2.04 2.04 2.04 2.04 2.04 2.04 2.04 2.04 2.04 2.04 250.04 250.04 250.04 250.03 250.03 243.03 243.03 243.03 156.03 156.03 156.03 0.02 274.03 274.03 274.03 273.03 144.03 265.03 265.03 265.03 265.03 299.03 299.03 0.02 130.04 0.0 0.0 0.0 0.0 0.0 0.0 0.0 0.0 0.0 0.0 0.0 0.0 0.0 0.0 0.0 0.0
0.0 0.0 0.0 0.0 0.0 0.0 0.0 0.0 0.0 0.0 0.0 0.0 0.0 0.0 0.0 0.0 0.0 0.0 0.0 0.0 0.0 0.0 0.0 0.0 0.0 0.0 0.0 2.04 2.04 2.04 2.04 2.04 2.04 2.04 2.04 2.04 0.02 250.04 250.04 250.04 250.03 243.03 243.03 243.03 243.03 26.03 156.03 156.04 156.04 274.04 274.03 274.03 234.03 144.03 144.03 144.03 144.03 144.04 299.04 299.03 0.0 0.0 0.0 0.0 0.0 0.0 0.0 0.0 0.0 0.0 0.0 0.0 0.0 0.0 0.0 0.0 0.0 0.0
0.0 0.0 0.0 0.0 0.0 0.0 0.0 0.0 0.0 0.0 0.0 0.0 0.0 0.0 0.0 0.0 0.0 0.0 0.0 0.0 0.0 0.0 0.0 0.0 0.0 0.0 0.0 2.04 175.04 0.05 175.04 175.04 175.04 175.04 175.04 0.02 175.04 210.04 250.04 243.04 243.03 243.03 243.03 154.03 154.03 26.03 26.03 244.04 244.04 244.04 325.04 0.05 234.03 234.03 144.03 144.03 144.03 144.03 0.0 0.0 0.0 0.0 0.0 0.0 0.0 0.0 0.0 0.0 0.0 0.0 0.0 0.0 0.0 0.0 0.0 0.0 0.0 0.0
0.0 0.0 0.0 0.0 0.0 0.0 0.0 0.0 0.0 0.0 0.0 0.0 0.0 0.0 0.0 0.0 0.0 0.0 0.0 0.0 0.0 0.0 0.0 0.0 0.0 0.0 0.0 0.0 175.04 0.05 175.03 175.04 175.04 175.04 175.04 175.04 175.04 210.04 210.03 243.04 243.03 243.03 154.03 0.02 154.03 26.03 26.03 244.03 244.03 244.04 325.04 0.05 234.03 234.03 283.03 249.03 249.03 0.0 0.0 0.0 0.0 0.0 0.0 0.0 0.0 0.0 0.0 0.0 0.0 0.0 0.0 0.0 0.0 0.0 0.0 0.0 0.0 0.0
0.0 0.0 0.0 0.0 0.0 0.0 0.0 0.0 0.0 0.0 0.0 0.0 0.0 0.0 0.0 0.0 0.0 0.0 0.0 0.0 0.0 0.0 0.0 0.0 0.0 0.0 0.0 0.0 0.05 0.05 0.05 175.04 175.04 175.04 175.04 136.04 210.04 210.04 0.02 210.04 243.04 154.04 154.04 0.02 154.03 26.03 26.04 244.04 0.05 0.05 0.05 0.05 325.03 234.03 0.02 249.04 249.03 0.0 0.0 0.0 0.0 0.0 0.0 0.0 0.0 0.0 0.0 0.0 0.0 0.0 0.0 0.0 0.0 0.0 0.0 0.0 0.0 0.0
0.0 0.0 0.0 0.0 0.0 0.0 0.0 0.0 0.0 0.0 0.0 0.0 0.0 0.0 0.0 0.0 0.0 0.0 0.0 0.0 0.0 0.0 0.0 0.0 0.0 0.0 0.0 0.0 0.0 0.05 0.05 0.05 136.03 136.04 136.04 136.04 210.04 210.04 210.04 210.04 9.04 154.04 154.04 154.03 26.03 26.03 26.04 244.04 244.04 0.05 8.04 325.03 325.03 249.03 249.03 249.03 249.03 0.0 0.0 0.0 0.0 0.0 0.0 0.0 0.0 0.0 0.0 0.0 0.0 0.0 0.0 0.0 0.0 0.0 0.0 0.0 0.0 0.0
0.0 0.0 0.0 0.0 0.0 0.0 0.0 0.0 0.0 0.0 0.0 0.0 0.0 0.0 0.0 0.0 0.0 0.0 0.0 0.0 0.0 0.0 0.0 0.0 0.0 0.0 0.0 0.0 0.0 0.05 0.05 136.03 136.03 136.03 136.03 136.04 210.04 210.04 191.04 191.04 9.04 9.04 9.03 61.03 61.03 26.03 32.03 32.04 65.04 65.04 65.03 325.03 149.03 149.03 249.03 249.03 0.0 0.0 0.0 0.0 0.0 0.0 0.0 0.0 0.0 0.0 0.0 0.0 0.0 0.0 0.0 0.0 0.0 0.0 0.0 0.0 0.0 0.0
0.0 0.0 0.0 0.0 0.0 0.0 0.0 0.0 0.0 0.0 0.0 0.0 0.0 0.0 0.0 0.0 0.0 0.0 0.0 0.0 0.0 0.0 0.0 0.0 0.0 0.0 0.0 0.0 0.0 0.0 136.03 136.03 136.03 136.03 136.03 136.04 191.04 191.04 191.04 191.03 9.03 9.03 0.02 61.03 61.04 32.04 32.04 32.03 65.03 65.03 65.03 149.03 149.03 149.03 149.03 0.0 0.0 0.0 0.0 0.0 0.0 0.0 0.0 0.0 0.0 0.0 0.0 0.0 0.0 0.0 0.0 0.0 0.0 0.0 0.0 0.0 0.0 0.0
