InputFiles/GridInputs/LU&ParcGridSob20.asc
ncols         177
nrows         257
xllcorner     -1684940.3713166039
yllcorner     3170668.0308883013
dx            20.099826346325166
dy            20.01721326890492
[rows 148 to 184 of 257, columns 84 to 167 of 177]
0.0 0.0 0.0 0.0 0.0 0.0 0.0 0.0 0.0 0.0 0.0 22.04 22.04 484.03 344.03 344.03 344.03 179.03 179.03 179.04 179.04 293.04 293.04 253.04 253.04 253.04 688.04 688.04 688.04 688.04 688.04 688.04 120.04 120.04 120.04 619.04 619.04 619.04 516.04 516.04 516.04 530.04 0.02 530.04 530.03 530.03 166.03 96.03 391.03 391.03 391.04 391.04 391.04 391.04 0.12 0.12 0.12 0.12 0.12 0.12 0.12 0.12 0.12 126.03 126.03 126.03 126.04 126.03 61.04 61.04 61.04 61.04 755.04 755.04 755.04 755.04 755.04 0.0 0.0 0.0 0.0 0.0 0.0 0.0
0.0 0.0 0.0 0.0 0.0 0.0 0.0 0.0 0.0 0.0 0.0 22.04 22.04 22.04 344.04 344.03 344.03 344.03 179.04 179.04 624.04 293.04 293.04 253.04 253.04 253.04 688.03 688.03 688.03 688.04 688.04 688.04 796.04 619.04 619.04 619.04 619.04 516.04 516.04 516.04 516.04 516.04 0.02 530.04 530.03 530.03 166.03 166.03 391.03 391.03 391.04 391.04 391.04 0.12 0.12 0.12 0.12 0.12 0.12 0.12 0.12 0.12 126.03 0.02 126.03 126.03 126.04 126.04 61.04 61.04 61.04 61.04 61.04 755.04 755.04 755.04 755.04 0.0 0.0 0.0 0.0 0.0 0.0 0.0
0.0 0.0 0.0 0.0 0.0 0.0 0.0 0.0 0.0 0.0 0.0 22.04 22.04 22.04 344.04 344.04 0.02 344.04 344.04 624.04 624.04 293.03 293.04 293.04 253.04 253.04 688.04 688.04 688.03 688.03 796.03 796.04 796.04 796.04 619.04 619.04 619.04 516.04 516.04 516.04 516.04 516.04 0.02 530.04 530.04 530.04 530.03 166.03 391.03 391.04 391.04 391.04 391.04 0.12 0.12 0.12 0.12 0.12 0.12 0.12 0.12 0.12 638.03 0.02 462.04 462.04 462.04 462.04 61.04 61.04 61.04 61.04 61.04 755.04 755.04 755.04 755.04 0.0 0.0 0.0 0.0 0.0 0.0 0.0
0.0 0.0 0.0 0.0 0.0 0.0 0.0 0.0 0.0 0.0 0.0 0.02 22.04 22.04 22.04 344.04 344.04 344.04 344.04 761.04 761.04 583.03 0.02 293.04 293.04 253.04 643.04 688.03 688.03 796.03 796.03 796.03 796.04 796.04 796.04 742.04 742.04 742.04 742.04 417.04 417.04 417.04 417.04 530.04 530.04 530.04 371.04 371.03 371.04 0.12 0.12 0.12 0.12 0.12 0.12 0.12 0.12 0.12 0.12 0.12 0.12 638.03 638.03 462.04 462.04 462.04 462.04 462.04 462.04 61.04 61.04 61.04 61.04 755.04 755.04 0.05 0.0 0.0 0.0 0.0 0.0 0.0 0.0 0.0
0.0 0.0 0.0 0.0 0.0 0.0 0.0 0.0 0.0 0.0 0.0 22.04 22.04 0.02 22.03 316.03 316.04 316.04 316.04 761.04 583.04 583.04 583.04 583.04 643.04 643.04 643.03 643.03 643.03 796.03 796.03 796.04 796.04 796.04 796.04 209.04 742.04 0.02 742.04 417.04 417.04 417.04 417.04 417.04 371.04 371.04 371.04 0.02 0.12 0.12 0.12 0.12 0.12 0.12 0.12 0.12 0.12 0.12 0.12 0.12 0.12 638.04 638.04 638.04 462.04 462.04 462.04 462.04 462.04 462.04 61.04 61.04 61.04 755.04 0.05 0.0 0.0 0.0 0.0 0.0 0.0 0.0 0.0 0.0
0.0 0.0 0.0 0.0 0.0 0.0 0.0 0.0 0.0 0.0 469.04 22.04 22.04 22.04 22.03 764.03 316.03 316.03 316.04 316.04 583.04 583.04 583.04 583.04 643.04 643.04 643.03 643.03 643.03 0.02 796.03 796.03 796.03 796.03 209.04 209.04 209.04 742.04 742.04 417.04 417.04 417.04 417.04 417.04 371.04 371.04 371.04 0.12 0.12 0.12 0.12 0.12 0.12 0.12 0.12 0.12 0.12 0.12 0.12 0.12 0.12 638.04 638.04 638.04 638.04 462.04 462.04 0.02 462.03 462.04 462.04 61.04 61.04 61.04 755.04 0.0 0.0 0.0 0.0 0.0 0.0 0.0 0.0 0.0
0.0 0.0 0.0 0.0 0.0 0.0 0.0 0.0 0.0 0.0 469.04 469.04 22.04 764.04 764.03 764.03 316.03 316.03 0.02 316.03 583.03 583.03 0.02 560.04 643.04 643.04 643.03 643.03 643.03 796.03 796.03 796.03 0.02 796.03 209.04 209.04 209.04 209.04 417.04 417.04 417.04 417.04 417.04 371.04 371.04 371.04 371.04 0.12 0.12 0.12 0.12 0.12 0.12 0.12 0.12 0.12 0.12 0.12 0.12 0.12 638.03 638.03 638.03 638.03 638.03 462.03 462.03 462.03 0.0 0.0 0.0 0.0 0.0 0.0 0.0 0.0 0.0 0.0 0.0 0.0 0.0 0.0 0.0 0.0
0.0 0.0 0.0 0.0 0.0 0.0 0.0 0.0 0.0 0.0 469.04 469.04 469.04 764.04 764.04 764.04 764.03 0.02 316.03 316.03 583.03 583.03 0.02 560.04 560.04 560.04 560.04 643.03 643.03 796.03 796.03 796.03 796.03 796.03 723.04 209.04 209.04 209.04 378.04 417.04 417.04 417.04 417.03 371.04 371.04 371.03 371.03 0.12 0.12 0.12 0.12 0.12 0.12 0.12 0.12 0.12 0.12 0.12 0.12 0.12 638.03 638.03 638.03 638.03 638.03 638.03 462.03 462.03 0.0 0.0 0.0 0.0 0.0 0.0 0.0 0.0 0.0 0.0 0.0 0.0 0.0 0.0 0.0 0.0
0.0 0.0 0.0 0.0 0.0 0.0 0.0 0.0 0.0 0.0 469.03 469.04 469.04 764.04 764.04 764.04 764.04 316.04 316.03 148.03 148.03 148.03 148.04 560.04 560.04 560.04 560.04 560.03 560.03 560.03 796.03 796.03 796.03 723.03 723.04 723.04 378.04 378.04 378.04 378.04 417.04 417.04 371.04 371.04 371.04 371.03 371.03 0.12 0.12 0.12 0.12 0.12 0.12 0.12 0.12 0.12 0.12 0.12 0.12 638.03 638.03 638.03 638.03 114.03 114.03 114.03 0.0 0.0 0.0 0.0 0.0 0.0 0.0 0.0 0.0 0.0 0.0 0.0 0.0 0.0 0.0 0.0 0.0 0.0
0.0 0.0 0.0 0.0 0.0 0.0 0.0 0.0 0.0 0.0 469.03 469.04 469.04 764.04 764.04 764.04 764.04 764.03 148.03 148.03 148.03 148.03 148.04 148.04 560.04 560.04 560.04 560.04 560.03 697.03 697.03 697.03 697.03 723.04 723.04 723.04 378.04 378.04 378.04 378.04 378.04 378.04 371.04 371.04 371.04 371.04 371.03 0.12 0.12 0.12 0.12 0.12 0.12 0.12 0.12 0.12 0.12 0.12 0.12 625.03 114.03 114.03 114.03 114.03 0.02 114.03 114.03 0.0 0.0 0.0 0.0 0.0 0.0 0.0 0.0 0.0 0.0 0.0 0.0 0.0 0.0 0.0 0.0 0.0
0.0 0.0 0.0 0.0 0.0 0.0 0.0 0.0 0.0 0.0 332.03 332.04 332.04 332.04 764.04 764.04 764.04 148.03 148.03 148.03 148.03 0.02 148.04 148.04 435.04 435.04 435.04 435.04 0.02 0.02 697.03 697.03 697.04 697.04 723.03 723.04 378.03 378.04 0.12 378.04 378.04 378.04 371.04 371.04 371.04 371.03 0.12 0.12 0.12 0.12 0.12 0.12 0.12 0.12 0.12 0.12 0.12 0.12 625.03 625.03 114.03 114.03 114.03 114.03 114.03 114.03 114.03 114.03 114.03 0.0 0.0 0.0 0.0 0.0 0.0 0.0 0.0 0.0 0.0 0.0 0.0 0.0 0.0 0.0
0.0 0.0 0.0 0.0 0.0 0.0 0.0 332.03 332.03 332.03 332.04 332.04 332.04 332.04 332.04 332.04 0.02 148.03 148.03 148.03 148.03 0.02 148.04 148.04 435.04 435.04 435.04 435.04 0.02 697.04 697.04 697.04 697.04 697.03 45.03 723.03 0.12 0.12 0.12 0.12 378.04 378.04 371.04 371.04 371.03 371.03 0.12 0.12 0.12 0.12 0.12 0.12 0.12 0.12 0.12 0.12 0.12 625.03 625.03 625.03 114.03 114.03 114.03 114.03 114.03 114.03 114.03 114.03 114.03 114.03 0.0 0.0 0.0 0.0 0.0 0.0 0.0 0.0 0.0 0.0 0.0 0.0 0.0 0.0
0.0 0.0 0.0 0.0 0.0 0.0 332.03 332.03 332.03 332.03 332.04 332.04 0.02 332.04 332.04 332.04 332.04 148.03 148.03 148.03 148.03 148.04 148.04 148.04 435.04 435.04 435.04 435.04 435.04 697.04 697.04 697.04 697.04 45.04 45.03 0.12 0.12 0.12 0.12 0.12 378.04 378.04 371.04 371.04 371.04 0.12 0.12 0.12 0.12 0.12 0.12 0.12 0.12 0.12 0.12 0.12 0.12 625.03 625.03 625.03 625.03 114.03 114.03 114.03 114.03 114.03 114.03 114.03 114.03 114.03 804.03 0.0 0.0 0.0 0.0 0.0 0.0 0.0 0.0 0.0 0.0 0.0 0.0 0.0
0.0 0.0 0.0 0.0 0.0 0.0 222.03 222.03 222.03 332.03 332.04 332.04 332.04 332.04 332.04 332.04 459.04 459.03 459.03 459.04 459.04 459.04 148.04 148.04 435.04 435.04 435.04 435.04 435.04 697.04 0.02 697.04 697.04 45.04 45.04 0.12 0.12 0.12 0.12 0.12 0.12 378.04 731.04 731.04 731.04 0.12 0.12 0.12 0.12 0.12 0.12 0.12 0.12 0.12 0.12 115.04 625.04 625.03 625.03 625.03 0.02 114.03 114.03 114.03 114.03 114.03 114.04 114.03 804.03 804.03 804.03 0.0 0.0 0.0 0.0 0.0 0.0 0.0 0.0 0.0 0.0 0.0 0.0 0.0
0.0 0.0 0.0 0.0 0.0 0.0 222.04 222.03 222.03 222.03 222.03 222.04 222.04 0.02 332.04 332.04 459.03 459.03 459.03 459.04 459.04 459.04 459.04 459.04 459.04 435.04 435.04 435.04 435.04 0.02 697.04 697.04 45.04 45.04 45.04 0.12 0.12 0.12 0.12 0.12 0.12 731.04 731.04 731.04 0.12 0.12 0.12 0.12 0.12 0.12 558.04 115.04 115.04 115.04 115.04 115.04 115.04 625.04 625.04 625.03 665.03 665.03 665.03 114.03 114.03 804.03 804.04 804.03 804.03 804.03 804.03 0.0 0.0 0.0 0.0 0.0 0.0 0.0 0.0 0.0 0.0 0.0 0.0 0.0
0.0 0.0 0.0 0.0 0.0 0.0 222.04 222.03 222.03 222.03 222.03 222.04 222.04 222.03 222.03 369.04 369.03 459.03 0.02 459.04 459.04 459.04 459.04 459.04 459.04 435.04 435.04 435.04 351.04 697.04 122.04 106.04 106.04 106.04 45.04 0.02 0.12 0.12 0.12 0.12 0.12 731.04 0.12 0.12 0.12 0.12 0.12 0.12 731.04 558.04 558.04 115.04 115.04 115.04 115.04 115.04 115.04 665.04 665.04 665.04 665.03 665.03 665.03 665.03 804.03 804.04 804.04 804.03 804.03 804.03 804.03 0.0 0.0 0.0 0.0 0.0 0.0 0.0 0.0 0.0 0.0 0.0 0.0 0.0
0.0 0.0 0.0 0.0 0.0 222.04 222.04 222.03 222.03 222.03 222.03 222.04 222.03 222.03 222.03 369.03 369.03 369.03 369.04 459.04 459.04 459.04 459.04 459.04 459.04 351.04 351.04 351.04 351.04 122.04 122.04 122.04 106.04 106.04 106.04 106.04 106.04 106.04 106.04 0.12 0.12 0.12 0.12 0.12 0.12 0.12 731.04 731.04 731.04 558.04 558.04 558.04 115.04 115.04 115.04 115.04 115.04 665.04 665.04 665.04 665.03 665.03 665.03 665.04 804.04 804.04 804.03 804.03 804.03 804.03 0.0 0.0 0.0 0.0 0.0 0.0 0.0 0.0 0.0 0.0 0.0 0.0 0.0 0.0
0.0 0.0 0.0 0.0 0.0 222.04 222.04 222.04 222.03 222.03 222.03 222.03 222.03 222.03 2.03 369.04 369.04 369.04 369.03 369.04 459.04 459.04 459.04 6.04 6.04 351.04 351.04 351.04 351.04 122.04 122.04 122.04 122.04 106.04 106.04 106.04 106.04 106.04 106.04 0.12 0.12 0.12 0.12 0.12 0.02 731.04 731.04 731.04 731.04 558.04 558.04 558.04 115.04 115.04 115.04 115.04 115.04 665.04 665.04 665.04 665.03 665.03 665.04 804.04 804.03 804.03 804.03 804.03 804.03 0.0 0.0 0.0 0.0 0.0 0.0 0.0 0.0 0.0 0.0 0.0 0.0 0.0 0.0 0.0
0.0 0.0 0.0 0.0 0.0 0.0 222.04 222.04 222.03 222.03 222.03 222.03 2.03 2.03 2.03 369.04 369.04 369.04 0.02 369.03 369.04 6.04 6.04 6.04 6.04 351.04 351.04 351.04 351.04 351.04 122.04 122.04 122.04 0.05 0.05 106.04 106.04 106.04 106.04 0.12 0.12 0.12 0.12 731.03 731.03 731.04 731.04 760.04 760.04 760.04 760.04 295.04 295.04 115.04 115.04 115.04 115.04 665.04 665.04 665.04 0.08 0.08 0.08 0.08 0.08 804.03 804.03 804.03 804.03 0.0 0.0 0.0 0.0 0.0 0.0 0.0 0.0 0.0 0.0 0.0 0.0 0.0 0.0 0.0
0.0 0.0 0.0 0.0 0.0 0.0 222.04 222.03 222.03 222.03 2.03 2.03 2.03 2.03 2.03 2.04 369.04 369.04 369.04 369.03 369.04 6.04 6.04 6.03 6.04 351.04 351.04 351.04 351.04 351.04 122.03 122.03 0.12 0.12 0.12 0.12 0.12 106.04 0.12 0.12 0.12 0.12 731.03 731.03 0.02 760.04 760.04 760.04 760.04 760.04 295.04 295.04 295.04 0.02 295.04 115.04 665.04 665.04 665.04 665.03 0.08 0.08 0.08 0.08 0.08 0.08 0.02 804.03 0.0 0.0 0.0 0.0 0.0 0.0 0.0 0.0 0.0 0.0 0.0 0.0 0.0 0.0 0.0 0.0
0.0 0.0 0.0 0.0 0.0 0.0 222.03 43.03 43.03 43.03 2.03 2.03 2.03 2.03 2.03 2.03 369.03 369.03 369.03 369.03 369.03 6.04 6.03 0.02 6.04 602.04 602.03 351.04 351.04 0.12 0.12 0.12 0.12 0.12 0.12 0.12 0.12 0.12 0.12 0.12 0.12 83.03 731.03 760.03 760.04 760.04 760.04 760.04 760.04 295.04 295.04 295.04 295.04 295.04 295.04 0.02 665.04 665.04 665.03 0.08 0.08 0.08 0.08 0.08 0.08 0.08 0.08 0.0 0.0 0.0 0.0 0.0 0.0 0.0 0.0 0.0 0.0 0.0 0.0 0.0 0.0 0.0 0.0 0.0
0.0 0.0 0.0 0.0 0.0 0.0 0.0 43.03 43.03 43.03 43.03 2.03 2.03 2.03 2.03 2.03 369.03 369.03 369.03 369.03 369.03 681.03 6.03 6.03 602.04 602.04 0.02 602.04 0.12 0.12 0.12 0.12 0.12 0.12 0.12 0.12 0.12 0.12 0.12 0.05 388.03 83.03 83.03 800.03 760.04 760.04 760.04 760.04 295.04 295.04 295.04 295.04 295.04 295.04 295.04 66.04 66.04 665.04 0.08 0.08 0.08 0.08 0.08 0.08 0.08 0.08 0.08 0.0 0.0 0.0 0.0 0.0 0.0 0.0 0.0 0.0 0.0 0.0 0.0 0.0 0.0 0.0 0.0 0.0
0.0 0.0 0.0 0.0 0.0 0.0 0.0 43.03 43.03 43.03 43.03 43.03 0.02 2.03 2.03 2.03 438.03 668.03 668.03 766.03 766.03 681.03 681.03 681.03 681.04 602.04 0.12 0.12 0.12 0.12 0.12 0.12 0.12 0.12 0.12 0.12 0.12 0.12 0.05 388.03 0.02 83.03 83.03 800.03 800.03 760.03 760.03 760.03 295.04 295.04 295.04 295.04 66.04 66.04 66.04 66.04 66.04 0.08 0.08 0.08 0.08 0.08 0.08 0.08 0.08 0.08 0.0 0.0 0.0 0.0 0.0 0.0 0.0 0.0 0.0 0.0 0.0 0.0 0.0 0.0 0.0 0.0 0.0 0.0
0.0 0.0 0.0 0.0 0.0 0.0 0.0 43.03 43.03 0.08 0.08 0.08 43.03 43.03 2.03 2.03 438.03 668.03 668.03 766.03 766.03 681.03 681.03 681.03 681.03 0.12 0.12 0.12 0.12 0.12 0.12 0.12 0.12 0.12 0.12 0.12 0.12 388.03 0.02 388.04 83.03 83.04 800.03 800.03 800.03 800.03 410.03 410.04 410.04 66.04 66.04 66.04 66.04 66.04 66.04 66.04 0.08 0.08 0.08 0.08 0.08 0.08 0.08 0.08 0.08 0.0 0.0 0.0 0.0 0.0 0.0 0.0 0.0 0.0 0.0 0.0 0.0 0.0 0.0 0.0 0.0 0.0 0.0 0.0
0.0 0.0 0.0 0.0 0.0 0.0 0.0 0.0 43.03 43.04 0.02 0.08 43.04 43.04 43.04 438.03 438.03 438.03 668.03 766.03 766.03 681.03 681.03 681.03 681.03 0.12 0.12 0.12 0.12 0.12 0.12 0.12 0.12 0.12 0.12 0.12 388.04 388.03 388.04 388.04 83.04 83.04 800.04 800.04 800.04 800.04 410.04 410.04 410.04 66.04 66.04 66.04 66.04 66.04 66.04 66.04 0.08 0.08 0.08 0.08 0.08 0.08 0.08 0.08 0.08 0.0 0.0 0.0 0.0 0.0 0.0 0.0 0.0 0.0 0.0 0.0 0.0 0.0 0.0 0.0 0.0 0.0 0.0 0.0
0.0 0.0 0.0 0.0 0.0 0.0 0.0 0.0 43.03 0.02 0.02 0.08 43.04 43.04 438.04 438.03 438.03 438.03 668.03 594.03 594.03 594.03 681.03 681.03 0.12 0.12 0.12 0.12 0.12 0.12 0.12 0.12 0.12 0.12 0.12 0.12 388.04 388.04 388.04 83.04 83.04 83.04 800.04 800.04 800.04 800.04 410.04 410.04 410.04 0.02 66.04 66.04 66.04 66.04 66.04 0.08 0.08 0.08 0.08 0.08 0.08 0.08 0.08 0.08 286.03 0.0 0.0 0.0 0.0 0.0 0.0 0.0 0.0 0.0 0.0 0.0 0.0 0.0 0.0 0.0 0.0 0.0 0.0 0.0
0.0 0.0 0.0 0.0 0.0 0.0 0.0 0.0 43.03 43.03 43.04 43.04 43.04 43.04 438.04 438.04 438.03 438.03 438.03 594.04 594.04 594.03 594.03 681.03 0.12 0.12 0.12 0.12 0.12 0.12 0.12 0.12 0.12 0.12 0.12 388.04 388.04 388.04 388.04 83.04 83.04 83.04 800.04 800.04 800.04 800.04 189.04 410.04 410.04 410.04 410.04 66.03 66.04 66.04 66.04 0.08 0.08 0.08 0.08 0.08 0.08 0.08 154.04 286.04 0.02 0.0 0.0 0.0 0.0 0.0 0.0 0.0 0.0 0.0 0.0 0.0 0.0 0.0 0.0 0.0 0.0 0.0 0.0 0.0
0.0 0.0 0.0 0.0 0.0 0.0 0.0 0.0 0.0 43.03 43.04 43.04 43.04 43.04 438.04 438.04 438.03 438.03 438.03 594.04 594.04 594.03 594.03 0.12 0.12 0.12 0.12 0.12 0.12 0.12 0.12 0.12 0.12 0.12 0.12 388.04 388.04 388.04 83.04 83.04 83.04 800.04 800.04 800.04 800.04 800.04 189.04 189.04 410.03 410.03 410.04 66.04 66.04 66.04 66.04 0.08 0.08 0.08 0.08 0.08 0.08 0.08 154.04 286.04 0.0 0.0 0.0 0.0 0.0 0.0 0.0 0.0 0.0 0.0 0.0 0.0 0.0 0.0 0.0 0.0 0.0 0.0 0.0 0.0
0.0 0.0 0.0 0.0 0.0 0.0 0.0 0.0 43.04 43.04 43.04 43.04 696.03 696.04 696.04 696.04 264.04 264.04 264.04 264.04 264.04 503.03 503.03 0.12 0.12 0.12 0.12 0.12 0.12 0.12 0.12 0.12 0.12 0.12 388.04 388.04 388.04 388.04 83.04 83.04 83.04 800.04 800.04 800.04 800.04 800.04 189.04 189.04 410.04 410.04 410.03 410.03 171.04 171.04 171.04 0.08 0.08 0.08 0.08 0.08 0.08 154.04 154.04 286.04 286.04 0.0 0.0 0.0 0.0 0.0 0.0 0.0 0.0 0.0 0.0 0.0 0.0 0.0 0.0 0.0 0.0 0.0 0.0 0.0
0.0 0.0 0.0 0.0 0.0 0.0 0.0 0.0 289.03 289.03 0.02 696.03 696.03 696.04 696.04 696.04 264.04 264.04 264.04 264.04 503.04 503.04 503.03 503.04 0.12 0.12 0.12 0.12 0.12 0.12 0.12 0.12 0.12 0.12 480.04 388.04 388.04 83.04 83.04 83.04 83.04 800.04 800.04 800.04 800.04 189.04 189.04 189.04 189.04 410.04 410.04 171.04 171.04 171.04 0.08 0.08 0.08 0.08 0.08 0.08 0.08 154.04 154.03 286.04 286.04 0.0 0.0 0.0 0.0 0.0 0.0 0.0 0.0 0.0 0.0 0.0 0.0 0.0 0.0 0.0 0.0 0.0 0.0 0.0
0.0 0.0 0.0 0.0 0.0 0.0 0.0 0.0 0.02 0.02 0.02 0.02 0.02 696.04 696.04 696.04 696.04 264.04 264.04 264.04 503.04 503.04 503.04 503.04 0.12 0.12 0.12 0.12 0.12 0.12 0.12 0.12 0.12 480.04 480.04 480.04 691.04 213.04 213.04 213.04 213.04 800.04 800.04 800.04 800.04 189.04 189.04 189.04 189.04 189.04 171.04 171.04 171.04 0.05 171.03 0.08 0.08 0.08 0.08 0.08 154.04 154.04 286.03 286.03 286.03 0.0 0.0 0.0 0.0 0.0 0.0 0.0 0.0 0.0 0.0 0.0 0.0 0.0 0.0 0.0 0.0 0.0 0.0 0.0
0.0 0.0 0.0 0.0 0.0 0.0 0.0 289.03 289.03 289.03 414.03 696.03 696.03 696.03 696.04 696.04 696.04 264.04 264.04 503.04 503.04 503.04 503.04 503.04 0.12 0.12 0.12 0.12 0.12 0.12 0.12 0.12 480.04 480.04 480.04 480.04 480.04 691.04 213.04 213.04 213.04 21.04 21.04 21.04 21.04 189.04 189.04 189.04 189.04 287.04 171.04 171.04 171.03 0.05 0.05 518.04 0.08 0.08 0.08 689.04 689.04 154.04 286.03 286.03 522.04 0.02 0.0 0.0 0.0 0.0 0.0 0.0 0.0 0.0 0.0 0.0 0.0 0.0 0.0 0.0 0.0 0.0 0.0 0.0
0.0 0.0 0.0 0.0 0.0 0.0 0.0 289.03 289.03 289.03 414.03 414.03 696.03 696.03 696.04 696.04 696.04 0.08 503.03 0.05 0.05 503.04 503.04 503.04 0.12 0.12 0.12 0.12 0.12 0.12 0.12 0.12 480.03 480.04 480.04 480.04 480.04 691.04 213.04 213.04 213.04 21.03 21.04 21.04 21.04 21.04 287.04 287.04 287.04 287.04 0.02 171.03 0.05 0.05 518.04 518.04 0.08 745.04 567.04 689.04 0.02 689.03 522.04 0.02 522.04 522.04 522.03 522.03 0.02 153.03 153.03 153.04 38.04 38.04 0.0 0.0 0.0 0.0 0.0 0.0 0.0 0.0 0.0 0.0
0.0 0.0 0.0 0.0 0.0 0.0 289.03 289.03 289.03 289.03 414.03 414.03 414.03 414.03 0.05 631.04 631.04 631.03 631.03 0.05 0.05 503.04 503.04 503.04 0.12 0.12 0.12 0.12 0.12 0.12 0.12 480.03 480.03 480.04 480.04 480.04 480.04 691.04 213.04 213.04 464.04 21.04 21.04 21.04 21.04 21.04 287.04 287.04 287.03 287.03 0.02 287.03 0.05 0.05 518.04 0.08 0.08 745.04 745.04 567.04 689.04 689.04 522.03 522.04 522.04 522.03 522.03 153.03 153.03 0.02 153.03 153.04 38.03 38.04 38.03 38.03 0.0 0.0 0.0 0.0 0.0 0.0 0.0 0.0
0.0 0.0 0.0 0.0 0.0 0.0 289.03 289.03 289.03 289.03 414.03 414.03 414.03 414.03 631.04 631.04 631.04 631.04 631.04 0.05 0.05 503.04 503.04 503.04 0.12 0.12 0.12 0.12 0.12 480.03 480.03 480.03 0.02 480.04 480.04 480.04 480.04 691.04 691.04 0.02 464.04 21.04 21.04 21.04 21.04 649.04 649.04 287.03 287.03 0.02 287.03 0.05 0.05 0.05 745.04 745.04 745.04 745.04 745.04 567.04 567.04 567.04 522.03 522.03 522.03 522.03 522.03 153.03 153.04 153.04 153.03 153.03 38.03 38.03 38.03 259.03 259.03 0.0 0.0 0.0 0.0 0.0 0.0 0.0
0.0 0.0 0.0 0.0 0.0 0.0 0.0 289.04 289.04 289.03 289.03 414.03 414.03 414.03 631.04 631.04 631.04 631.04 631.04 631.04 503.04 503.04 503.04 0.12 0.12 0.12 0.12 0.12 480.03 480.03 480.03 480.03 480.04 480.04 480.04 480.04 480.04 691.04 464.04 464.04 464.04 464.04 21.04 21.04 21.04 649.04 649.03 649.03 287.03 287.03 287.03 0.05 287.04 287.04 745.04 745.04 745.04 745.04 745.04 567.04 567.04 501.04 501.03 501.03 501.03 522.03 0.05 153.03 153.04 0.02 0.02 153.03 0.08 38.03 259.03 259.03 259.03 0.02 0.0 0.0 0.0 0.0 0.0 0.0
0.0 0.0 0.0 0.0 0.0 0.0 0.0 289.04 289.04 289.04 289.03 414.03 414.03 414.03 414.04 631.04 631.04 631.04 631.04 631.04 631.04 503.04 503.04 0.12 0.12 0.12 0.12 728.03 728.03 728.03 480.03 480.03 480.04 480.04 480.04 480.04 30.04 0.02 30.04 30.04 464.04 464.04 21.04 21.03 649.03 649.03 649.03 649.03 649.03 287.03 0.05 0.02 287.04 287.04 301.04 301.04 301.04 301.04 301.04 301.04 501.04 501.03 501.03 501.03 501.03 501.03 0.05 0.05 153.04 153.04 153.04 153.03 153.03 259.03 259.03 259.03 259.03 259.03 0.0 0.0 0.0 0.0 0.0 0.0
