InputFiles/GridInputs/LU&ParcGridSob40.asc
ncols         88
nrows         128
xllcorner     -1684940.3713166039
yllcorner     3170668.0308883013
cellsize      40
[rows 0 to 37 of 128, columns 0 to 84 of 88]
0.0 0.0 0.0 0.0 0.0 0.0 0.0 0.0 0.0 0.0 0.0 0.0 0.0 0.0 0.0 0.0 0.0 0.0 0.0 116.04 116.04 583.03 583.03 0.0 0.0 0.0 0.0 0.0 0.0 0.0 0.0 0.0 0.0 0.0 0.0 0.0 0.0 0.0 0.0 0.0 0.0 0.0 0.0 0.0 0.0 0.0 0.0 0.0 0.0 0.0 0.0 0.0 0.0 0.0 0.0 0.0 0.0 0.0 0.0 0.0 0.0 0.0 0.0 0.0 0.0 0.0 0.0 0.0 0.0 0.0 0.0 0.0 0.0 0.0 0.0 0.0 0.0 0.0 0.0 0.0 0.0 0.0 0.0 0.0 0.0
0.0 0.0 0.0 0.0 0.0 0.0 0.0 0.0 0.0 0.0 0.0 0.0 0.0 0.0 0.0 0.0 469.04 469.04 116.04 116.04 116.03 583.03 583.03 0.0 0.0 0.0 0.0 0.0 0.0 0.0 0.0 0.0 0.0 0.0 0.0 0.0 0.0 0.0 0.0 0.0 0.0 0.0 0.0 0.0 0.0 0.0 0.0 0.0 0.0 0.0 0.0 0.0 0.0 0.0 0.0 0.0 0.0 0.0 0.0 0.0 0.0 0.0 0.0 0.0 0.0 0.0 0.0 0.0 0.0 0.0 0.0 0.0 0.0 0.0 0.0 0.0 0.0 0.0 0.0 0.0 0.0 0.0 0.0 0.0 0.0
0.0 0.0 0.0 0.0 0.0 0.0 0.0 0.0 0.0 0.0 0.0 0.0 0.0 0.0 0.0 469.04 469.04 469.04 469.04 116.03 116.04 583.04 583.03 0.0 0.0 0.0 0.0 0.0 0.0 0.0 0.0 0.0 0.0 0.0 0.0 0.0 0.0 0.0 0.0 0.0 0.0 0.0 0.0 0.0 0.0 0.0 0.0 0.0 0.0 0.0 0.0 0.0 0.0 0.0 0.0 0.0 0.0 0.0 0.0 0.0 0.0 0.0 0.0 0.0 0.0 0.0 0.0 0.0 0.0 0.0 0.0 0.0 0.0 0.0 0.0 0.0 0.0 0.0 0.0 0.0 0.0 0.0 0.0 0.0 0.0
0.0 0.0 0.0 0.0 0.0 0.0 0.0 0.0 0.0 0.0 0.0 0.0 0.0 0.0 469.04 469.04 469.04 469.04 469.04 116.04 116.04 583.04 249.04 249.03 0.0 0.0 0.0 0.0 0.0 0.0 0.0 0.0 0.0 0.0 0.0 0.0 0.0 0.0 0.0 0.0 0.0 0.0 0.0 0.0 0.0 0.0 0.0 0.0 0.0 0.0 0.0 0.0 0.0 0.0 0.0 0.0 0.0 0.0 0.0 0.0 0.0 0.0 0.0 0.0 0.0 0.0 0.0 0.0 0.0 0.0 0.0 0.0 0.0 0.0 0.0 0.0 0.0 0.0 0.0 0.0 0.0 0.0 0.0 0.0 0.0
0.0 0.0 0.0 0.0 0.0 0.0 0.0 0.0 0.0 0.0 0.0 0.0 0.0 0.0 479.03 479.04 469.04 223.04 223.04 223.04 645.04 645.04 249.04 98.03 98.04 0.02 0.0 0.0 0.0 0.0 0.0 0.0 0.0 0.0 0.0 0.0 0.0 0.0 0.0 0.0 0.0 0.0 0.0 0.0 0.0 0.0 0.0 0.0 0.0 0.0 0.0 0.0 0.0 0.0 0.0 0.0 0.0 0.0 0.0 0.0 0.0 0.0 0.0 0.0 0.0 0.0 0.0 0.0 0.0 0.0 0.0 0.0 0.0 0.0 0.0 0.0 0.0 0.0 0.0 0.0 0.0 0.0 0.0 0.0 0.0
0.0 0.0 0.0 0.0 0.0 0.0 0.0 0.0 0.0 0.0 0.0 0.0 0.0 479.04 479.03 479.04 479.04 223.04 223.04 223.04 0.02 291.03 291.04 693.04 693.04 693.04 55.04 0.0 0.0 0.0 0.0 0.0 0.0 0.0 0.0 0.0 0.0 0.0 0.0 0.0 0.0 0.0 0.0 0.0 0.0 0.0 0.0 0.0 0.0 0.0 0.0 0.0 0.0 0.0 0.0 0.0 0.0 0.0 0.0 0.0 0.0 0.0 0.0 0.0 0.0 0.0 0.0 0.0 0.0 0.0 0.0 0.0 0.0 0.0 0.0 0.0 0.0 0.0 0.0 0.0 0.0 0.0 0.0 0.0 0.0
0.0 0.0 0.0 0.0 0.0 0.0 0.0 0.0 0.0 0.0 0.0 0.0 0.0 479.04 479.04 479.04 479.04 479.04 223.04 223.04 645.04 291.03 291.03 693.03 693.04 55.04 55.04 55.04 55.04 0.0 0.0 0.0 0.0 0.0 0.0 0.0 0.0 0.0 0.0 0.0 0.0 0.0 0.0 0.0 0.0 0.0 0.0 0.0 0.0 0.0 0.0 0.0 0.0 0.0 0.0 0.0 0.0 0.0 0.0 0.0 0.0 0.0 0.0 0.0 0.0 0.0 0.0 0.0 0.0 0.0 0.0 0.0 0.0 0.0 0.0 0.0 0.0 0.0 0.0 0.0 0.0 0.0 0.0 0.0 0.0
0.0 0.0 0.0 0.0 0.0 0.0 0.0 0.0 0.0 0.0 0.0 0.0 0.0 479.04 479.04 479.04 479.04 479.03 381.04 356.04 356.03 231.03 231.03 392.03 392.04 392.04 55.04 55.04 55.04 214.04 214.03 214.04 214.04 560.04 560.04 560.03 560.04 560.04 560.04 560.04 560.03 0.0 0.0 0.0 0.0 0.0 0.0 0.0 0.0 0.0 0.0 0.0 0.0 0.0 0.0 0.0 0.0 0.0 0.0 0.0 0.0 0.0 0.0 0.0 0.0 0.0 0.0 0.0 0.0 0.0 0.0 0.0 0.0 0.0 0.0 0.0 0.0 0.0 0.0 0.0 0.0 0.0 0.0 0.0 0.0
0.0 0.0 0.0 0.0 0.0 0.0 0.0 0.0 0.0 0.0 0.0 0.0 0.0 7.04 479.04 479.04 479.04 381.04 381.04 356.03 356.03 615.03 231.03 29.03 0.02 392.03 55.04 55.04 214.04 214.04 214.04 214.04 214.04 560.04 560.04 560.03 560.03 0.05 0.05 560.03 533.04 533.04 0.0 0.0 0.0 0.0 0.0 0.0 0.0 0.0 0.0 0.0 0.0 0.0 0.0 0.0 0.0 0.0 0.0 0.0 0.0 0.0 0.0 0.0 0.0 0.0 0.0 0.0 0.0 0.0 0.0 0.0 0.0 0.0 0.0 0.0 0.0 0.0 0.0 0.0 0.0 0.0 0.0 0.0 0.0
0.0 0.0 0.0 0.0 0.0 0.0 0.0 0.0 0.0 0.0 0.0 0.0 7.04 7.04 37.04 37.04 434.04 381.04 381.04 381.03 356.03 615.03 659.03 29.03 388.04 388.04 681.03 681.03 214.04 214.04 214.03 214.04 214.03 124.03 124.03 560.03 560.03 560.03 560.04 533.04 533.04 533.04 533.04 0.0 0.0 0.0 0.0 0.0 0.0 0.0 0.0 0.0 0.0 0.0 0.0 0.0 0.0 0.0 0.0 0.0 0.0 0.0 0.0 0.0 0.0 0.0 0.0 0.0 0.0 0.0 0.0 0.0 0.0 0.0 0.0 0.0 0.0 0.0 0.0 0.0 0.0 0.0 0.0 0.0 0.0
0.0 0.0 0.0 0.0 0.0 0.0 0.0 0.0 0.0 0.0 0.0 0.0 7.04 7.04 37.04 37.04 434.04 434.04 381.04 708.04 708.04 0.02 659.04 659.03 388.04 388.04 681.04 681.03 214.04 214.04 214.04 387.04 387.03 124.03 124.03 124.03 124.03 124.03 359.03 359.03 533.04 533.04 533.04 0.0 0.0 0.0 0.0 0.0 0.0 0.0 0.0 0.0 0.0 0.0 0.0 0.0 0.0 0.0 0.0 0.0 0.0 0.0 0.0 0.0 0.0 0.0 0.0 0.0 0.0 0.0 0.0 0.0 0.0 0.0 0.0 0.0 0.0 0.0 0.0 0.0 0.0 0.0 0.0 0.0 0.0
0.0 0.0 0.0 0.0 0.0 0.0 0.0 0.0 0.0 0.0 0.0 0.0 0.0 304.04 304.04 434.04 434.04 434.04 708.04 708.03 155.04 617.04 617.04 275.04 275.03 275.04 681.04 482.04 482.04 544.04 544.04 387.04 387.03 124.03 124.03 124.03 124.03 124.03 359.03 359.03 359.03 359.04 533.04 0.0 0.0 0.0 0.0 0.0 0.0 0.0 0.0 0.0 0.0 0.0 0.0 0.0 0.0 0.0 0.0 0.0 0.0 0.0 0.0 0.0 0.0 0.0 0.0 0.0 0.0 0.0 0.0 0.0 0.0 0.0 0.0 0.0 0.0 0.0 0.0 0.0 0.0 0.0 0.0 0.0 0.0
0.0 0.0 0.0 0.0 0.0 0.0 0.0 0.0 0.0 0.0 0.0 0.0 333.04 304.04 624.04 596.04 434.04 434.04 251.04 522.04 155.04 155.04 466.04 466.04 275.04 275.04 541.04 541.04 482.04 544.04 387.04 387.04 525.03 525.03 124.03 124.03 124.03 673.04 673.03 359.03 359.03 359.04 303.04 303.04 303.03 303.03 0.0 0.0 0.0 0.0 0.0 0.0 0.0 0.0 0.0 0.0 0.0 0.0 0.0 0.0 0.0 0.0 0.0 0.0 0.0 0.0 0.0 0.0 0.0 0.0 0.0 0.0 0.0 0.0 0.0 0.0 0.0 0.0 0.0 0.0 0.0 0.0 0.0 0.0 0.0
0.0 0.0 0.0 0.0 0.0 0.0 0.0 0.0 0.0 0.0 0.0 0.0 333.04 333.04 624.04 596.04 596.04 251.03 251.04 590.04 155.04 466.04 466.04 466.03 787.04 787.04 77.04 77.04 26.04 544.04 387.04 525.04 525.04 525.03 124.04 124.03 673.03 673.04 632.04 359.04 359.03 359.04 303.04 303.03 303.03 706.03 706.03 0.0 0.0 0.0 0.0 0.0 0.0 0.0 0.0 0.0 0.0 0.0 0.0 0.0 0.0 0.0 0.0 0.0 0.0 0.0 0.0 0.0 0.0 0.0 0.0 0.0 0.0 0.0 0.0 0.0 0.0 0.0 0.0 0.0 0.0 0.0 0.0 0.0 0.0
0.0 0.0 0.0 0.0 0.0 0.0 0.0 0.0 0.0 0.0 0.0 321.04 321.04 321.04 321.04 596.04 73.04 73.04 73.04 590.04 590.04 466.04 466.04 466.04 787.04 787.04 77.04 77.04 26.03 387.04 387.03 525.04 525.04 525.04 630.04 630.04 632.04 632.04 632.04 119.03 119.03 119.03 668.03 668.03 706.03 706.03 706.03 0.0 0.0 0.0 0.0 0.0 0.0 0.0 0.0 0.0 0.0 0.0 0.0 0.0 0.0 0.0 0.0 0.0 0.0 0.0 0.0 0.0 0.0 0.0 0.0 0.0 0.0 0.0 0.0 0.0 0.0 0.0 0.0 0.0 0.0 0.0 0.0 0.0 0.0
0.0 0.0 0.0 0.0 0.0 0.0 0.0 0.0 0.0 0.0 154.04 321.04 321.04 321.04 321.04 34.04 34.04 73.04 73.04 444.04 444.04 444.04 725.04 725.04 787.04 787.04 460.04 415.03 415.03 415.04 136.03 136.04 136.04 136.04 630.04 630.04 632.04 632.04 773.04 119.04 119.03 119.03 668.03 668.03 706.03 706.04 706.03 707.03 0.0 0.0 0.0 0.0 0.0 0.0 0.0 0.0 0.0 0.0 0.0 0.0 0.0 0.0 0.0 0.0 0.0 0.0 0.0 0.0 0.0 0.0 0.0 0.0 0.0 0.0 0.0 0.0 0.0 0.0 0.0 0.0 0.0 0.0 0.0 0.0 0.0
0.0 0.0 0.0 0.0 0.0 0.0 0.0 0.0 0.0 154.04 154.04 154.04 399.04 399.04 606.04 34.04 34.04 34.04 73.04 444.04 444.04 444.04 725.04 725.04 554.04 460.04 460.04 415.04 415.04 415.03 488.03 488.04 488.04 630.04 630.04 630.04 296.04 773.04 773.04 773.04 119.04 314.04 314.03 314.03 134.04 707.04 707.04 707.04 0.08 0.0 0.0 0.0 0.0 0.0 0.0 0.0 0.0 0.0 0.0 0.0 0.0 0.0 0.0 0.0 0.0 0.0 0.0 0.0 0.0 0.0 0.0 0.0 0.0 0.0 0.0 0.0 0.0 0.0 0.0 0.0 0.0 0.0 0.0 0.0 0.0
0.0 0.0 0.0 0.0 0.0 0.0 0.0 0.0 0.0 0.02 154.04 154.04 399.04 207.04 606.04 606.04 238.04 0.02 344.04 448.04 448.04 444.04 0.05 725.04 554.04 460.04 637.04 415.04 415.03 415.03 470.04 2.04 2.04 630.04 630.04 630.04 296.04 296.04 773.04 110.04 110.04 508.04 508.03 134.03 134.03 707.04 707.04 707.04 123.04 123.04 0.0 0.0 0.0 0.0 0.0 0.0 0.0 0.0 0.0 0.0 0.0 0.0 0.0 0.0 0.0 0.0 0.0 0.0 0.0 0.0 0.0 0.0 0.0 0.0 0.0 0.0 0.0 0.0 0.0 0.0 0.0 0.0 0.0 0.0 0.0
0.0 0.0 0.0 0.0 0.0 0.0 0.0 0.0 0.0 154.04 154.04 154.04 154.04 207.04 0.05 0.05 238.04 238.04 344.04 344.04 448.04 0.05 0.05 316.03 316.03 637.04 637.04 637.04 415.04 470.04 470.04 208.04 768.04 768.04 612.04 612.04 296.04 296.04 573.04 573.03 110.04 122.04 122.03 134.03 134.03 707.04 707.04 762.04 123.04 123.04 123.03 0.02 0.0 0.0 0.0 0.0 0.0 0.0 0.0 0.0 0.0 0.0 0.0 0.0 0.0 0.0 0.0 0.0 0.0 0.0 0.0 0.0 0.0 0.0 0.0 0.0 0.0 0.0 0.0 0.0 0.0 0.0 0.0 0.0 0.0
0.0 0.0 0.0 0.0 0.0 0.0 0.0 0.0 0.0 0.0 154.04 154.04 154.04 207.04 200.04 200.04 200.04 65.04 65.04 344.04 448.04 448.03 702.04 0.05 316.03 753.04 637.04 63.04 63.04 40.04 40.03 768.04 768.04 768.04 612.04 612.04 471.04 471.04 573.04 573.04 151.03 122.03 122.03 122.03 660.03 660.04 762.04 762.04 123.04 123.04 123.03 416.04 416.04 457.04 497.03 497.03 477.03 477.03 477.03 477.03 0.0 0.0 0.0 0.0 0.0 0.0 0.0 0.0 0.0 0.0 0.0 0.0 0.0 0.0 0.0 0.0 0.0 0.0 0.0 0.0 0.0 0.0 0.0 0.0 0.0
0.0 0.0 0.0 0.0 0.0 0.0 0.0 0.0 0.0 0.0 537.04 537.04 537.04 230.04 230.04 489.04 489.04 489.03 65.04 65.04 448.03 699.03 699.04 0.05 702.03 753.03 753.03 63.04 63.04 40.04 40.04 40.04 768.04 759.04 759.04 612.04 471.04 471.04 546.04 546.04 151.04 151.04 122.03 660.03 660.04 660.04 762.03 762.04 123.04 123.04 123.04 416.04 416.04 457.03 497.03 497.03 477.03 477.03 477.04 477.03 18.03 0.0 0.0 0.0 0.0 0.0 0.0 0.0 0.0 0.0 0.0 0.0 0.0 0.0 0.0 0.0 0.0 0.0 0.0 0.0 0.0 0.0 0.0 0.0 0.0
0.0 0.0 0.0 0.0 0.0 0.0 0.0 0.0 393.04 537.04 537.04 537.04 537.04 230.04 230.04 230.04 489.03 489.04 65.04 224.03 224.03 699.03 699.04 545.04 118.04 118.03 548.03 63.04 770.04 770.04 40.04 40.04 456.04 759.03 759.03 735.03 735.03 557.04 557.04 557.04 514.04 514.04 514.04 660.04 660.04 319.04 464.04 464.04 95.04 547.04 547.04 547.04 0.05 247.03 497.03 497.03 477.04 477.04 477.04 18.03 18.03 18.04 0.0 0.0 0.0 0.0 0.0 0.0 0.0 0.0 0.0 0.0 0.0 0.0 0.0 0.0 0.0 0.0 0.0 0.0 0.0 0.0 0.0 0.0 0.0
0.0 0.0 0.0 0.0 0.0 0.0 0.0 393.04 393.04 393.04 537.04 537.04 537.04 230.04 230.04 230.04 489.04 432.04 432.04 224.03 224.03 224.03 169.03 169.04 338.04 118.04 0.05 63.04 770.04 770.04 22.04 456.04 456.04 450.03 735.03 735.03 735.03 521.04 557.04 557.04 557.03 514.04 514.04 104.04 104.04 694.04 319.03 95.04 95.04 95.04 163.04 163.04 0.05 761.03 57.04 57.04 57.04 477.03 477.03 18.04 18.04 18.04 0.0 0.0 0.0 0.0 0.0 0.0 0.0 0.0 0.0 0.0 0.0 0.0 0.0 0.0 0.0 0.0 0.0 0.0 0.0 0.0 0.0 0.0 0.0
0.0 0.0 0.0 0.0 0.0 0.0 222.04 393.04 393.04 393.04 317.04 317.04 13.04 13.04 230.04 506.04 506.04 432.04 568.04 493.03 493.03 0.02 658.03 658.04 169.04 338.04 0.05 656.04 727.04 727.04 22.04 456.04 456.04 335.04 588.04 735.04 735.04 521.04 521.04 521.03 521.03 511.03 380.04 380.04 104.04 694.04 694.03 95.03 95.04 642.03 642.04 163.04 761.04 761.04 57.04 57.04 57.04 722.03 322.03 18.03 18.04 156.04 156.04 0.0 0.0 0.0 0.0 0.0 0.0 0.0 0.0 0.0 0.0 0.0 0.0 0.0 0.0 0.0 0.0 0.0 0.0 0.0 0.0 0.0 0.0
0.0 0.0 0.0 0.0 0.0 222.04 222.04 0.05 393.04 317.04 317.04 317.04 13.04 13.04 363.04 506.04 506.04 432.04 568.04 568.04 261.04 261.04 658.04 658.04 331.04 656.04 656.04 656.04 727.04 727.04 727.04 82.04 82.03 335.04 760.04 760.04 736.04 521.04 521.04 521.04 521.03 511.03 511.04 380.03 104.03 104.04 694.03 410.03 410.04 642.03 642.03 558.04 761.04 562.04 57.04 57.03 722.04 722.03 322.03 322.03 156.04 156.04 156.04 0.05 0.0 0.0 0.0 0.0 0.0 0.0 0.0 0.0 0.0 0.0 0.0 0.0 0.0 0.0 0.0 0.0 0.0 0.0 0.0 0.0 0.0
0.0 0.0 0.0 0.0 747.04 747.04 222.04 222.04 222.04 317.04 317.04 317.03 363.04 363.04 363.04 137.04 137.04 527.04 568.04 261.04 261.04 261.04 331.04 331.04 331.04 331.04 656.03 656.03 628.04 727.04 727.03 82.03 82.03 290.04 760.04 736.04 736.04 736.04 521.04 521.04 552.03 552.03 511.03 599.03 778.03 778.04 410.03 410.03 410.04 329.03 558.03 558.03 562.03 0.05 550.04 204.03 204.03 722.04 322.04 322.04 322.04 156.04 156.04 254.04 254.04 0.0 0.0 0.0 0.0 0.0 0.0 0.0 0.0 0.0 0.0 0.0 0.0 0.0 0.0 0.0 0.0 0.0 0.0 0.0 0.0
0.0 0.0 0.0 747.04 747.04 747.04 747.04 235.04 235.04 241.04 241.04 0.05 363.04 363.04 363.04 137.04 527.04 527.04 775.04 775.04 261.04 0.05 331.04 331.04 331.04 312.04 312.03 406.03 628.04 628.04 491.03 491.03 293.03 290.04 499.04 0.05 736.04 736.04 579.04 579.03 552.03 552.03 552.03 599.03 778.04 778.04 748.04 748.04 329.03 217.03 769.03 769.03 550.03 550.04 550.04 204.03 587.03 722.04 322.04 549.04 336.04 336.04 254.04 254.04 254.04 0.02 0.0 0.0 0.0 0.0 0.0 0.0 0.0 0.0 0.0 0.0 0.0 0.0 0.0 0.0 0.0 0.0 0.0 0.0 0.0
0.0 0.0 0.0 112.04 747.04 44.04 44.03 235.04 241.04 241.04 241.04 0.05 363.04 363.03 0.05 323.04 527.04 527.04 775.04 775.04 775.04 581.04 581.04 581.04 361.04 0.05 312.04 0.02 406.04 628.03 491.03 491.03 293.03 293.04 499.04 499.03 499.04 579.03 579.03 579.04 372.03 372.03 377.03 377.03 377.04 748.04 748.04 748.04 217.04 217.03 769.03 769.03 769.04 550.04 712.04 712.03 587.03 315.03 315.04 549.04 336.03 336.04 160.04 254.04 254.03 254.04 0.02 0.0 0.0 0.0 0.0 0.0 0.0 0.0 0.0 0.0 0.0 0.0 0.0 0.0 0.0 0.0 0.0 0.0 0.0
0.0 0.0 112.04 112.04 112.04 44.03 44.04 52.04 241.04 241.04 241.04 0.05 75.04 340.04 185.04 185.04 323.04 323.03 775.04 775.04 0.05 50.04 581.04 581.04 361.03 361.03 701.03 701.04 701.04 686.04 686.03 686.04 436.04 293.04 499.03 499.04 80.04 80.04 579.03 579.04 372.03 372.03 377.03 377.04 150.04 0.05 748.04 748.03 217.04 217.03 71.03 769.03 769.04 712.03 712.04 712.04 587.04 315.03 315.04 219.04 219.04 160.04 160.04 160.04 254.03 577.04 577.04 577.04 684.04 684.04 0.0 0.0 0.0 0.0 0.0 0.0 0.0 0.0 0.0 0.0 0.0 0.0 0.0 0.0 0.0
0.0 0.0 112.04 112.04 332.04 332.04 0.05 52.04 52.03 52.04 75.04 0.05 75.04 340.04 340.04 185.04 267.04 267.04 267.04 50.04 50.04 50.04 581.04 581.04 0.01 0.01 701.03 0.05 701.03 206.04 686.04 436.04 436.04 94.04 94.03 80.03 0.05 0.05 80.04 372.04 372.04 372.03 0.02 150.04 150.04 0.05 0.05 217.04 217.03 71.03 71.03 71.04 71.03 712.03 712.04 72.04 72.04 145.04 145.04 219.03 219.04 5.04 5.04 160.04 160.04 577.04 577.04 684.04 684.04 36.04 36.04 36.04 36.04 36.04 0.0 0.0 0.0 0.0 0.0 0.0 0.0 0.0 0.0 0.0 0.0
0.0 0.05 112.04 112.04 332.04 332.04 0.05 634.04 52.03 52.04 75.04 75.04 75.04 340.04 340.04 340.04 267.04 267.04 267.03 50.03 0.05 50.03 364.03 364.04 0.01 0.01 31.04 85.03 206.03 206.04 436.04 436.04 94.04 94.04 94.04 80.04 80.04 80.04 459.04 459.04 372.04 94.04 94.03 0.02 0.02 496.04 496.04 28.04 239.03 239.03 0.02 239.03 71.03 71.03 72.03 72.04 72.04 72.04 145.04 664.04 664.04 5.04 5.04 5.04 408.04 749.04 749.04 58.04 58.04 58.04 36.04 36.04 36.04 36.04 0.0 0.0 0.0 0.0 0.0 0.0 0.0 0.0 0.0 0.0 0.0
0.0 373.04 0.05 287.04 287.04 287.04 634.04 634.04 634.04 531.04 75.04 614.04 614.04 614.04 89.04 231.04 225.04 225.03 703.04 790.03 790.04 790.03 364.04 320.04 320.03 320.03 85.04 85.03 206.03 206.03 206.04 94.04 94.04 94.03 591.03 591.04 459.04 459.04 459.03 459.04 41.04 94.04 94.03 94.03 496.03 496.04 28.04 28.04 28.03 239.03 239.03 239.03 715.03 715.03 72.03 72.03 72.04 236.04 236.04 664.04 664.04 408.04 408.04 408.04 408.03 749.04 749.04 749.04 58.04 58.04 58.04 36.04 36.04 36.04 0.0 0.0 0.0 0.0 0.0 0.0 0.0 0.0 0.0 0.0 0.0
0.0 373.04 0.05 373.04 287.04 518.04 518.04 518.03 531.04 531.04 531.04 614.04 614.04 89.04 89.04 231.04 703.04 703.03 0.02 0.02 790.04 790.04 746.04 320.04 320.03 512.03 369.03 442.03 442.03 442.03 107.03 107.04 174.04 591.03 591.03 591.03 0.02 609.04 609.04 41.04 41.04 41.04 94.04 94.04 496.03 574.03 28.04 28.03 28.03 239.03 239.03 0.01 715.03 715.03 767.03 767.03 27.04 236.04 236.04 236.04 408.04 408.04 408.04 408.04 408.04 749.04 749.04 749.04 102.04 102.04 102.03 102.04 36.04 0.0 0.0 0.0 0.0 0.0 0.0 0.0 0.0 0.0 0.0 0.0 0.0
0.0 373.04 373.04 741.04 0.05 518.04 0.05 518.04 531.04 531.04 90.04 483.04 196.04 196.04 487.04 487.04 703.03 264.03 0.02 0.05 277.04 746.04 746.04 0.02 512.04 512.04 369.03 442.03 442.04 442.04 107.04 107.04 174.04 174.04 591.03 355.03 355.04 396.04 396.04 41.04 41.04 41.04 0.05 252.04 81.04 574.04 574.04 717.04 717.03 717.03 715.03 715.03 0.01 0.01 0.02 767.03 27.03 27.03 27.04 78.04 78.04 78.04 408.04 408.04 152.04 447.04 447.03 447.04 758.04 758.04 102.03 781.04 781.04 305.04 305.04 305.03 0.0 0.0 0.0 0.0 0.0 0.0 0.0 0.0 0.0
723.04 723.04 741.04 0.05 688.04 310.04 310.04 310.04 90.04 90.04 90.04 483.04 483.04 767.04 487.04 487.04 264.04 264.03 264.03 282.04 0.05 358.04 358.04 358.04 512.04 512.04 369.04 193.04 442.04 107.04 107.04 107.04 174.04 174.04 591.03 355.03 355.03 396.04 62.04 62.04 41.04 252.04 252.04 252.04 81.04 81.04 755.04 717.04 717.04 717.03 715.03 715.03 715.03 767.03 767.03 767.03 27.03 27.04 27.04 78.04 78.04 78.04 78.04 78.04 152.04 152.04 447.03 447.03 758.04 781.04 781.04 781.04 781.04 0.05 305.04 305.04 0.0 0.0 0.0 0.0 0.0 0.0 0.0 0.0 0.0
723.04 723.04 723.04 0.05 688.04 310.04 310.04 149.04 149.04 0.05 90.04 483.04 663.04 663.04 487.04 0.05 229.04 264.03 264.03 282.04 282.04 710.04 358.04 358.04 390.04 0.05 0.05 193.04 193.04 193.04 246.04 246.04 678.04 567.04 631.03 631.04 355.04 62.04 62.04 62.04 263.03 0.02 252.04 252.04 81.04 661.04 755.04 755.04 717.03 560.03 560.03 715.03 0.01 767.03 767.03 0.01 0.02 348.03 667.03 716.04 78.04 78.04 78.04 152.04 152.04 152.03 152.03 115.04 115.04 781.04 781.04 781.04 0.05 305.04 305.04 0.0 0.0 0.0 0.0 0.0 0.0 0.0 0.0 0.0 0.0
723.04 723.04 56.04 56.04 56.04 86.04 86.04 149.04 0.05 149.04 370.04 663.04 663.04 663.04 0.05 229.04 229.04 0.02 282.03 282.04 710.04 0.05 710.04 390.04 390.04 509.04 509.04 193.04 575.04 575.04 246.04 246.03 678.04 678.04 631.04 631.04 689.04 62.04 62.04 263.04 9.04 0.02 486.04 486.04 661.04 661.04 402.04 402.03 560.03 560.03 560.03 0.01 0.01 0.01 0.01 0.01 348.03 667.04 667.04 716.04 716.04 716.04 78.04 374.04 374.04 461.04 461.03 115.04 115.04 781.04 781.04 781.04 0.05 0.05 305.03 0.0 0.0 0.0 0.0 0.0 0.0 0.0 0.0 0.0 0.0
723.04 723.04 626.04 626.04 626.04 86.04 86.04 86.04 149.04 370.04 370.04 370.04 663.04 0.05 161.04 161.04 161.04 229.04 229.04 710.04 710.04 0.05 390.04 390.04 674.04 509.04 509.04 575.04 575.04 575.04 246.04 271.03 271.03 678.04 0.05 689.04 689.04 443.04 443.04 443.04 9.04 486.04 486.04 486.04 661.04 661.04 402.04 402.03 560.03 560.03 0.01 0.01 0.01 0.01 0.02 327.03 327.03 667.03 667.03 716.03 716.04 716.04 374.04 374.04 374.04 461.04 143.04 0.05 143.04 781.04 781.04 307.04 305.04 305.04 305.04 0.0 0.0 0.0 0.0 0.0 0.0 0.0 0.0 0.0 0.0
