InputFiles/GridInputs/LU&ParcGridDiohine20.asc
ncols         307
nrows         336
xllcorner     -1693877.958766256
yllcorner     3174597.0031306315
dx            20.056068005715268
dy            20.02418569930541
[rows 128 to 159 of 336, columns 142 to 212 of 307]
1145.03 0.02 1277.04 1277.04 1277.04 1277.04 1277.04 881.04 881.04 881.04 881.04 881.04 1618.04 1618.04 1618.04 1618.04 1872.04 1872.04 0.02 207.04 207.04 207.04 207.04 38.04 38.04 1510.04 1510.04 1510.04 985.04 985.04 430.04 0.05 0.05 430.04 430.04 430.03 1567.03 0.05 1567.04 1567.04 1567.04 1567.04 1474.04 1474.04 1474.04 217.04 217.04 217.04 0.02 1595.04 0.02 1595.04 1595.04 668.04 1273.04 1273.04 1273.04 656.04 656.04 656.04 656.04 656.04 0.02 2165.04 2165.04 2165.04 1863.04 1863.04 1863.04 1863.04 1863.04
0.05 0.05 0.05 0.05 0.05 1277.04 1277.04 881.04 881.04 881.04 881.04 881.04 1618.04 1618.04 1618.04 1618.04 1618.04 1872.04 207.04 207.04 207.04 207.04 207.04 207.04 1510.04 1510.04 1510.04 1510.04 985.04 985.04 985.04 0.02 430.04 430.04 430.04 0.05 0.05 0.05 1613.04 1567.04 1567.04 1474.04 1474.04 1474.04 1474.04 217.04 217.04 217.04 217.04 217.04 1595.04 668.04 668.04 668.04 668.04 1273.04 1273.04 1273.04 656.04 656.04 934.04 934.04 934.04 2165.04 2165.04 2165.04 2165.04 1863.04 1863.03 2428.03 2428.03
1322.04 1145.04 1277.04 1277.04 1277.04 1277.04 881.04 881.04 881.04 881.04 881.04 881.04 1618.04 1618.04 1618.04 1618.04 0.02 1618.04 207.04 207.04 207.04 207.04 207.04 283.04 283.04 1510.04 2247.04 2247.04 2247.04 2247.04 2247.04 2247.04 430.04 0.02 1493.04 0.05 0.05 1613.04 1613.04 1613.04 1613.04 1474.04 1474.04 1474.04 1474.04 217.04 217.04 217.04 217.04 217.04 217.04 668.04 668.04 668.04 668.04 1273.04 1273.04 1273.04 934.04 0.02 934.04 934.04 934.04 2165.04 2165.04 2165.04 2165.04 2428.04 0.02 2428.04 2428.04
1322.04 1322.04 1322.04 1277.04 1277.04 881.04 881.04 881.04 881.04 881.04 881.04 881.04 1665.04 1618.04 1618.04 1618.04 1618.04 1618.03 1618.04 207.04 207.04 0.05 283.04 283.04 283.04 283.04 2247.04 2247.04 2247.04 2247.04 2247.04 1493.04 1493.04 1493.04 1493.04 1613.04 1613.04 0.02 1613.04 1613.04 1613.04 1474.04 1474.04 1474.04 1474.04 217.04 217.04 0.02 217.04 217.04 217.04 668.04 668.04 668.04 668.04 1273.04 1273.04 1273.04 934.04 934.04 934.04 934.04 1713.04 1713.04 2165.04 2165.04 2165.04 2165.04 2428.04 2428.04 2428.04
1322.04 1322.04 1322.04 1322.04 1277.04 881.04 881.04 881.04 881.04 881.04 881.04 1665.04 1665.04 0.02 1618.04 1618.04 1618.04 1618.04 1618.04 386.04 386.04 386.04 283.04 0.05 283.04 283.04 2247.04 2247.04 2247.04 2247.03 2247.04 1493.04 1493.04 1493.04 1493.04 1755.04 1613.04 1613.04 0.05 0.05 1613.04 1613.04 1474.04 1474.04 1474.04 217.04 217.04 217.04 217.04 217.04 668.04 668.04 668.04 668.04 668.04 668.04 1273.04 934.04 934.04 934.04 934.04 934.04 1713.04 1713.04 1713.04 2165.04 2083.04 2083.04 2206.04 2206.04 2206.04
1322.04 1322.04 2218.04 2218.04 2218.04 881.04 881.04 881.04 881.04 881.04 1665.04 1665.04 1665.04 1665.04 1618.04 1618.04 1618.04 1618.04 386.04 386.04 386.04 386.04 283.04 283.04 283.04 283.04 0.02 2247.04 2247.04 2247.04 1493.04 1493.04 1493.04 1493.04 1493.04 1755.04 1755.04 1755.04 0.05 0.05 0.05 1605.04 1474.04 1474.04 1474.04 217.04 217.04 217.04 217.04 217.04 668.04 668.04 668.04 668.04 668.04 0.05 1273.04 934.04 934.04 0.02 1290.04 1290.04 171.03 171.04 1713.04 1713.04 2083.04 2083.04 2206.04 2206.04 863.04
2218.04 2218.04 2218.04 2218.04 62.04 62.04 2357.04 2357.04 0.02 2357.04 1665.04 1665.04 1665.04 1665.04 1665.04 1618.04 1618.04 924.04 386.04 386.04 386.04 386.04 386.03 283.04 283.04 283.03 0.02 865.04 2247.04 1493.04 1493.04 1493.04 1493.04 1493.04 1755.04 1755.04 1755.04 0.05 0.05 1605.04 1605.04 1605.04 1889.04 0.05 1889.04 217.04 217.04 0.05 217.04 1869.04 1869.04 668.04 668.04 668.04 668.04 668.04 1290.04 1290.04 1290.04 1290.04 1290.04 1290.04 0.02 171.04 171.04 171.04 2321.04 2321.04 2321.04 863.04 863.04
2218.04 2218.04 2218.04 2218.04 62.04 62.04 62.04 2357.04 2357.04 2357.04 0.02 2357.04 1665.04 1665.04 1665.04 924.04 924.04 924.04 924.04 386.04 386.04 386.04 386.04 386.04 848.04 848.04 0.05 0.05 865.04 1493.04 0.05 1493.04 1493.04 1493.04 1755.04 1755.03 0.05 0.05 1605.04 1605.04 1605.03 1889.03 1889.04 1889.04 1889.04 1889.04 217.04 1869.04 1869.04 1869.04 1869.04 1869.04 1869.04 1869.04 668.04 1569.04 1569.04 1290.04 1290.04 1290.04 1290.04 1290.04 1290.04 171.04 171.04 0.02 2321.04 2321.04 2321.04 863.04 863.04
2218.04 2218.04 2218.04 62.04 62.04 62.04 62.04 2357.04 2357.04 2357.04 2357.04 2357.04 2357.04 692.04 0.02 924.04 924.04 924.04 924.04 924.04 386.04 386.03 386.04 848.04 848.03 848.04 0.05 0.05 865.04 865.04 1493.04 1493.04 1493.04 1493.04 1755.04 1755.04 1755.04 913.04 1605.04 1605.04 1889.03 1889.03 0.02 1889.04 1889.04 1889.04 1869.04 0.05 1869.04 1869.03 1869.03 1869.03 1869.03 1869.04 1869.04 1569.04 1569.04 1569.04 1290.04 0.05 1290.04 2067.04 0.05 2067.04 171.04 2321.04 2321.04 2321.04 2321.04 863.03 863.03
2218.04 2218.04 2218.04 62.04 62.04 62.04 62.04 62.04 2357.04 2357.04 2357.04 692.04 692.04 692.04 692.04 924.04 924.04 924.04 924.04 924.04 924.04 1133.04 1133.03 1133.03 848.03 848.04 865.04 0.05 865.04 865.04 1493.04 1493.04 1698.04 1755.04 1755.04 1755.04 913.04 0.02 913.04 1889.04 1889.04 1889.04 1889.04 1889.04 1889.04 1889.04 1869.04 0.05 1869.04 1869.03 1869.03 1869.03 1869.03 1869.04 1407.04 1569.04 1569.04 1569.04 1569.04 0.05 0.05 0.05 0.05 0.05 2067.04 2067.04 2321.04 2321.04 2321.04 863.04 863.03
2218.04 2218.04 62.04 62.04 62.04 62.04 62.04 62.04 2357.04 692.04 692.04 692.04 692.04 692.04 692.04 1278.04 924.04 924.04 924.04 0.02 924.04 1133.04 1133.03 1133.03 848.03 865.04 0.05 0.05 865.04 770.04 770.04 1698.04 1698.04 1698.04 1698.03 913.04 913.04 913.04 1262.04 1262.04 1889.04 1889.04 1889.04 1889.04 1889.04 1889.04 0.05 0.05 0.05 1869.04 1869.03 1869.03 1869.03 0.02 1407.04 1569.04 1569.04 1569.04 1569.04 2332.04 0.05 0.02 2067.04 0.05 2067.04 2067.04 2321.04 2321.04 2321.04 863.04 863.04
2218.04 6.04 62.04 62.04 62.04 62.04 62.04 62.04 62.04 692.04 692.04 692.04 692.04 692.04 692.04 1278.04 1278.04 1278.04 924.04 924.04 924.04 0.02 0.02 0.02 1980.04 1980.04 1980.04 0.05 0.05 770.04 770.04 1698.04 1698.04 1698.04 1698.04 913.04 1262.04 1262.04 1262.04 1262.04 705.04 705.04 705.04 705.04 0.02 705.04 831.04 0.05 831.04 831.03 0.02 831.03 831.03 1407.04 1407.04 1407.04 1569.04 1569.04 0.05 2332.04 0.02 0.05 2067.04 2067.04 2067.04 0.02 2067.04 2321.04 2321.04 863.04 863.04
6.04 6.04 6.04 62.04 62.04 62.04 62.04 62.04 692.04 692.04 692.04 692.04 692.04 692.04 692.04 1278.04 1278.04 1278.04 1278.03 1278.03 924.03 1133.03 0.02 1133.04 1980.04 1980.04 1980.04 0.05 0.05 0.02 770.03 1698.03 1698.03 1698.04 1698.04 1698.04 1262.04 1262.04 1262.04 705.04 0.05 705.04 705.04 705.04 705.04 705.04 831.04 831.04 831.04 0.02 0.02 831.03 1407.04 1407.04 1407.04 1407.04 1569.04 1569.04 2332.04 2332.04 2332.04 1410.04 1410.04 1410.04 1410.04 1410.04 1410.04 1410.04 0.02 863.04 863.04
6.04 6.04 6.04 6.04 62.04 62.04 62.04 62.04 692.04 692.04 692.04 692.04 692.04 692.04 1211.04 1211.04 1211.04 1278.04 1278.03 0.02 1278.03 0.02 1133.04 1980.04 1980.04 1980.04 0.05 0.05 0.05 0.02 770.03 770.03 1698.03 1698.04 1698.04 1698.04 1262.04 1262.04 1262.04 705.03 705.03 705.04 705.04 705.04 705.04 336.04 336.04 831.04 831.04 0.02 831.04 831.04 1407.04 1407.04 1407.04 1407.04 0.02 1569.04 2332.04 2332.04 1410.04 1410.04 1410.04 1410.04 1410.04 1410.04 1410.04 1410.03 1410.04 1865.04 1865.04
6.04 6.04 6.04 6.04 6.03 6.04 62.04 0.02 692.04 692.04 692.04 692.04 692.04 1211.04 1211.04 1211.04 1211.04 0.05 1211.04 1211.04 1278.04 1133.04 1980.04 1980.04 1980.04 1189.04 1189.04 1189.04 0.05 770.03 770.03 770.03 1698.04 1698.04 1698.04 1698.04 1262.04 1262.04 705.04 705.04 705.04 705.04 705.04 0.02 0.05 0.05 0.05 336.04 831.04 831.04 831.04 0.05 1407.04 1407.04 1129.04 0.05 1129.04 1129.04 2311.04 2311.04 1410.04 1410.04 1410.04 1410.04 1410.04 0.05 0.05 1410.03 1865.04 1865.04 1865.04
6.04 6.04 6.04 6.04 6.03 6.04 6.04 0.02 692.04 692.04 692.04 692.04 692.03 0.05 0.05 0.05 0.05 0.05 1211.04 1211.04 1211.04 0.02 1980.04 1980.04 1189.04 1189.04 1189.04 1189.04 1189.04 0.05 1532.03 1532.04 1532.04 1532.04 1698.04 0.11 0.11 818.04 818.04 818.04 818.04 705.04 705.04 336.04 336.04 336.04 336.04 336.04 336.04 336.04 831.04 831.04 0.05 1129.04 1129.04 0.05 1129.04 1129.04 2311.04 2311.04 2311.04 2311.04 1410.04 1410.04 1410.04 1410.04 1410.04 1612.03 1865.03 1865.03 1865.04
2021.04 6.04 6.04 1651.04 1651.04 1651.04 1651.04 465.04 465.04 870.04 870.04 0.05 0.05 0.05 0.05 0.05 1211.03 1211.04 1211.04 2285.04 2285.04 2285.04 1769.04 1189.04 1189.04 1189.04 1189.04 1189.04 1532.04 0.05 1532.03 1532.04 1532.04 1532.04 0.11 0.11 0.11 0.11 818.04 818.04 818.04 818.04 336.04 0.02 336.04 336.04 336.04 336.04 0.02 336.04 336.04 1129.04 1129.04 0.05 0.02 1129.04 1129.04 1129.04 0.02 2311.04 2311.04 2311.04 1612.04 1612.04 1612.04 1612.04 1612.04 1612.04 1865.04 1865.04 1865.04
2021.04 1651.04 1651.04 1651.04 1651.04 1651.04 1651.04 465.04 465.04 870.04 0.05 0.05 0.05 0.05 0.05 0.05 2285.03 2285.04 2285.04 2285.04 2285.04 2285.04 1769.04 1769.04 1769.04 1189.04 1189.04 1189.04 1532.04 1532.04 1532.04 1532.04 1532.04 1562.04 1562.04 1562.04 0.11 0.11 818.04 818.04 818.04 818.04 1845.04 336.04 336.04 336.04 336.04 336.04 2349.04 2349.04 2349.03 1129.03 1129.03 1129.03 1129.03 1129.03 1339.03 0.02 2311.04 2311.04 2311.03 0.05 1612.04 1612.04 1612.04 1612.04 1612.04 1612.04 1865.03 1865.03 1865.04
2021.04 1651.04 1651.04 1651.04 1651.04 1651.04 465.04 465.04 465.04 0.05 0.05 0.05 870.04 0.05 0.05 0.05 2285.04 2285.04 0.05 0.05 0.05 0.05 1769.04 1769.04 1769.04 1769.04 1769.04 1532.04 1532.04 1532.04 1532.04 1532.04 1562.04 1562.04 1562.04 1562.04 818.04 818.04 818.04 818.04 818.04 818.04 1845.04 1845.04 1845.04 0.02 2349.04 2349.04 2349.04 2349.04 2349.04 2349.03 0.05 0.02 1339.03 1339.04 1339.04 0.02 1339.04 1339.03 0.02 1612.04 1612.04 1612.04 1612.04 1612.04 1612.04 1612.04 1865.03 1865.03 1865.03
2021.04 1651.04 1651.04 500.04 500.04 500.04 465.04 465.04 465.04 465.04 0.05 870.04 0.02 0.02 0.05 0.05 0.05 0.05 0.05 0.05 0.05 1769.03 0.02 1769.04 1769.04 1769.04 1769.04 1532.04 1532.04 1532.04 1532.04 1562.04 1562.04 1562.04 1562.04 1562.04 818.04 818.04 818.04 818.04 818.04 375.04 375.04 1845.04 1845.04 1845.04 2349.04 2349.04 2349.04 2349.04 2349.04 0.02 548.03 1339.04 1339.04 1339.04 1339.04 1339.04 0.02 0.02 0.02 1612.04 1612.04 1612.04 0.05 1612.04 1612.04 1612.04 1865.03 1865.03 1865.03
920.04 308.04 500.04 500.04 500.04 500.04 465.04 465.04 465.04 0.05 870.04 0.02 0.02 870.04 870.04 0.05 0.05 2285.04 0.02 0.05 1769.04 1769.04 1769.04 1769.04 1769.04 1769.04 1769.04 1769.04 1532.04 1532.03 1562.03 1562.03 1562.04 954.04 954.04 954.04 954.04 818.04 818.04 818.04 375.04 0.02 375.04 375.04 1845.04 1845.04 1845.03 2349.04 2349.04 2349.04 548.04 548.04 548.04 548.03 1339.04 1339.04 0.05 0.05 1339.04 903.03 903.04 903.04 1612.04 1612.04 1612.04 1612.04 1612.04 1942.04 1942.03 1942.03 1865.03
920.04 0.05 308.04 500.04 500.04 500.04 465.04 465.04 465.04 465.04 465.04 0.05 870.04 870.04 716.04 0.05 2285.04 2285.04 2285.04 2285.04 1769.04 1769.04 0.02 1769.04 1769.04 1769.04 1769.04 1201.04 237.04 237.04 1562.03 954.03 954.04 954.04 954.04 954.04 954.04 954.04 818.04 375.04 375.04 375.04 375.04 375.04 375.04 1726.04 0.02 1726.04 0.05 548.04 548.04 548.04 548.04 548.04 548.04 2492.04 2492.04 0.05 2492.04 903.04 903.04 903.04 903.04 2267.04 2267.04 2267.04 0.05 0.05 1942.03 1942.03 0.02
920.04 308.04 308.04 500.04 500.04 500.04 465.04 465.04 465.04 465.04 0.05 0.05 59.04 716.04 716.04 716.04 716.04 716.04 2285.04 2285.04 1769.04 1769.04 1769.04 0.02 1769.03 1201.03 1201.04 1201.04 237.04 237.03 237.03 0.02 0.02 954.04 954.04 954.03 954.03 954.04 954.04 375.04 0.02 375.04 375.04 375.04 1726.04 1726.04 1726.03 1726.03 1726.03 548.03 548.03 548.04 548.04 548.04 548.04 2492.04 2492.04 2492.04 2492.04 2492.04 903.04 903.04 2267.04 2267.04 2267.04 0.05 0.05 1942.03 1942.03 1942.03 1942.03
920.04 920.03 308.03 308.04 500.04 500.04 465.04 465.04 571.04 571.04 0.05 0.05 59.04 59.04 716.04 716.04 716.04 716.04 716.04 1769.04 1769.04 1769.04 1769.04 1769.03 0.02 1201.04 1201.04 2406.04 237.03 237.03 237.03 237.04 954.04 954.04 954.03 954.03 954.03 954.03 605.03 605.03 375.04 375.04 0.02 1726.04 1726.04 1726.04 1726.03 1670.03 0.02 1424.03 548.03 548.04 548.04 548.04 548.04 1447.04 2492.04 2492.04 2492.04 2492.04 0.05 2151.04 2267.04 2267.04 2267.04 2267.03 2267.03 1942.03 1942.03 1942.03 1942.03
920.04 920.04 308.04 308.04 308.04 500.04 465.04 571.04 571.04 571.04 571.04 0.05 59.04 59.04 716.04 716.04 716.04 716.04 716.04 1769.04 1769.04 1769.04 1201.04 1201.04 1201.04 1201.04 1201.03 2406.03 237.03 237.03 0.02 237.04 2502.04 2502.04 2502.03 2502.03 2502.03 605.03 605.03 605.03 605.04 375.04 375.04 1726.04 1726.04 1726.03 1670.03 1670.03 1670.03 1424.03 1424.03 548.03 548.03 548.04 548.04 0.05 0.05 0.05 0.05 0.05 0.05 0.05 2267.04 2267.04 2267.04 2267.04 2267.03 1942.03 1942.03 1942.03 1942.03
658.04 920.04 308.04 308.04 308.04 2308.04 2308.04 2308.04 2308.04 0.05 571.03 59.04 59.04 59.04 716.04 716.04 716.04 716.04 716.04 716.04 1769.04 1201.04 1201.04 1201.04 1201.04 1201.04 1201.03 2406.03 2406.03 237.03 237.03 237.04 2502.04 2502.03 2502.03 0.02 2502.03 605.03 605.04 605.04 605.04 605.04 110.04 110.04 110.04 1670.03 1670.03 1670.03 0.05 1424.03 1424.03 1892.04 548.04 1428.04 1428.04 0.05 0.05 0.05 0.05 0.05 0.05 0.05 0.05 2267.04 2267.03 2267.03 2267.03 1942.03 0.02 1942.03 1942.03
0.05 658.04 308.04 0.02 1929.04 1929.04 2308.04 0.05 0.02 0.05 2308.04 59.04 0.02 0.02 716.04 716.04 0.05 716.04 716.04 716.04 1201.04 1201.04 1201.04 1201.04 1201.04 1201.04 2406.04 0.08 2406.03 0.02 237.03 0.02 2502.04 2502.04 2502.04 2502.03 605.03 605.03 605.04 605.04 605.04 1746.03 110.03 110.03 110.03 1670.03 1670.03 1670.03 1424.03 0.02 1424.03 1892.04 1892.04 1428.04 0.05 0.05 0.05 0.05 0.05 0.05 0.05 0.05 0.05 0.05 2267.03 2267.03 618.03 618.03 0.02 1945.03 1945.03
0.05 658.04 4.04 0.02 1929.04 1929.04 1929.04 0.05 2308.04 0.05 2308.04 1298.04 2485.04 2485.03 0.02 0.02 2485.04 0.05 716.04 716.04 1201.04 1201.04 1201.04 0.05 0.05 1201.03 2406.04 2406.04 2406.03 237.03 237.04 237.04 2502.04 2502.04 2502.04 2232.04 2232.03 0.02 605.04 605.04 605.04 1746.03 1746.03 110.03 110.03 110.03 1670.03 1670.03 1424.03 0.02 1424.04 1892.04 0.08 0.02 0.05 0.05 0.05 0.05 0.05 0.05 0.05 0.05 0.05 2382.03 2011.03 618.03 0.02 618.03 1945.03 0.02 0.02
0.05 2030.04 4.04 4.04 4.04 4.04 1929.04 1929.04 1929.04 2308.04 1298.04 1298.04 2485.04 2485.04 2485.04 2485.04 2485.04 2485.04 0.05 0.05 0.05 1201.04 0.08 1201.04 0.02 2406.03 2406.04 2406.04 2406.03 237.03 0.02 237.03 0.02 2232.04 2232.04 2232.04 2232.04 0.02 605.04 605.03 1746.03 1746.03 1746.03 1746.03 110.03 110.03 0.02 0.02 1424.03 1424.04 1424.04 1892.03 0.02 0.02 1841.04 0.05 0.05 0.05 0.05 0.05 0.05 2482.03 0.02 0.02 0.02 2011.04 0.02 618.03 0.02 0.02 1945.04
0.05 2030.04 4.04 4.04 4.04 0.02 4.04 1929.04 1929.04 1929.04 1298.04 1298.04 2485.04 0.02 2485.04 2485.04 2485.04 2485.04 0.05 1102.04 0.05 0.05 1102.03 0.02 1201.03 2406.03 2406.04 2406.04 2406.03 2406.03 237.03 1301.03 1301.04 2232.04 2232.04 2232.04 2232.04 385.04 385.04 605.03 1746.03 1746.03 1746.03 1746.03 1746.03 110.03 0.02 0.02 1424.03 1424.04 1424.04 1892.04 0.02 0.02 1841.04 0.05 0.05 0.05 2482.04 2482.04 2482.04 0.02 0.02 2011.03 0.02 2011.04 618.03 618.03 618.04 0.02 1945.04
0.02 4.04 4.04 4.04 4.04 4.04 4.04 231.04 231.04 231.04 1298.04 1298.04 2485.04 2485.04 0.05 0.05 0.05 0.05 1102.04 0.05 0.05 0.05 0.05 1102.03 1102.04 2406.04 2406.04 2406.04 2406.04 1301.03 1301.03 1301.03 1301.04 1301.04 2232.04 385.04 385.03 385.03 385.03 385.03 1746.03 1746.03 1746.03 1746.03 1746.03 110.03 110.03 110.03 1424.03 1424.03 1892.04 1892.03 0.02 0.02 282.04 282.04 0.05 282.03 282.03 2482.03 2482.04 2482.04 0.02 2011.03 0.02 2011.03 0.02 0.02 618.04 618.04 1945.04
1629.03 4.04 4.04 4.04 4.04 0.05 4.04 231.04 231.04 231.04 1298.04 1298.04 2485.04 0.05 0.05 0.05 2243.04 2243.04 2243.04 0.05 1102.04 0.05 0.05 0.02 0.02 1102.04 1182.04 1182.04 1182.04 1301.04 1301.03 1301.03 1301.04 1301.04 1301.04 385.04 0.02 385.03 385.03 385.03 1746.03 1746.03 1746.03 0.02 1746.03 1746.03 110.03 110.03 1424.03 1424.03 1892.03 1841.03 0.02 0.02 282.04 282.04 282.04 608.03 0.02 608.04 608.04 617.04 617.04 2011.03 2011.03 2011.03 618.03 618.03 618.03 618.03 1945.03
