InputFiles/GridInputs/LU&ParcGridSob20.asc
ncols         177
nrows         257
xllcorner     -1684940.3713166039
yllcorner     3170668.0308883013
dx            20.099826346325166
dy            20.01721326890492
[rows 111 to 147 of 257, columns 84 to 167 of 177]
653.03 454.03 454.03 436.03 436.03 610.03 610.03 610.03 610.04 138.04 138.04 138.04 138.04 138.03 138.03 100.03 100.04 0.08 100.03 100.03 100.03 551.04 551.03 308.03 308.04 308.04 308.04 308.03 308.03 308.03 308.04 773.04 173.04 0.05 0.05 0.05 173.04 173.04 173.04 173.04 167.04 167.04 167.04 0.02 167.03 389.04 389.04 389.04 389.04 389.03 389.03 216.03 216.03 227.03 227.03 227.03 586.03 586.03 586.03 0.02 0.05 586.04 543.04 336.04 336.04 336.04 336.04 336.04 336.04 654.04 654.04 654.03 0.02 740.04 740.04 740.04 740.04 740.04 0.12 0.12 0.12 368.04 368.04 0.0
454.03 454.03 454.03 454.03 454.03 610.03 610.03 610.03 0.05 138.04 138.04 138.04 138.04 138.03 138.03 100.03 100.03 0.05 100.03 100.03 100.03 551.03 0.01 0.01 308.04 308.04 308.04 308.03 308.03 308.03 0.05 460.04 173.04 0.05 173.04 173.04 173.04 173.04 173.04 173.04 173.04 110.04 167.04 167.04 167.03 389.03 0.05 389.04 389.03 389.03 389.03 216.04 216.04 227.03 227.03 586.03 586.03 586.04 586.04 586.04 586.03 0.02 586.04 336.04 336.04 336.04 336.04 336.04 336.04 654.04 654.04 654.04 740.04 740.04 740.04 0.12 0.12 0.12 0.12 0.12 0.0 0.0 0.0 0.0
454.04 454.04 454.03 454.03 454.03 0.02 610.03 610.03 610.03 0.05 138.04 138.04 138.04 0.02 0.01 0.01 333.03 693.03 693.03 693.03 693.03 308.03 0.02 0.02 308.04 308.04 308.04 308.04 0.02 460.04 460.04 460.04 460.04 173.04 173.04 173.04 0.02 173.04 173.04 173.04 0.05 110.04 110.04 110.04 110.03 0.02 0.05 0.05 0.02 389.03 389.03 216.04 227.04 227.04 586.04 586.03 586.03 586.04 586.04 586.04 586.04 586.03 586.04 336.04 336.04 336.04 336.04 336.04 336.04 654.04 654.04 654.04 0.12 0.12 0.12 0.12 0.12 0.12 0.0 0.0 0.0 0.0 0.0 0.0
0.02 454.04 454.03 0.05 454.03 454.03 610.03 610.04 610.04 138.03 138.04 138.04 333.04 333.04 0.02 333.03 333.03 693.03 693.03 693.03 693.03 693.03 0.05 308.04 308.04 308.04 308.04 632.04 632.04 0.02 460.04 460.04 460.04 460.04 791.04 791.04 791.04 791.04 0.02 110.04 0.05 110.04 110.04 110.03 110.03 110.04 0.05 0.05 0.05 0.02 502.03 502.04 502.04 502.04 586.04 0.02 586.03 586.03 586.04 586.04 586.04 586.04 56.04 56.04 56.04 336.04 336.04 336.04 654.04 654.04 654.04 0.12 0.12 0.12 0.12 0.12 0.12 0.0 0.0 0.0 0.0 0.0 0.0 0.0
569.03 454.04 454.04 454.03 454.03 454.03 454.03 610.04 610.04 138.04 138.04 333.04 333.04 333.04 0.02 333.03 333.03 693.03 693.03 693.03 693.03 693.03 762.03 762.04 762.03 762.04 0.02 632.04 632.04 460.04 460.04 460.04 460.04 460.04 791.04 791.04 791.04 791.04 791.04 110.04 110.04 110.04 0.02 110.03 110.03 110.03 0.05 108.04 108.04 502.04 502.04 502.04 502.04 502.04 502.04 586.04 0.02 586.04 586.04 586.04 586.04 56.04 56.04 56.04 56.04 56.04 56.04 56.04 654.04 654.04 0.12 0.12 0.12 0.12 0.12 740.04 740.04 0.0 0.0 0.0 0.0 0.0 0.0 0.0
569.03 569.03 454.03 454.03 454.03 454.03 454.03 268.04 268.04 268.04 333.04 333.04 333.04 333.04 0.05 333.03 333.03 693.03 693.03 693.03 693.03 693.03 762.03 762.03 762.03 762.03 632.04 632.04 632.04 460.04 460.04 460.04 460.04 460.04 791.04 791.04 791.04 0.02 791.04 791.04 110.04 110.04 110.04 110.03 110.03 672.04 108.04 108.04 108.04 108.04 502.04 502.04 502.04 502.04 502.04 502.04 0.02 655.04 655.04 655.04 655.04 56.03 56.03 0.02 56.04 56.03 56.03 56.04 56.04 0.12 0.12 654.04 654.04 654.04 654.04 740.04 0.0 0.0 0.0 0.0 0.0 0.0 0.0 0.0
569.03 569.03 569.03 454.03 454.03 454.03 268.04 268.04 268.04 268.04 268.04 333.04 333.03 0.01 0.01 333.03 333.03 693.03 693.03 693.03 693.03 125.03 762.04 762.04 762.03 762.03 632.04 632.04 632.04 460.04 460.04 460.04 460.04 460.04 460.04 791.04 791.04 0.02 791.03 791.04 110.04 110.04 110.04 672.03 0.02 672.04 108.04 108.04 108.04 244.04 502.04 502.04 502.04 502.04 502.04 502.04 0.02 0.02 655.04 655.04 655.04 56.03 56.03 56.03 56.03 56.03 56.04 56.03 0.12 0.12 613.04 613.04 613.04 613.04 654.04 740.04 0.0 0.0 0.0 0.0 0.0 0.0 0.0 0.0
569.03 569.03 569.03 569.03 454.03 268.04 268.04 268.04 268.04 268.04 268.04 333.04 333.03 0.01 0.01 333.03 0.02 0.01 693.03 693.03 125.03 0.02 125.04 762.04 762.03 762.03 632.04 632.04 632.04 460.04 460.04 0.05 460.04 460.04 460.04 791.04 791.03 791.03 791.03 791.03 672.04 672.04 672.04 672.03 672.03 672.04 0.05 108.03 108.03 0.02 244.04 502.04 502.04 502.04 502.04 502.04 0.02 0.02 0.02 655.04 655.03 56.03 56.03 56.03 56.03 56.04 56.04 0.12 0.12 0.12 613.03 613.04 613.04 613.04 613.04 613.04 0.0 0.0 0.0 0.0 0.0 0.0 0.0 0.0
569.03 569.03 569.03 0.02 268.03 268.03 268.03 268.04 268.04 268.04 268.04 268.03 0.01 0.01 0.01 333.03 0.01 0.01 0.01 125.03 125.03 125.03 125.04 762.04 762.04 762.03 0.05 632.04 632.04 632.04 460.04 460.04 460.04 460.04 460.04 791.04 791.04 791.03 791.03 672.03 672.04 672.04 672.04 0.05 0.05 0.05 0.05 0.05 108.03 244.03 244.04 502.04 502.04 502.04 502.04 502.03 655.04 655.04 655.04 0.02 655.03 655.03 56.03 56.03 56.03 0.08 0.12 0.12 0.12 613.03 613.03 613.04 613.04 613.04 613.04 0.0 0.0 0.0 0.0 0.0 0.0 0.0 0.0 0.0
569.03 0.05 0.05 569.03 268.03 268.03 268.03 268.04 268.04 268.04 268.04 73.03 0.02 0.01 333.03 333.03 366.03 0.01 366.03 366.03 125.03 125.04 125.04 762.04 762.04 762.03 439.04 439.04 439.04 439.04 460.04 460.04 460.04 85.04 85.04 578.04 791.03 791.03 672.03 672.03 672.03 0.05 672.04 0.02 304.04 304.04 0.05 0.05 108.03 0.02 244.04 573.04 573.04 502.04 502.04 0.02 655.04 655.04 655.04 0.02 655.03 655.03 56.03 56.03 56.03 0.12 0.12 0.12 613.04 613.04 613.04 613.04 613.04 613.04 0.0 0.0 0.0 0.0 0.0 0.0 0.0 0.0 0.0 0.0
569.03 0.05 569.03 569.03 268.03 268.03 268.03 0.05 0.02 268.04 73.04 73.04 73.04 73.03 0.01 0.01 366.03 366.03 366.03 366.03 366.04 432.04 802.04 802.04 802.04 439.04 439.04 439.04 439.04 439.04 85.04 85.04 0.02 0.02 578.04 578.03 578.03 578.03 0.02 672.03 672.03 672.03 672.03 304.04 304.04 304.04 0.05 0.05 108.03 244.04 244.04 573.04 730.04 730.04 730.04 262.04 0.02 655.04 655.04 655.04 655.04 655.03 56.03 56.03 56.03 0.12 0.12 0.12 613.04 613.04 613.04 613.04 613.04 0.0 0.0 0.0 0.0 0.0 0.0 0.0 0.0 0.0 0.0 0.0
0.05 0.05 569.03 569.03 268.03 268.03 0.02 268.03 268.03 73.04 73.04 73.04 73.03 73.03 73.03 0.01 366.03 0.02 366.03 432.03 432.04 432.04 802.04 802.04 802.04 802.04 0.02 439.04 0.02 85.04 85.04 85.04 85.04 85.04 578.03 578.03 578.03 578.03 672.03 672.03 672.03 304.03 304.03 304.04 304.04 0.05 0.05 0.05 108.04 244.04 0.02 573.04 730.04 730.04 262.04 262.04 262.04 262.04 655.04 655.04 655.04 655.04 56.03 56.03 0.12 0.12 0.12 613.04 613.03 613.04 613.04 613.04 0.0 0.0 0.0 0.0 0.0 0.0 0.0 0.0 0.0 0.0 0.0 0.0
0.0 569.04 569.04 268.03 0.02 0.02 0.02 268.04 73.04 73.04 73.04 73.04 73.03 73.03 73.03 366.03 366.03 0.02 432.03 0.02 432.04 432.04 802.04 802.04 802.04 802.04 439.04 439.04 439.04 85.04 85.04 85.04 0.02 0.02 578.04 578.04 578.03 578.03 220.03 220.03 304.03 304.03 304.03 304.04 304.04 0.05 0.05 29.04 29.04 29.04 29.04 573.04 730.04 730.04 262.04 262.04 262.04 0.05 262.04 655.04 655.04 655.04 655.04 0.12 0.12 0.12 613.04 613.04 613.04 0.02 0.0 0.0 0.0 0.0 0.0 0.0 0.0 0.0 0.0 0.0 0.0 0.0 0.0 0.0
0.0 0.0 285.04 285.04 486.03 268.03 268.04 73.04 73.04 73.04 73.04 73.04 73.04 73.03 73.04 575.04 366.04 0.02 0.02 432.04 432.04 432.04 802.04 802.04 802.04 802.04 802.04 439.04 85.04 85.04 85.04 85.04 85.04 578.04 578.04 578.03 578.03 578.03 220.03 220.03 220.04 781.03 781.04 781.04 781.04 781.04 0.05 29.03 29.04 29.04 29.04 20.04 20.04 262.04 262.04 262.04 262.04 0.05 0.05 262.04 655.04 655.04 655.04 0.12 0.12 0.12 613.04 613.04 613.04 613.04 0.0 0.0 0.0 0.0 0.0 0.0 0.0 0.0 0.0 0.0 0.0 0.0 0.0 0.0
0.0 0.0 285.04 285.03 486.03 486.03 486.04 73.04 73.04 73.04 73.04 73.04 73.04 575.04 575.04 575.04 575.04 575.04 432.04 432.04 432.04 432.04 802.03 802.03 802.03 802.04 802.04 317.04 317.04 317.04 85.04 724.04 0.02 724.04 724.04 0.02 578.04 220.04 220.03 220.04 220.04 220.04 781.04 781.04 781.04 781.04 0.05 0.05 29.04 29.04 20.04 20.04 20.04 20.04 262.04 262.04 262.04 262.04 0.05 0.05 262.04 262.04 0.12 0.12 0.12 613.03 613.03 613.03 613.04 613.04 0.0 0.0 0.0 0.0 0.0 0.0 0.0 0.0 0.0 0.0 0.0 0.0 0.0 0.0
0.0 0.0 0.0 486.03 486.03 486.03 486.04 486.04 486.04 73.04 73.04 73.04 575.04 575.04 575.04 575.04 575.04 575.04 575.04 669.04 669.04 669.04 669.04 669.04 802.04 792.04 792.04 792.04 317.04 317.04 317.04 0.02 0.02 724.04 724.04 0.02 411.04 411.04 220.04 220.04 220.04 220.04 781.04 0.02 33.04 33.04 33.04 29.04 29.04 29.04 20.04 0.05 20.04 0.02 262.04 262.04 262.04 262.04 262.04 262.04 0.05 0.12 0.12 0.12 0.12 613.03 613.03 613.03 613.03 613.04 0.0 0.0 0.0 0.0 0.0 0.0 0.0 0.0 0.0 0.0 0.0 0.0 0.0 0.0
0.0 0.0 0.0 285.04 486.04 486.03 0.02 486.04 486.04 486.04 486.04 575.04 575.04 575.04 575.04 0.02 575.04 0.02 575.04 669.04 669.04 669.04 669.04 669.04 669.04 792.04 792.03 792.04 317.04 317.03 317.04 317.03 724.03 724.04 724.04 411.04 411.04 411.04 220.04 220.04 0.02 0.02 33.04 33.04 33.04 33.04 33.04 0.05 29.04 20.04 20.04 0.05 20.04 20.04 20.04 680.04 680.04 680.03 680.04 680.04 680.04 0.12 0.12 0.12 302.03 302.03 302.03 302.03 302.03 0.0 0.0 0.0 0.0 0.0 0.0 0.0 0.0 0.0 0.0 0.0 0.0 0.0 0.0 0.0
0.0 0.0 285.04 285.04 486.04 486.04 486.04 486.04 486.04 486.04 486.04 575.04 575.04 575.04 575.04 575.04 575.04 575.04 117.04 117.03 669.04 669.04 669.04 669.04 669.04 792.04 792.04 792.04 792.03 317.03 317.04 317.04 724.04 724.04 411.04 411.04 411.04 411.04 411.04 220.04 220.04 220.04 220.04 0.02 33.04 33.04 33.04 33.04 404.04 404.04 20.04 0.05 20.04 20.04 680.04 680.04 680.04 680.04 680.04 680.04 680.04 0.12 0.12 0.05 302.03 302.03 302.03 302.03 302.03 0.0 0.0 0.0 0.0 0.0 0.0 0.0 0.0 0.0 0.0 0.0 0.0 0.0 0.0 0.0
0.0 0.0 285.04 285.04 486.04 486.04 486.04 486.04 486.04 486.04 276.04 0.02 575.04 575.04 575.04 575.04 575.04 575.04 117.03 0.02 117.04 669.04 669.04 669.04 669.04 398.04 792.03 792.04 792.04 317.04 317.04 317.04 317.04 724.04 411.04 411.04 411.04 411.04 411.04 384.04 384.04 384.04 384.04 0.05 33.04 33.04 33.04 404.04 0.05 0.05 404.04 404.04 404.04 680.04 680.04 0.02 680.04 680.04 680.04 680.04 0.12 0.12 0.12 0.05 302.04 302.03 302.03 302.03 302.03 0.02 0.0 0.0 0.0 0.0 0.0 0.0 0.0 0.0 0.0 0.0 0.0 0.0 0.0 0.0
0.0 0.0 285.04 285.04 486.04 486.04 486.04 486.04 486.04 276.04 276.04 575.04 575.03 0.02 575.04 575.04 575.04 575.04 117.04 0.02 0.02 117.04 75.04 75.04 75.04 398.04 398.03 398.03 792.04 792.04 317.04 317.04 317.04 604.04 411.04 411.04 411.04 411.04 384.04 384.04 0.05 0.05 0.05 0.05 33.04 33.04 404.04 404.04 0.05 0.05 404.04 404.04 404.04 680.04 680.04 0.02 680.04 680.04 680.04 680.04 0.12 0.12 0.12 302.04 302.04 0.05 302.03 302.03 302.03 302.04 302.04 0.0 0.0 0.0 0.0 0.0 0.0 0.0 0.0 0.0 0.0 0.0 0.0 0.0
0.0 285.04 285.04 285.04 402.04 402.03 402.04 402.04 276.04 276.04 276.04 367.03 575.03 575.04 575.04 575.04 575.04 575.04 117.04 117.04 117.04 117.03 75.03 75.03 75.03 398.03 398.03 398.03 398.04 398.04 317.04 604.04 604.04 604.04 604.04 411.04 411.03 784.03 467.03 467.03 0.02 0.05 0.05 0.05 258.04 404.04 404.04 404.04 404.04 0.05 404.03 404.03 404.04 680.04 680.04 680.04 680.04 680.04 680.04 680.04 0.12 0.12 0.12 0.05 0.05 302.03 0.05 302.03 302.03 302.04 302.04 0.0 0.0 0.0 0.0 0.0 0.0 0.0 0.0 0.0 0.0 0.0 0.0 0.0
0.0 285.04 285.04 285.04 263.03 263.03 402.04 276.04 276.04 276.04 367.03 367.03 712.04 712.04 712.04 575.04 575.04 662.04 117.04 117.04 117.04 75.03 75.03 75.03 75.03 398.03 398.03 398.03 398.04 398.03 220.04 604.04 604.04 604.04 604.04 0.02 784.03 784.03 0.02 784.03 467.04 0.02 467.04 258.04 0.05 258.04 404.04 404.04 404.04 404.04 404.04 404.04 404.04 552.04 552.04 552.04 552.04 552.04 552.04 552.04 552.04 0.12 0.12 0.05 671.03 671.03 302.03 0.05 302.04 302.04 302.04 0.0 0.0 0.0 0.0 0.0 0.0 0.0 0.0 0.0 0.0 0.0 0.0 0.0
0.0 0.0 0.0 263.03 263.03 263.03 263.04 276.04 276.04 367.04 367.03 367.03 712.03 712.03 0.02 712.04 662.04 662.04 662.04 662.04 0.05 75.04 75.03 75.04 529.04 0.02 0.05 398.03 0.05 220.04 220.04 604.04 604.04 604.03 604.04 604.03 149.03 784.03 784.03 784.03 784.03 784.04 258.04 258.04 0.05 0.05 258.04 404.04 404.04 404.04 404.04 404.04 404.04 552.04 552.04 552.04 552.04 552.04 552.04 552.04 552.04 0.12 0.12 671.03 671.03 671.03 671.03 671.03 302.03 302.03 0.0 0.0 0.0 0.0 0.0 0.0 0.0 0.0 0.0 0.0 0.0 0.0 0.0 0.0
0.0 0.0 0.0 0.0 263.03 263.03 263.04 276.04 276.04 367.04 367.03 0.02 712.03 0.02 0.02 0.02 662.04 662.04 662.04 662.04 662.04 529.03 529.03 529.03 529.03 529.04 198.04 220.04 220.04 220.04 220.04 604.04 604.04 0.02 604.04 604.03 0.02 149.03 374.03 374.03 374.03 258.04 258.04 258.04 258.03 258.03 258.04 404.04 404.04 404.04 404.04 404.04 404.04 552.04 552.04 0.05 552.03 0.02 552.04 552.04 552.04 0.12 0.12 671.03 671.03 671.03 671.03 671.04 671.04 0.02 0.0 0.0 0.0 0.0 0.0 0.0 0.0 0.0 0.0 0.0 0.0 0.0 0.0 0.0
0.0 0.0 0.0 0.0 0.0 263.03 263.03 276.04 367.03 367.03 367.03 367.03 712.03 0.02 712.03 712.03 662.03 662.04 662.04 662.04 662.04 529.03 529.03 529.03 529.04 198.04 198.04 220.04 220.04 220.04 220.04 220.03 604.03 0.02 604.03 149.03 149.03 149.03 374.03 374.03 374.03 0.02 258.04 258.04 258.03 258.03 258.04 258.04 404.04 404.04 404.04 404.04 404.04 552.04 552.04 0.02 552.03 552.04 552.04 552.04 552.04 0.12 0.12 671.03 671.03 671.03 671.03 671.04 671.04 671.04 0.0 0.0 0.0 0.0 0.0 0.0 0.0 0.0 0.0 0.0 0.0 0.0 0.0 0.0
0.0 0.0 0.0 0.0 0.0 0.0 263.03 367.03 367.03 367.03 367.03 712.03 0.02 712.03 712.03 712.03 662.03 662.03 662.04 662.04 662.04 0.02 529.03 529.03 198.04 198.04 198.04 198.04 220.04 220.04 220.04 0.02 571.03 571.03 571.03 0.02 149.03 149.03 374.03 374.03 374.03 258.03 258.03 258.04 0.02 258.04 258.04 258.04 258.04 404.04 404.04 404.04 552.04 552.04 552.04 552.04 552.04 552.04 552.04 783.04 231.04 0.12 0.12 0.12 231.03 671.03 671.04 671.04 671.04 671.04 0.0 0.0 0.0 0.0 0.0 0.0 0.0 0.0 0.0 0.0 0.0 0.0 0.0 0.0
0.0 0.0 0.0 0.0 0.0 0.0 367.03 390.03 390.03 390.03 390.03 390.03 390.03 712.03 712.03 712.03 662.03 662.03 0.02 662.04 662.04 170.03 529.03 198.03 198.04 198.04 198.04 198.04 220.04 220.04 241.04 0.02 571.03 571.03 571.03 571.03 149.03 149.03 374.03 374.03 374.03 258.03 258.03 0.02 258.04 258.04 258.04 258.04 258.04 404.04 404.04 404.04 783.04 783.04 783.04 783.04 783.04 783.04 783.04 783.04 0.05 0.12 0.12 0.12 231.03 231.04 716.04 716.04 716.04 716.04 0.0 0.0 0.0 0.0 0.0 0.0 0.0 0.0 0.0 0.0 0.0 0.0 0.0 0.0
0.0 0.0 0.0 0.0 0.0 0.0 0.0 390.03 390.03 390.03 390.03 390.03 674.03 674.03 674.03 674.03 662.03 662.03 170.03 170.03 170.04 170.03 170.03 198.04 198.04 637.04 637.04 637.04 637.04 241.04 241.04 241.04 241.03 571.03 571.03 571.03 149.03 149.03 320.03 320.03 320.03 320.03 258.03 258.03 258.03 0.02 258.04 258.04 258.04 258.04 404.04 783.04 783.04 783.04 783.04 783.04 783.04 783.04 783.04 783.04 0.05 0.12 0.12 0.12 0.12 231.04 716.04 716.04 716.04 716.04 716.04 0.0 0.0 0.0 0.0 0.0 0.0 0.0 0.0 0.0 0.0 0.0 0.0 0.0
0.0 0.0 0.0 0.0 0.0 0.0 0.0 0.0 390.03 390.03 390.03 390.03 674.03 674.03 674.03 674.03 170.03 170.03 170.03 170.03 170.03 170.04 170.04 637.04 637.04 637.04 637.04 637.04 637.04 241.04 241.04 241.04 241.04 241.03 571.03 571.03 320.03 320.03 320.03 320.03 0.02 320.03 320.03 580.03 580.03 580.03 580.04 580.04 580.04 391.04 391.04 391.04 783.04 783.03 783.04 783.04 783.04 783.04 783.04 783.04 783.04 783.04 0.12 0.12 0.12 231.04 716.04 716.04 716.03 716.04 0.12 0.0 0.0 0.0 0.0 0.0 0.0 0.0 0.0 0.0 0.0 0.0 0.0 0.0
0.0 0.0 0.0 0.0 0.0 0.0 0.0 0.0 390.03 390.03 390.03 674.03 674.03 674.03 674.03 674.03 170.03 170.03 170.03 170.03 170.03 170.03 170.03 637.04 637.04 637.04 637.04 637.04 637.04 241.04 241.04 241.03 241.03 241.03 241.03 571.03 320.03 320.03 320.03 320.03 320.04 320.03 580.04 580.04 580.04 580.04 0.02 580.04 580.04 391.04 391.04 0.05 783.03 0.02 783.04 783.04 783.04 783.04 783.04 783.04 783.04 783.04 0.12 0.12 0.12 231.04 716.04 716.03 716.03 716.03 0.12 0.12 0.0 0.0 0.0 0.0 0.0 0.0 0.0 0.0 0.0 0.0 0.0 0.0
0.0 0.0 0.0 0.0 0.0 0.0 0.0 0.0 0.0 390.03 674.03 674.03 674.03 674.03 674.03 674.03 170.03 170.03 170.03 170.03 0.02 170.03 170.03 637.04 637.04 637.03 637.04 637.04 637.04 241.04 241.04 0.02 241.04 241.03 612.03 612.03 320.03 320.03 0.02 320.03 320.03 320.04 580.04 580.04 580.04 580.04 580.04 580.04 391.04 391.04 391.04 391.04 391.04 0.02 783.04 783.04 783.04 783.03 783.04 783.04 783.04 783.04 0.12 0.12 0.12 0.12 716.03 716.03 0.12 0.12 0.12 0.12 0.12 0.12 0.0 0.0 0.0 0.0 0.0 0.0 0.0 0.0 0.0 0.0
0.0 0.0 0.0 0.0 0.0 0.0 0.0 0.0 0.0 0.0 674.03 674.03 674.03 674.03 674.03 674.03 484.03 484.03 170.03 170.03 170.04 0.02 170.04 637.04 637.03 637.03 637.04 637.04 637.04 637.04 241.04 241.04 612.04 612.03 612.03 612.03 612.03 320.03 320.03 320.04 320.04 580.04 580.04 580.04 580.04 580.04 580.04 96.04 391.04 391.04 391.04 391.04 391.04 783.04 783.04 783.04 783.04 783.03 783.04 783.04 783.04 783.04 0.12 0.12 0.12 0.12 0.12 0.12 0.12 0.12 0.12 0.12 0.12 0.12 0.12 0.12 0.0 0.0 0.0 0.0 0.0 0.0 0.0 0.0
0.0 0.0 0.0 0.0 0.0 0.0 0.0 0.0 0.0 0.0 674.03 674.03 674.03 674.03 674.03 484.03 484.03 484.03 484.03 0.02 484.04 0.02 170.04 637.04 637.03 637.04 637.04 637.04 0.02 637.04 612.04 612.04 612.04 612.03 612.03 612.03 612.03 612.03 523.03 523.04 523.04 523.04 580.04 580.04 580.04 580.04 96.04 96.04 391.03 391.03 391.04 391.04 0.05 325.04 325.04 325.04 325.04 325.04 783.04 783.04 783.04 783.04 0.12 0.12 0.12 0.12 0.12 0.12 0.12 0.12 0.12 0.12 0.12 0.12 0.12 0.12 755.03 0.0 0.0 0.0 0.0 0.0 0.0 0.0
0.0 0.0 0.0 0.0 0.0 0.0 0.0 0.0 0.0 0.0 0.0 0.08 674.03 0.02 484.04 484.04 484.04 484.04 484.03 484.04 484.04 484.04 253.04 253.04 253.04 253.04 688.04 688.04 688.04 688.04 612.04 612.04 612.03 612.03 0.02 612.03 612.03 120.03 523.03 523.03 523.04 523.04 523.04 580.04 166.04 166.04 96.04 96.03 391.03 391.03 391.03 391.04 391.04 0.05 325.03 0.02 325.04 325.04 325.04 325.04 325.04 0.12 0.12 0.12 0.12 0.12 0.12 0.12 0.12 0.12 0.12 0.12 0.12 0.12 0.12 0.12 755.03 0.0 0.0 0.0 0.0 0.0 0.0 0.0
0.0 0.0 0.0 0.0 0.0 0.0 0.0 0.0 0.0 0.0 0.0 674.03 674.03 484.03 484.04 484.04 484.04 484.04 484.04 484.04 484.04 484.04 253.04 253.04 253.04 253.04 688.04 688.04 688.04 688.04 688.04 612.04 612.03 612.03 612.03 612.03 120.03 120.03 523.04 523.04 523.04 523.04 523.04 530.04 166.04 166.04 96.04 96.03 391.03 391.03 0.02 391.04 391.04 0.05 325.04 325.04 325.04 325.04 325.04 325.03 0.12 0.12 0.12 0.12 0.12 0.12 0.12 0.12 0.12 0.12 0.12 0.12 0.12 0.12 755.04 755.03 755.03 0.0 0.0 0.0 0.0 0.0 0.0 0.0
0.0 0.0 0.0 0.0 0.0 0.0 0.0 0.0 0.0 0.0 0.0 674.03 484.03 484.03 484.04 484.04 0.02 484.04 484.04 484.04 484.04 484.04 253.04 253.04 253.04 253.04 688.04 688.04 688.04 688.04 688.04 612.04 0.02 612.03 0.02 120.04 120.04 120.04 619.04 523.04 523.04 523.04 530.04 530.04 530.04 166.04 166.03 96.03 391.03 391.03 391.04 391.04 391.04 391.04 325.04 0.02 325.04 325.04 325.04 0.12 0.12 0.12 0.12 0.12 0.12 0.12 0.12 0.12 0.12 0.12 0.12 0.12 755.04 755.04 755.04 755.04 755.04 0.0 0.0 0.0 0.0 0.0 0.0 0.0
0.0 0.0 0.0 0.0 0.0 0.0 0.0 0.0 0.0 0.0 0.0 22.04 484.03 484.03 484.03 484.03 0.02 484.04 484.04 179.03 179.04 179.04 253.04 253.04 253.04 253.04 688.04 688.04 688.04 688.04 688.04 688.04 612.04 120.04 120.04 120.04 120.04 0.02 619.04 516.04 516.04 530.04 530.04 530.04 530.03 166.03 166.03 96.03 0.02 391.03 391.04 391.04 391.04 325.04 325.04 0.12 0.12 0.12 0.12 0.12 0.12 0.12 0.12 0.12 126.03 0.12 0.12 0.12 0.12 0.12 61.04 61.04 755.04 755.04 755.04 755.04 0.05 0.0 0.0 0.0 0.0 0.0 0.0 0.0
