InputFiles/GridInputs/LU&ParcGridBarry20.asc
ncols         117
nrows         121
xllcorner     -1688447.691606855
yllcorner     3186581.191380518
dx            20.142178273974704
dy            20.15088251829609
[rows 68 to 101 of 121, columns 0 to 76 of 117]
0.0 0.0 0.0 0.0 0.0 0.0 0.0 0.0 0.0 0.0 0.0 0.0 0.0 0.0 0.0 0.0 0.0 0.0 0.0 0.0 0.0 0.0 0.0 0.0 166.03 166.03 166.03 0.05 166.03 0.02 166.03 235.03 0.02 177.04 177.04 177.04 177.04 177.04 177.04 177.04 177.04 135.03 135.03 0.02 0.01 0.01 0.01 0.01 40.03 61.03 126.03 126.03 126.03 0.02 126.03 0.02 17.04 17.04 292.03 292.03 292.03 292.03 97.03 0.02 105.03 105.04 105.04 83.03 0.02 83.04 83.04 83.03 280.03 280.04 280.04 82.03 0.02
0.0 0.0 0.0 0.0 0.0 0.0 0.0 0.0 0.0 0.0 0.0 0.0 0.0 0.0 0.0 0.0 0.0 0.0 0.0 0.0 0.0 0.0 0.0 0.0 0.0 235.03 235.03 0.05 235.03 235.03 235.03 235.03 282.03 177.03 177.03 177.03 177.04 177.04 177.04 177.04 177.04 177.04 135.03 0.02 0.01 0.01 0.01 0.01 0.01 61.03 61.03 126.03 126.03 0.02 126.03 17.03 17.03 17.03 17.03 292.03 292.03 292.03 105.04 0.02 105.04 105.04 105.04 105.03 0.02 83.04 83.04 83.03 280.04 82.03 82.03 82.03 82.03
0.0 0.0 0.0 0.0 0.0 0.0 0.0 0.0 0.0 0.0 0.0 0.0 0.0 0.0 0.0 0.0 0.0 0.0 0.0 0.0 0.0 0.0 0.0 0.0 235.03 235.03 235.03 0.05 235.03 235.03 235.03 235.03 282.03 282.03 177.03 177.03 177.04 177.04 177.04 177.04 177.04 177.04 40.03 0.02 0.01 0.01 0.01 0.01 0.01 61.03 61.03 61.03 126.03 126.04 126.03 126.03 17.03 17.03 17.03 17.03 17.03 96.03 105.03 105.03 105.04 105.04 105.04 105.04 105.04 0.02 154.03 154.03 222.04 222.03 82.03 82.03 82.03
0.0 0.0 0.0 0.0 0.0 0.0 0.0 0.0 0.0 0.0 0.0 0.0 0.0 0.0 0.0 0.0 0.0 0.0 0.0 0.0 0.0 0.0 0.0 0.0 235.03 235.03 235.03 235.03 235.03 235.03 235.03 282.03 282.03 0.02 282.03 177.03 177.04 177.04 177.04 217.04 217.04 217.04 40.04 40.04 0.01 0.01 0.01 0.01 0.01 0.01 61.03 61.03 61.03 126.03 126.03 126.03 17.03 17.03 17.03 17.03 96.03 96.03 96.03 105.03 0.02 105.04 105.04 105.03 105.03 154.03 154.03 154.03 222.03 222.03 222.03 222.03 241.03
0.0 0.0 0.0 0.0 0.0 0.0 0.0 0.0 0.0 0.0 0.0 0.0 0.0 0.0 0.0 0.0 0.0 0.0 0.0 0.0 0.0 0.0 0.0 235.03 235.03 235.03 235.03 235.03 235.03 235.03 235.03 282.03 282.03 282.03 282.03 217.04 217.04 217.04 217.04 217.04 217.04 217.04 40.04 40.04 40.03 40.03 0.01 0.01 0.01 61.03 61.03 61.03 61.03 61.03 126.03 126.03 266.03 266.03 266.03 266.03 96.03 96.03 96.03 105.04 105.04 105.04 105.03 105.03 154.03 154.03 154.03 154.03 222.03 222.03 222.03 222.03 241.03
0.0 0.0 0.0 0.0 0.0 0.0 0.0 0.0 0.0 0.0 0.0 0.0 0.0 0.0 0.0 0.0 0.0 0.0 0.0 0.0 0.0 0.0 0.0 235.04 235.03 235.03 235.03 235.03 235.04 235.04 282.04 282.03 282.03 282.03 282.03 310.04 217.04 217.04 217.04 217.04 217.04 217.04 217.04 40.04 40.04 40.03 40.04 40.04 40.04 61.03 61.03 61.03 0.02 61.03 61.03 266.03 266.03 266.03 266.03 96.04 96.03 96.03 96.03 96.03 31.03 31.03 31.03 31.03 154.03 154.03 154.03 154.03 154.03 222.03 222.03 222.03 241.03
0.0 0.0 0.0 0.0 0.0 0.0 0.0 0.0 0.0 0.0 0.0 0.0 0.0 0.0 0.0 0.0 0.0 0.0 0.0 0.0 0.0 0.0 0.0 235.04 235.04 235.03 0.02 0.02 0.02 235.03 282.04 282.03 282.03 282.03 310.03 310.04 310.04 217.04 217.04 217.04 217.04 217.04 217.04 40.03 40.03 40.04 40.04 19.04 19.04 61.04 61.04 61.03 0.02 61.03 61.03 266.03 266.03 266.03 266.03 96.03 96.03 96.03 96.03 96.03 0.02 31.03 31.03 31.03 154.03 154.03 154.03 154.03 154.03 222.03 222.03 222.03 222.03
0.0 0.0 0.0 0.0 0.0 0.0 0.0 0.0 0.0 0.0 0.0 0.0 0.0 0.0 0.0 0.0 0.0 0.0 0.0 0.0 0.0 0.0 235.04 235.04 235.03 235.03 0.02 0.02 51.03 51.03 51.03 282.03 282.03 310.03 310.03 310.03 310.04 217.04 217.04 217.04 217.04 217.04 217.04 0.02 40.04 19.04 19.04 19.04 19.04 19.04 17.04 61.04 0.02 61.03 61.03 266.03 266.03 266.03 266.03 96.03 96.03 96.03 96.03 0.02 31.03 31.03 31.03 31.03 154.03 154.03 154.03 154.03 154.03 222.03 222.03 222.03 222.03
0.0 0.0 0.0 0.0 0.0 0.0 0.0 0.0 0.0 0.0 0.0 0.0 0.0 0.0 0.0 0.0 0.0 0.0 0.0 0.0 0.0 0.0 235.04 235.04 235.03 235.03 0.02 0.02 51.03 51.03 51.03 29.03 160.03 310.03 310.03 310.03 310.04 310.04 0.02 0.02 217.04 217.04 118.04 19.04 19.04 19.04 19.04 19.04 19.04 17.04 17.04 17.04 17.04 17.04 61.04 266.04 266.03 223.04 223.03 96.03 96.03 96.03 99.03 99.03 99.03 31.03 31.03 31.03 154.03 154.03 154.03 154.03 154.03 115.03 222.03 32.03 32.03
0.0 0.0 0.0 0.0 0.0 0.0 0.0 0.0 0.0 0.0 0.0 0.0 0.0 0.0 0.0 0.0 0.0 0.0 0.0 0.0 0.0 305.03 235.04 235.03 235.03 235.03 51.03 51.03 51.03 51.03 29.03 29.03 160.03 310.03 310.03 310.04 310.03 310.03 118.03 0.02 118.04 118.04 118.04 118.04 19.04 19.04 19.04 19.04 19.04 17.04 17.04 17.04 0.02 17.04 17.04 223.04 223.04 223.04 223.04 223.03 223.03 99.03 99.03 99.03 99.03 99.03 99.03 31.03 154.03 154.03 0.02 154.03 115.03 115.03 115.03 32.03 32.03
0.0 0.0 0.0 0.0 0.0 0.0 0.0 0.0 0.0 0.0 0.0 0.0 0.0 0.0 0.0 0.0 0.0 0.0 0.0 0.0 0.0 305.03 305.03 305.03 305.03 51.03 165.03 165.03 165.03 165.03 165.03 29.03 29.03 160.04 310.04 310.04 310.03 4.03 118.03 118.03 118.03 118.04 118.04 118.04 19.04 19.04 269.04 269.04 269.04 17.04 17.04 17.04 17.04 17.04 0.05 0.05 223.04 223.04 223.04 223.04 239.03 99.03 99.03 99.03 99.03 99.03 99.03 99.03 154.03 0.02 0.02 0.02 115.03 115.03 0.02 115.03 32.03
0.0 0.0 0.0 0.0 0.0 0.0 0.0 0.0 0.0 0.0 0.0 0.0 0.0 0.0 0.0 0.0 0.0 0.0 0.0 0.0 0.0 0.02 305.03 305.03 305.03 0.02 165.03 165.03 165.03 165.03 165.03 165.03 165.03 4.04 4.03 4.03 4.03 4.03 118.03 118.03 118.03 118.04 118.04 118.04 110.04 269.03 269.03 269.04 269.03 17.04 17.03 17.03 17.04 17.03 0.05 223.04 223.04 223.04 223.03 239.03 239.03 99.03 99.03 99.03 99.03 99.03 99.03 99.03 99.03 154.03 0.01 115.03 115.03 115.03 0.02 115.03 32.03
0.0 0.0 0.0 0.0 0.0 0.0 0.0 0.0 0.0 0.0 0.0 0.0 0.0 0.0 0.0 0.0 0.0 0.0 0.0 0.0 0.0 0.0 305.03 305.03 305.03 305.03 305.03 165.03 165.03 165.03 165.03 165.03 0.02 4.03 4.03 4.03 4.03 4.03 118.03 118.03 118.03 118.04 118.04 118.04 110.04 0.02 269.03 269.03 269.03 269.03 17.03 17.03 17.03 17.03 223.03 223.04 223.04 103.03 239.03 239.03 239.03 239.03 99.03 99.03 99.03 99.03 99.03 99.03 0.02 0.01 0.01 115.03 115.03 115.03 115.03 115.03 115.04
0.0 0.0 0.0 0.0 0.0 0.0 0.0 0.0 0.0 0.0 0.0 0.0 0.0 0.0 0.0 0.0 0.0 0.0 0.0 0.0 0.0 0.0 305.03 305.03 305.03 305.03 305.03 305.03 165.03 165.03 165.03 165.03 4.03 4.03 4.03 4.03 4.03 4.03 327.03 118.03 327.03 327.03 327.03 0.02 110.04 110.04 110.03 110.03 269.03 269.03 17.03 0.01 0.01 17.03 103.03 103.03 103.04 103.03 103.03 103.03 239.03 239.03 99.03 99.03 99.03 0.02 99.03 0.02 0.02 0.01 0.01 133.04 115.04 115.04 0.02 115.04 115.04
0.0 0.0 0.0 0.0 0.0 0.0 0.0 0.0 0.0 0.0 0.0 0.0 0.0 0.0 0.0 0.0 0.0 0.0 0.0 0.0 0.0 0.0 0.0 305.03 305.03 305.03 305.03 305.03 218.03 218.03 165.03 165.03 4.03 4.03 4.03 4.03 0.02 4.03 0.0 0.0 327.03 0.02 0.02 155.03 110.03 110.04 110.03 110.03 0.01 0.01 0.01 0.01 0.01 0.01 335.03 0.01 0.01 0.01 103.03 103.03 103.03 239.03 239.03 99.03 99.03 99.03 99.03 133.03 0.02 0.02 0.02 0.02 133.04 133.04 115.04 115.04 115.04
0.0 0.0 0.0 0.0 0.0 0.0 0.0 0.0 0.0 0.0 0.0 0.0 0.0 0.0 0.0 0.0 0.0 0.0 0.0 0.0 0.0 0.0 0.0 0.0 305.03 305.03 305.03 218.03 218.03 218.03 218.03 218.03 4.03 4.03 0.0 0.0 0.0 0.0 0.0 0.0 327.03 327.03 155.03 155.03 155.03 110.03 110.03 110.03 0.01 0.01 0.01 0.01 0.01 164.03 335.03 0.01 0.01 0.01 103.03 103.03 103.03 103.03 103.03 99.04 99.04 0.02 99.03 133.03 133.03 133.03 0.02 133.04 133.04 133.04 133.04 133.04 196.04
0.0 0.0 0.0 0.0 0.0 0.0 0.0 0.0 0.0 0.0 0.0 0.0 0.0 0.0 0.0 0.0 0.0 0.0 0.0 0.0 0.0 0.0 0.0 0.0 305.03 305.03 305.03 218.03 218.03 218.03 218.03 218.03 0.0 0.0 0.0 0.0 0.0 0.0 0.0 0.0 327.03 155.03 155.03 155.03 155.03 155.03 110.03 110.03 0.01 0.01 0.01 0.01 164.03 164.03 0.01 0.01 335.03 335.03 335.03 335.03 335.03 0.02 0.02 93.04 93.04 93.04 133.04 133.03 133.03 133.03 133.03 133.04 133.04 133.04 133.04 133.04 196.04
0.0 0.0 0.0 0.0 0.0 0.0 0.0 0.0 0.0 0.0 0.0 0.0 0.0 0.0 0.0 0.0 0.0 0.0 0.0 0.0 0.0 0.0 0.0 0.0 0.0 305.03 305.03 218.03 218.03 218.03 0.0 0.0 0.0 0.0 0.0 0.0 0.0 0.0 0.0 0.0 155.03 155.03 155.03 155.03 155.03 0.01 0.01 164.03 0.01 0.01 0.01 164.03 164.03 164.03 0.01 335.03 335.03 335.03 335.03 335.03 308.03 93.03 0.02 93.03 93.03 93.03 190.03 173.03 173.03 133.03 133.04 133.04 133.04 133.04 133.04 133.04 196.04
0.0 0.0 0.0 0.0 0.0 0.0 0.0 0.0 0.0 0.0 0.0 0.0 0.0 0.0 0.0 0.0 0.0 0.0 0.0 0.0 0.0 0.0 0.0 0.0 0.0 305.03 218.03 218.03 0.0 0.0 0.0 0.0 0.0 0.0 0.0 0.0 0.0 0.0 0.0 0.0 0.02 155.03 155.03 155.03 155.03 0.01 0.01 248.03 248.03 164.03 164.03 164.03 164.03 164.03 335.03 335.03 0.02 0.02 0.02 0.02 308.04 0.02 93.04 93.03 93.03 93.03 0.01 0.01 0.01 173.03 173.03 173.04 173.04 173.04 133.04 127.04 196.04
0.0 0.0 0.0 0.0 0.0 0.0 0.0 0.0 0.0 0.0 0.0 0.0 0.0 0.0 0.0 0.0 0.0 0.0 0.0 0.0 0.0 0.0 0.0 0.0 0.0 0.0 0.0 0.0 0.0 0.0 0.0 0.0 0.0 0.0 0.0 0.0 0.0 0.0 0.0 0.0 155.04 0.02 0.02 155.03 0.02 0.01 0.01 248.03 248.03 248.03 0.02 164.03 164.03 164.03 335.03 335.03 335.03 335.03 308.03 308.04 308.04 93.03 93.03 93.03 93.03 190.03 0.01 0.01 0.02 173.03 173.03 173.03 173.03 173.03 173.03 0.02 127.03
0.0 0.0 0.0 0.0 0.0 0.0 0.0 0.0 0.0 0.0 0.0 0.0 0.0 0.0 0.0 0.0 0.0 0.0 0.0 0.0 0.0 0.0 0.0 0.0 0.0 0.0 0.0 0.0 0.0 0.0 0.0 0.0 0.0 0.0 0.0 0.0 0.0 0.0 0.0 0.0 155.04 155.04 0.02 155.03 155.03 248.03 248.03 248.03 248.03 248.03 248.03 0.02 248.03 164.03 335.03 335.03 335.03 0.05 308.04 308.03 308.03 93.03 93.03 93.03 93.03 190.03 0.01 0.01 0.02 173.03 173.03 173.03 173.03 173.03 173.04 0.02 0.02
0.0 0.0 0.0 0.0 0.0 0.0 0.0 0.0 0.0 0.0 0.0 0.0 0.0 0.0 0.0 0.0 0.0 0.0 0.0 0.0 0.0 0.0 0.0 0.0 0.0 0.0 0.0 0.0 0.0 0.0 0.0 0.0 0.0 0.0 0.0 0.0 0.0 0.0 0.0 0.0 155.04 155.04 0.05 155.04 248.03 248.03 248.04 248.04 248.04 248.03 248.03 248.04 248.03 248.03 335.03 335.03 308.03 308.04 308.04 308.03 308.03 75.03 75.03 0.02 190.03 190.03 190.03 190.03 190.03 173.04 173.04 173.03 173.03 173.03 0.02 127.04 127.03
0.0 0.0 0.0 0.0 0.0 0.0 0.0 0.0 0.0 0.0 0.0 0.0 0.0 0.0 0.0 0.0 0.0 0.0 0.0 0.0 0.0 0.0 0.0 0.0 0.0 0.0 0.0 0.0 0.0 0.0 0.0 0.0 0.0 0.0 0.0 0.0 0.0 0.0 0.0 0.0 155.03 155.03 155.03 155.04 248.03 248.03 248.04 248.04 248.04 248.04 248.04 248.04 248.04 0.02 248.03 308.03 308.03 308.03 0.02 308.04 75.03 75.03 75.03 75.03 190.03 190.03 190.03 190.03 190.03 173.04 173.04 173.03 173.03 173.04 173.04 127.03 0.02
0.0 0.0 0.0 0.0 0.0 0.0 0.0 0.0 0.0 0.0 0.0 0.0 0.0 0.0 0.0 0.0 0.0 0.0 0.0 0.0 0.0 0.0 0.0 0.0 0.0 0.0 0.0 0.0 0.0 0.0 0.0 0.0 0.0 0.0 0.0 0.0 0.0 0.0 0.0 0.0 155.03 0.02 155.04 248.04 0.02 248.04 248.04 248.04 248.04 248.04 248.04 248.04 248.04 248.04 0.02 308.03 308.04 308.04 308.04 75.04 75.03 75.03 75.03 75.03 190.03 190.03 190.03 0.02 190.04 190.04 173.04 173.04 173.04 173.04 116.04 116.03 127.03
0.0 0.0 0.0 0.0 0.0 0.0 0.0 0.0 0.0 0.0 0.0 0.0 0.0 0.0 0.0 0.0 0.0 0.0 0.0 0.0 0.0 0.0 0.0 0.0 0.0 0.0 0.0 0.0 0.0 0.0 0.0 0.0 0.0 0.0 0.0 0.0 0.0 0.0 0.0 0.0 155.03 155.04 248.04 248.04 0.02 248.04 248.04 248.04 248.04 233.04 233.04 233.04 233.04 233.04 233.04 308.04 308.04 208.04 208.04 75.04 75.03 75.03 75.03 75.03 190.03 190.03 190.03 190.03 190.04 338.04 0.02 338.04 338.04 116.04 116.03 116.03 116.03
0.0 0.0 0.0 0.0 0.0 0.0 0.0 0.0 0.0 0.0 0.0 0.0 0.0 0.0 0.0 0.0 0.0 0.0 0.0 0.0 0.0 0.0 0.0 0.0 0.0 0.0 0.0 0.0 0.0 0.0 0.0 0.0 0.0 0.0 0.0 0.0 0.0 0.0 0.0 0.0 155.04 233.04 233.04 233.04 233.04 0.02 233.04 233.04 233.04 233.04 233.03 233.04 233.04 233.04 233.04 208.04 208.04 208.04 208.04 208.03 208.03 208.03 208.03 208.03 190.03 190.03 190.03 190.03 0.02 338.04 338.04 338.03 338.04 116.03 116.03 116.03 116.03
0.0 0.0 0.0 0.0 0.0 0.0 0.0 0.0 0.0 0.0 0.0 0.0 0.0 0.0 0.0 0.0 0.0 0.0 0.0 0.0 0.0 0.0 0.0 0.0 0.0 0.0 0.0 0.0 0.0 0.0 0.0 0.0 0.0 0.0 0.0 0.0 0.0 0.0 0.0 0.0 233.04 233.04 233.04 233.04 233.04 233.04 233.04 233.04 233.04 233.04 233.04 233.04 233.04 233.04 233.04 233.04 208.04 208.04 208.04 208.03 208.03 208.03 208.03 208.03 208.03 190.03 190.03 190.03 0.02 338.03 338.03 338.03 338.03 116.03 116.03 116.03 116.03
0.0 0.0 0.0 0.0 0.0 0.0 0.0 0.0 0.0 0.0 0.0 0.0 0.0 0.0 0.0 0.0 0.0 0.0 0.0 0.0 0.0 0.0 0.0 0.0 0.0 0.0 0.0 0.0 0.0 0.0 0.0 0.0 0.0 0.0 0.0 0.0 0.0 0.0 0.0 0.0 233.04 233.04 233.04 233.04 233.04 233.04 233.04 233.04 233.04 233.04 233.04 233.04 233.04 233.04 0.02 233.04 208.04 208.04 208.04 208.03 208.03 208.03 208.03 208.03 288.03 288.03 190.03 338.03 338.03 338.03 338.03 338.03 338.03 116.03 116.03 116.03 116.03
0.0 0.0 0.0 0.0 0.0 0.0 0.0 0.0 0.0 0.0 0.0 0.0 0.0 0.0 0.0 0.0 0.0 0.0 0.0 0.0 0.0 0.0 0.0 0.0 0.0 0.0 0.0 0.0 0.0 0.0 0.0 0.0 0.0 0.0 0.0 0.0 0.0 0.0 0.0 0.0 233.04 233.04 233.04 233.04 233.04 233.04 0.02 233.04 233.04 233.04 233.04 233.04 233.04 233.04 233.04 233.04 208.04 208.04 208.04 208.04 208.03 208.03 208.03 288.03 288.03 288.03 288.03 338.03 338.03 338.03 338.03 338.03 0.02 0.02 116.03 116.03 116.03
0.0 0.0 0.0 0.0 0.0 0.0 0.0 0.0 0.0 0.0 0.0 0.0 0.0 0.0 0.0 0.0 0.0 0.0 0.0 0.0 0.0 0.0 0.0 0.0 0.0 0.0 0.0 0.0 0.0 0.0 0.0 0.0 0.0 0.0 0.0 0.0 0.0 0.0 0.0 0.0 0.0 233.04 233.04 233.04 233.04 233.04 233.04 233.04 233.04 233.04 233.04 233.04 233.04 233.04 0.02 233.04 208.04 208.04 208.04 208.04 208.03 288.03 288.03 288.03 288.03 288.03 288.03 216.03 338.03 0.02 338.03 338.04 338.04 116.04 116.03 116.03 116.03
0.0 0.0 0.0 0.0 0.0 0.0 0.0 0.0 0.0 0.0 0.0 0.0 0.0 0.0 0.0 0.0 0.0 0.0 0.0 0.0 0.0 0.0 0.0 0.0 0.0 0.0 0.0 0.0 0.0 0.0 0.0 0.0 0.0 0.0 0.0 0.0 0.0 0.0 0.0 0.0 0.0 233.04 233.04 233.04 0.05 233.04 233.04 233.04 233.04 233.04 36.04 36.04 36.04 36.03 36.04 36.04 208.04 208.04 208.04 208.04 288.04 288.03 288.03 288.03 288.03 288.03 216.03 216.03 250.03 250.03 338.04 63.04 63.04 63.04 63.04 116.03 0.05
0.0 0.0 0.0 0.0 0.0 0.0 0.0 0.0 0.0 0.0 0.0 0.0 0.0 0.0 0.0 0.0 0.0 0.0 0.0 0.0 0.0 0.0 0.0 0.0 0.0 0.0 0.0 0.0 0.0 0.0 0.0 0.0 0.0 0.0 0.0 0.0 0.0 0.0 0.0 0.0 0.0 0.0 36.04 36.04 0.05 36.04 36.04 36.04 36.04 36.04 36.04 36.04 36.04 0.02 0.05 36.04 299.04 208.04 208.04 288.04 288.03 288.03 288.03 288.03 288.03 216.03 216.03 250.03 250.03 250.03 63.03 63.04 63.04 63.04 63.04 340.04 0.05
0.0 0.0 0.0 0.0 0.0 0.0 0.0 0.0 0.0 0.0 0.0 0.0 0.0 0.0 0.0 0.0 0.0 0.0 0.0 0.0 0.0 0.0 0.0 0.0 0.0 0.0 0.0 0.0 0.0 0.0 0.0 0.0 0.0 0.0 0.0 0.0 0.0 0.0 0.0 0.0 0.0 0.0 36.04 0.05 0.05 36.03 36.04 36.04 36.04 36.04 36.04 36.04 36.04 36.04 0.02 299.04 299.04 299.03 0.02 288.04 288.04 288.03 288.03 288.03 216.03 216.03 216.03 250.03 250.03 250.03 250.03 63.03 63.03 63.03 63.03 340.03 0.05
0.0 0.0 0.0 0.0 0.0 0.0 0.0 0.0 0.0 0.0 0.0 0.0 0.0 0.0 0.0 0.0 0.0 0.0 0.0 0.0 0.0 0.0 0.0 0.0 0.0 0.0 0.0 0.0 0.0 0.0 0.0 0.0 0.0 0.0 0.0 0.0 0.0 0.0 0.0 0.0 0.0 0.0 0.0 0.05 36.03 36.03 36.04 36.04 36.04 36.04 36.04 36.04 36.04 36.04 299.04 0.02 299.04 299.03 299.03 288.04 288.04 288.03 288.03 216.03 216.03 0.02 216.03 250.03 250.03 250.04 250.03 63.03 63.03 63.04 63.04 262.04 0.05
