InputFiles/GridInputs/LU&ParcGridDiohine30.asc
ncols         205
nrows         224
xllcorner     -1693877.958766256
yllcorner     3174597.0031306315
dx            30.035184769534574
dy            30.036278548958112
[rows 96 to 127 of 224, columns 0 to 71 of 205]
0.0 0.0 0.0 0.0 0.0 0.0 829.04 829.04 829.03 1897.03 1897.03 1370.03 1370.03 0.08 0.08 1900.03 1900.04 1900.04 2234.03 2234.03 2234.03 1553.03 1553.03 1553.04 360.04 360.04 360.04 1077.04 1077.04 0.05 0.05 1130.04 1130.04 1066.04 1066.04 1066.04 1204.04 1204.04 1204.04 1204.04 1282.04 1282.04 879.04 879.04 879.04 879.04 879.04 1809.04 1809.04 1809.04 1809.04 1924.04 1924.04 1924.04 1113.04 1113.04 2429.04 2429.04 790.04 790.04 2049.04 2049.04 2049.04 2049.04 2075.04 2075.04 0.08 0.08 836.04 0.08 0.05 2010.04
0.0 0.0 0.0 0.0 0.0 0.0 829.04 829.04 829.03 1370.03 1370.03 1370.03 1370.03 0.08 1900.03 1900.03 1900.03 0.08 1900.03 1553.03 1553.03 1553.03 1553.03 724.03 360.04 360.04 360.04 360.04 1077.04 1077.04 1130.04 1130.04 810.04 810.04 810.04 1204.04 1204.04 1204.04 1204.03 1204.04 1282.04 1282.04 1282.04 655.04 655.04 655.04 655.04 1809.04 1809.04 1809.04 1665.04 1924.04 1924.04 1924.04 1924.04 1924.04 2429.04 790.04 790.04 790.04 2049.04 2049.04 2049.04 2075.04 0.02 0.08 0.08 0.08 0.08 0.08 0.05 2010.04
0.0 0.0 0.0 0.0 0.0 0.0 0.0 829.04 829.04 1370.03 1370.03 1370.04 2343.03 0.08 2343.03 1900.03 0.08 0.08 1900.03 1900.03 1553.03 724.03 724.03 724.03 724.03 1503.04 360.04 360.03 360.03 1077.04 1130.04 810.04 810.04 810.04 810.04 810.04 1204.04 1204.04 1204.04 1282.04 1282.04 1282.04 1282.04 1282.04 655.04 655.04 655.04 2209.04 2209.04 1665.04 1665.04 1924.04 1924.04 1924.04 1924.04 1924.04 993.04 993.04 993.04 993.04 1382.04 1880.04 1880.04 2075.04 0.08 2075.04 2075.04 0.08 0.08 0.08 836.04 0.05
0.0 0.0 0.0 0.0 0.0 0.0 0.0 0.05 829.04 1370.03 2343.04 2343.04 2343.03 2343.03 2343.03 1900.03 0.08 1900.03 1900.03 1900.03 1333.03 724.03 724.03 724.03 724.04 1503.04 1503.04 1503.03 1503.04 1596.04 1596.04 1596.04 810.04 810.04 810.04 810.04 1968.04 1968.04 1968.04 1282.04 1282.04 1282.04 1282.04 1282.04 655.04 655.04 655.04 2209.04 2209.04 2209.04 1665.04 1665.04 1924.04 1924.04 1023.04 1023.04 993.04 993.04 993.04 993.04 1382.04 1880.04 1880.04 1880.04 2075.04 0.08 2075.04 2075.04 2075.04 40.04 40.04 40.04
0.0 0.0 0.0 0.0 0.0 0.0 0.0 0.13 468.03 2343.04 2343.04 2343.04 2343.03 2343.03 2343.03 1900.03 1900.04 1900.04 1900.04 1333.04 1333.04 1333.04 1333.03 724.03 724.04 1503.04 1503.03 1503.04 1596.04 1596.04 1596.04 1596.04 1223.04 810.04 810.04 1968.04 1968.04 1968.04 1968.04 1968.04 1282.04 1282.04 1282.04 2039.04 2039.04 655.04 914.04 2209.04 830.04 830.04 830.04 830.04 1023.04 1023.04 1023.04 1023.04 1473.04 1473.04 993.04 993.04 1382.04 1880.04 1880.04 968.04 968.04 0.08 0.08 1172.04 1172.04 40.04 40.04 40.04
0.0 0.0 0.0 0.0 0.0 0.0 0.0 0.13 468.04 468.04 2343.04 2343.04 2343.04 2343.04 1784.03 1784.03 1753.04 1753.03 1753.03 1753.04 1333.04 1333.04 1333.03 1333.03 994.03 994.03 0.05 247.03 1596.03 1596.03 1596.04 1223.04 1223.04 1223.04 1148.04 1968.04 1968.04 1968.04 1968.04 2450.04 2450.04 2450.04 2039.04 2039.04 2039.04 914.04 0.05 914.04 830.04 830.04 830.04 176.04 1023.04 1023.04 1023.04 1023.04 1473.04 1473.04 1473.04 1382.04 1382.04 1880.04 0.02 968.04 968.04 968.04 1172.04 1172.04 1172.04 40.04 40.04 40.04
0.0 0.0 0.0 0.0 0.0 0.0 468.03 0.05 468.04 0.05 0.05 2343.04 2343.04 1784.03 1784.03 1784.03 1753.03 1753.03 1753.03 1753.03 0.02 1333.03 1333.03 994.03 994.03 994.03 0.05 0.05 1157.03 1596.04 1596.04 1223.04 1223.04 1148.04 1148.04 1968.04 1968.04 1968.04 1968.04 2450.04 2450.04 2450.04 2039.04 2039.04 2039.04 914.04 914.04 914.04 0.02 830.04 176.04 176.04 176.04 1023.04 1023.04 1023.04 1473.04 1473.04 1473.04 709.04 709.04 1880.04 1880.04 968.04 968.04 1172.04 1172.04 1172.04 393.04 40.04 40.04 40.04
0.0 0.0 0.0 0.13 0.05 468.04 468.04 468.04 468.04 468.04 0.05 468.04 1784.03 1784.03 1784.04 1784.04 943.03 1753.03 1753.03 2112.04 2112.03 2112.03 2112.03 994.03 994.03 994.03 247.03 0.05 0.05 0.05 1223.04 1223.04 1148.04 1148.04 1148.04 1968.04 1968.04 1968.04 1968.04 2450.04 2450.04 2450.04 68.04 68.04 68.04 914.04 914.04 914.04 914.04 176.04 176.04 176.04 176.04 176.04 1023.04 1023.04 1473.04 1473.04 709.04 709.04 709.04 709.04 2053.04 2053.04 2053.04 1172.04 393.04 393.04 393.04 393.04 2245.04 2245.04
0.0 0.13 0.13 0.05 169.03 169.03 468.04 468.04 468.04 468.04 468.04 2081.04 2081.04 1784.04 1784.04 1784.04 943.04 943.03 1753.04 2112.04 2112.03 2112.03 1277.03 478.03 478.03 994.03 247.03 0.05 0.05 1157.04 1157.04 1148.04 1148.03 1148.03 1148.03 1148.03 1968.03 1968.04 519.04 2450.04 0.05 0.05 68.04 68.04 68.04 68.04 914.04 914.04 914.04 176.04 176.04 176.04 176.04 176.04 1023.04 756.04 756.04 709.04 709.04 709.04 709.04 709.04 719.04 2053.04 2053.04 2053.04 393.04 393.04 393.04 1146.04 571.04 571.04
0.13 1522.04 0.05 1522.04 169.03 169.03 169.03 468.04 468.04 468.04 2081.04 2081.04 2081.04 2081.04 1784.04 943.04 943.04 943.04 831.04 831.04 2112.03 1277.03 1277.03 478.03 478.03 2323.04 2323.03 0.05 0.05 1157.04 1157.04 1148.04 1148.03 1148.03 1148.03 1778.03 519.03 0.05 0.05 0.05 0.05 68.04 68.04 68.04 68.04 68.04 914.04 914.04 538.04 538.04 176.04 176.04 176.04 176.04 756.04 756.04 756.04 756.04 709.04 709.04 709.04 719.04 719.04 1667.04 1667.04 2053.04 2053.04 873.04 873.04 1146.04 1146.04 571.04
1522.04 1522.04 0.05 1522.04 169.03 169.03 0.05 169.04 169.04 2081.03 0.05 2081.04 2081.04 2081.04 683.04 1966.04 1966.04 831.04 831.04 831.03 831.03 1462.04 1462.04 1462.04 2323.04 2323.04 2323.04 0.05 0.05 0.05 1157.04 834.04 0.05 0.05 1778.03 1778.03 1778.04 0.05 519.04 1799.04 1799.04 1799.04 68.04 68.04 68.04 68.04 68.04 538.04 538.04 538.04 0.05 0.05 0.05 756.04 756.04 756.04 756.04 756.04 756.04 700.04 719.04 719.04 719.04 719.04 1667.04 1667.04 1667.04 873.04 873.04 873.04 2250.04 1169.04
1522.04 1522.04 1522.04 0.05 771.03 0.05 0.05 0.05 771.04 2081.04 2081.04 2081.04 2081.04 2081.04 683.04 1966.04 1966.04 831.04 831.04 831.04 831.04 1462.04 1462.04 1462.04 2323.04 2323.04 2323.04 2323.04 2323.04 0.05 0.05 834.04 834.04 834.04 0.05 1778.04 1778.04 519.04 519.04 192.04 192.04 192.04 192.04 68.04 973.04 973.04 973.04 538.04 538.04 538.04 0.05 0.05 0.05 1762.04 756.04 756.04 756.04 756.04 700.04 700.04 700.04 719.04 719.04 719.04 719.04 802.04 199.04 199.04 199.04 2250.04 2250.04 1169.04
0.05 0.05 0.05 0.05 771.03 0.05 0.05 771.04 771.04 2081.04 2081.04 2081.04 2081.04 683.04 683.04 1966.04 1966.04 831.03 831.04 831.04 2116.04 2116.04 1462.04 1462.04 2323.04 2323.04 2323.04 1759.03 1759.04 1759.04 834.04 834.04 834.04 834.04 834.04 1778.04 0.05 1481.04 878.04 192.04 192.04 192.04 192.04 973.04 973.04 973.04 973.04 0.05 0.05 538.04 538.04 0.05 0.05 0.05 0.05 510.04 510.04 510.04 700.04 700.04 700.04 719.04 719.04 719.04 1648.04 802.04 802.04 199.04 199.04 2250.04 2250.04 1169.04
0.0 0.13 0.05 1988.03 1988.03 0.05 1955.1 1955.1 1955.1 706.04 706.04 2081.04 2081.04 683.04 683.04 683.04 1966.04 831.04 2116.04 2116.04 2116.04 2116.04 2116.04 2116.04 2323.04 1759.04 1759.04 0.05 1759.04 1759.04 834.04 834.04 834.04 834.04 375.04 375.04 1907.04 0.05 878.04 878.04 192.04 192.04 973.04 973.04 973.04 973.04 0.05 0.05 0.05 1631.04 538.04 1762.04 1762.04 1762.04 1762.04 510.04 510.04 510.04 700.04 700.04 700.04 700.04 719.04 1648.04 1648.04 1648.04 802.04 199.04 199.04 2250.04 2250.04 1169.04
0.0 0.13 1988.03 1988.03 1988.03 1955.1 1955.1 1955.1 1955.1 706.1 706.1 706.1 706.1 706.1 683.1 683.1 1966.04 2116.04 2116.04 2116.04 2116.04 2116.04 2116.04 2116.04 1759.04 1759.04 1759.04 1759.04 1759.04 1759.04 1759.04 834.04 834.04 834.04 375.04 375.04 1907.04 1907.04 878.04 0.05 0.05 1296.04 973.04 973.04 973.04 973.04 973.04 0.05 1631.04 1631.04 963.04 0.02 1762.04 1762.04 1762.04 510.04 510.04 510.04 2447.04 700.04 700.04 700.04 1648.04 1648.04 1648.04 1648.04 802.04 90.04 90.04 90.04 1169.04 2347.04
0.0 0.0 1988.03 1988.03 1955.1 1955.1 1955.1 1955.1 1955.1 706.1 706.1 706.1 706.1 706.1 2100.1 2138.1 1381.1 1381.1 1381.04 2116.04 2116.04 2116.04 2116.04 2116.04 1759.04 1759.04 1759.04 1759.04 1759.04 1759.04 1759.04 2178.04 834.04 834.04 375.04 375.04 375.04 581.04 0.05 0.05 1095.03 1296.03 1296.04 2212.04 973.04 973.04 283.04 283.04 1631.04 963.04 963.04 963.04 1762.04 1762.04 1762.04 510.04 2447.04 2447.04 2447.04 2447.04 1420.04 1420.04 1648.04 1648.04 1648.04 90.04 90.04 90.04 90.04 90.04 2347.04 2347.04
0.0 0.13 1873.03 0.05 1873.1 1955.1 1955.1 1955.1 706.1 706.1 706.1 706.1 706.1 2100.1 2100.1 2138.1 1381.1 1381.1 1381.04 171.04 171.04 171.04 2116.04 742.04 742.04 894.04 894.04 894.04 894.04 894.04 2178.04 2178.04 2178.04 2178.04 131.04 131.04 0.05 0.05 581.04 1095.03 1095.03 1296.03 1296.1 2212.04 2212.04 283.04 283.04 283.04 283.04 963.04 963.04 963.04 1762.04 1762.04 785.04 785.04 785.04 2447.04 2447.04 1420.04 1420.04 102.04 606.04 606.04 90.04 90.04 90.04 90.04 90.04 0.05 27.04 2347.04
0.0 0.08 1873.1 1873.1 1873.1 1873.1 1110.1 1110.1 1110.1 706.1 706.1 706.1 2100.1 2100.1 2138.1 2138.1 2056.1 1381.1 1381.04 171.03 171.04 171.04 742.04 742.04 742.04 894.04 894.04 894.04 894.04 894.04 2178.04 2178.04 2178.04 2178.04 131.04 0.05 131.04 0.02 581.03 1095.04 1095.1 1296.1 1296.1 2212.1 2212.1 283.04 283.04 283.04 283.04 963.04 280.04 280.04 280.04 280.04 785.04 785.04 785.04 785.04 1420.04 1420.04 1420.04 102.04 606.04 606.04 606.04 90.04 90.04 90.04 0.05 0.05 27.04 2347.04
584.04 584.1 584.1 1873.1 1873.1 1873.1 1110.1 1110.1 1110.1 1110.1 1578.1 2100.1 2100.1 2100.1 2138.1 2056.1 2056.1 1381.1 1381.04 171.03 171.04 171.03 742.03 742.04 742.04 742.04 894.04 894.04 894.04 894.04 2178.04 2178.04 2178.04 2178.04 0.05 0.08 131.04 581.04 0.02 1095.1 1095.1 1296.1 1296.1 2212.1 2212.1 1986.1 283.04 2150.04 2150.04 518.04 280.04 280.04 280.04 280.04 785.04 785.04 785.04 785.04 1420.04 0.05 0.05 102.04 606.04 606.04 606.04 1036.04 1036.04 27.04 27.04 27.04 27.04 27.04
269.1 584.1 584.1 584.1 1873.1 303.1 303.1 1110.1 1110.1 1578.1 1578.1 1209.1 1209.1 2138.1 2138.1 2056.1 2056.1 570.1 570.1 570.04 171.04 171.03 742.03 742.04 742.04 742.04 742.04 894.04 207.04 207.04 207.04 2178.04 0.05 0.05 2060.03 1283.03 1283.04 581.03 2059.1 2059.1 2059.1 1296.1 1296.1 1986.1 1986.1 1986.1 1210.1 2150.04 2150.04 1594.04 518.04 186.04 186.04 186.04 637.04 785.04 785.04 785.04 0.05 0.05 678.04 102.04 606.04 606.04 0.02 1036.04 1036.04 1036.04 27.04 27.04 27.04 27.04
269.1 584.1 584.1 584.1 49.1 303.1 303.1 1110.1 1110.1 1578.1 1578.1 1209.1 1209.1 119.1 119.1 78.1 78.1 78.1 570.1 570.04 570.04 151.04 151.03 742.04 742.04 742.04 742.04 207.04 207.04 207.04 207.04 207.04 0.05 0.05 2060.03 1283.03 1283.1 1283.1 2059.1 2059.1 2059.1 2059.1 1986.1 1986.1 1986.1 1986.1 1210.1 1210.04 1594.04 1594.04 518.04 186.04 186.04 637.04 637.04 637.04 637.04 785.04 259.1 678.1 102.1 102.04 606.04 617.04 617.04 1036.04 1036.04 1558.04 1558.04 27.04 27.04 1088.04
269.1 269.1 584.1 49.1 49.1 49.1 303.1 303.1 1578.1 1578.1 1209.1 1209.1 1209.1 119.1 119.1 119.1 78.1 78.04 570.03 570.04 570.04 151.04 151.04 151.04 151.04 151.04 742.04 207.04 207.04 207.1 207.1 207.1 2060.1 2060.1 2060.1 1283.1 1283.1 1283.1 2059.1 2059.1 2059.1 2059.1 761.1 1986.1 1986.1 1986.1 1764.1 1764.04 1764.04 1594.04 1594.04 186.04 186.04 637.1 637.1 637.1 637.1 259.1 259.1 259.1 259.1 1408.04 1408.04 617.04 617.04 1558.04 1558.04 1558.04 1228.04 1228.04 1088.04 1088.04
269.1 269.1 269.1 49.1 49.1 49.1 189.1 189.1 189.1 1578.1 1209.1 1209.1 119.1 119.1 119.1 119.04 78.04 78.04 570.04 570.04 151.04 151.04 151.04 151.04 0.02 16.04 16.04 658.1 658.1 658.1 793.1 793.1 793.1 2060.1 1283.1 1283.1 1283.1 1483.1 1483.1 2059.1 2059.1 2059.1 761.1 761.1 1269.1 1269.1 1764.1 1764.04 1764.04 1764.04 145.04 145.04 637.1 637.1 637.1 637.1 637.1 259.1 259.1 259.1 259.1 1408.1 1408.1 1408.1 1408.1 1558.04 1558.04 1228.04 1228.04 1228.04 1088.04 1088.04
0.0 0.0 49.1 49.1 49.1 49.1 189.1 189.1 189.1 1578.1 1209.1 1209.1 119.1 119.1 119.04 119.04 0.08 0.08 78.04 727.04 727.04 403.04 403.04 403.04 16.04 16.1 985.1 985.1 658.1 658.1 793.1 793.1 793.1 2060.1 1283.1 1283.1 1483.1 1483.1 1483.1 1483.1 1400.1 1400.1 889.1 761.1 761.1 1269.1 1269.1 1764.1 1764.1 145.04 145.04 145.04 145.1 637.1 637.1 637.1 637.1 259.1 259.1 259.1 259.1 1408.1 1408.1 1408.1 1408.1 1168.1 1228.04 1228.04 1228.04 784.04 575.04 575.04
0.0 0.0 880.1 880.1 880.1 880.1 189.1 189.1 953.1 953.1 953.1 953.1 953.1 119.1 0.02 119.04 1774.04 1774.04 727.04 727.04 727.04 727.04 403.04 403.04 16.1 985.1 985.1 985.1 658.1 658.1 793.1 793.1 757.1 1141.1 1141.1 1483.1 1483.1 1483.1 1483.1 1400.1 1400.1 1400.1 889.1 1574.1 1574.1 1574.1 938.1 938.1 145.1 145.1 145.1 145.1 1425.1 193.1 193.1 193.1 193.1 259.1 259.1 259.1 259.1 1408.1 1408.1 1408.1 1168.1 1168.1 1168.1 784.1 784.1 784.1 575.1 575.04
0.0 0.0 0.0 880.1 880.1 880.1 880.1 2200.1 953.1 953.1 953.1 953.1 953.1 953.1 0.02 1774.04 1774.04 1774.04 1774.04 727.04 727.04 727.04 1414.1 403.1 1960.1 1960.1 985.1 985.1 985.1 757.1 757.1 757.1 757.1 1141.1 1141.1 992.1 992.1 1483.1 1604.1 1604.1 1400.1 1400.1 889.1 889.1 1574.1 938.1 938.1 2266.1 2266.1 145.1 145.1 145.1 1425.1 1425.1 193.1 193.1 193.1 1592.1 1592.1 1592.1 1592.1 1864.1 1049.1 1049.1 1475.1 1168.1 1168.1 1505.1 784.1 784.1 575.1 575.1
0.0 0.0 0.0 880.1 880.1 880.1 2200.1 155.1 953.1 953.1 953.1 953.1 953.1 953.1 1774.1 1774.03 0.02 1774.04 1240.04 727.04 727.04 727.1 1414.1 1414.1 2175.1 1960.1 985.1 985.1 1273.1 1273.1 757.1 757.1 1141.1 1141.1 1141.1 992.1 992.1 992.1 1604.1 1604.1 1604.1 1604.1 1640.1 1640.1 2373.1 938.1 938.1 2266.1 2266.1 2266.1 145.1 2313.1 2313.1 1425.1 193.1 193.1 193.1 1592.1 1592.1 1592.1 1592.1 1864.1 1049.1 1049.1 1475.1 1962.1 1505.1 1505.1 1610.1 1610.1 1610.1 575.1
0.0 0.0 0.0 0.13 880.1 2200.1 2200.1 155.1 155.1 953.1 953.1 953.1 953.1 953.1 1774.1 1774.1 0.08 1774.04 1240.04 1240.04 727.04 2239.1 2239.1 2175.1 2175.1 2175.1 1273.1 1273.1 1273.1 1273.1 757.1 1141.1 1141.1 1141.1 473.1 992.1 992.1 992.1 1604.1 1604.1 1604.1 1640.1 1640.1 1640.1 2373.1 2373.1 2266.1 2266.1 274.1 274.1 274.1 2313.1 2313.1 2313.1 1425.1 193.1 193.1 1592.1 1592.1 1592.1 1592.1 1864.1 1864.1 1049.1 1962.1 1962.1 1505.1 1505.1 1610.1 1610.1 1610.1 2258.1
0.0 0.0 0.13 0.13 2443.1 2443.1 155.1 155.1 155.1 155.1 953.1 953.1 953.1 953.1 1774.1 1774.1 1774.1 1774.04 1240.04 1240.04 75.04 2239.1 2239.1 2175.1 2175.1 2175.1 1273.1 1273.1 1273.1 1273.1 2069.1 2069.1 1141.1 473.1 473.1 992.1 992.1 992.1 439.1 439.1 439.1 1640.1 1640.1 2373.1 2373.1 2373.1 2373.1 274.1 274.1 274.1 274.1 923.1 1693.1 1693.1 1693.1 1748.1 1748.1 983.1 1592.1 1592.1 1864.1 1864.1 2275.1 2275.1 2107.1 1962.1 1505.1 1505.1 1610.1 633.1 633.1 2258.1
0.0 0.0 0.13 2443.1 2443.1 2443.1 155.1 155.1 155.1 155.1 953.1 953.1 2018.1 767.1 767.1 767.1 1774.1 1240.1 1240.04 75.1 75.1 75.1 2239.1 174.1 174.1 174.1 174.1 1273.1 1273.1 1273.1 2069.1 2069.1 2069.1 473.1 473.1 473.1 992.1 439.1 439.1 439.1 439.1 696.1 696.1 2373.1 2373.1 1943.1 1943.1 1943.1 274.1 274.1 274.1 923.1 1693.1 1693.1 1693.1 1748.1 1748.1 983.1 983.1 1636.1 1636.1 2275.1 2275.1 2107.1 2107.1 2107.1 1373.1 1373.1 633.1 633.1 633.1 594.1
0.0 0.0 0.0 2443.1 2443.1 2443.1 155.1 155.1 155.1 155.1 155.1 2018.1 2018.1 767.1 767.1 767.1 767.1 1240.1 75.1 75.1 75.1 75.1 174.1 174.1 174.1 174.1 1884.1 1884.1 1884.1 1884.1 2069.1 2069.1 851.1 851.1 473.1 473.1 475.1 439.1 439.1 439.1 696.1 696.1 696.1 1173.1 1173.1 1943.1 1943.1 1943.1 1943.1 274.1 923.1 923.1 923.1 1693.1 1693.1 1748.1 1748.1 983.1 983.1 1636.1 1636.1 2275.1 2275.1 2107.1 2107.1 2107.1 1373.1 1373.1 1755.1 633.1 633.1 594.1
0.0 0.0 0.0 0.0 0.0 2443.04 155.04 155.1 155.1 155.1 2018.1 2018.1 2018.1 2018.1 767.1 767.1 767.1 767.1 21.1 21.1 21.1 1139.1 1139.1 174.1 174.1 174.1 161.1 656.1 656.1 656.1 2069.1 851.1 851.1 851.1 851.1 475.1 475.1 475.1 475.1 696.1 696.1 696.1 696.1 1173.1 1173.1 1173.1 1943.1 1943.1 1943.1 1943.1 923.1 923.1 923.1 1693.1 1693.1 1748.1 1748.1 983.1 1816.1 1636.1 1636.1 1636.1 2107.1 2107.1 2107.1 1757.1 2302.1 1755.1 1755.1 929.1 929.1 929.1
