InputFiles/GridInputs/LU&ParcGridSob20.asc
ncols         177
nrows         257
xllcorner     -1684940.3713166039
yllcorner     3170668.0308883013
dx            20.099826346325166
dy            20.01721326890492
[rows 37 to 73 of 257, columns 84 to 167 of 177]
23.04 23.03 23.03 642.03 642.03 642.03 299.03 78.03 78.04 78.04 362.04 362.04 362.03 685.04 685.04 685.04 685.04 685.03 685.03 0.0 0.0 0.0 0.0 0.0 0.0 0.0 0.0 0.0 0.0 0.0 0.0 0.0 0.0 0.0 0.0 0.0 0.0 0.0 0.0 0.0 0.0 0.0 0.0 0.0 0.0 0.0 0.0 0.0 0.0 0.0 0.0 0.0 0.0 0.0 0.0 0.0 0.0 0.0 0.0 0.0 0.0 0.0 0.0 0.0 0.0 0.0 0.0 0.0 0.0 0.0 0.0 0.0 0.0 0.0 0.0 0.0 0.0 0.0 0.0 0.0 0.0 0.0 0.0 0.0
23.03 23.03 23.03 23.03 299.03 299.03 299.04 299.04 299.04 0.02 362.04 362.04 0.02 685.04 685.04 685.04 685.04 685.03 685.04 488.04 488.03 0.0 0.0 0.0 0.0 0.0 0.0 0.0 0.0 0.0 0.0 0.0 0.0 0.0 0.0 0.0 0.0 0.0 0.0 0.0 0.0 0.0 0.0 0.0 0.0 0.0 0.0 0.0 0.0 0.0 0.0 0.0 0.0 0.0 0.0 0.0 0.0 0.0 0.0 0.0 0.0 0.0 0.0 0.0 0.0 0.0 0.0 0.0 0.0 0.0 0.0 0.0 0.0 0.0 0.0 0.0 0.0 0.0 0.0 0.0 0.0 0.0 0.0 0.0
0.02 23.03 23.03 23.03 299.03 299.04 299.04 299.04 299.04 362.04 362.04 362.03 362.04 685.04 685.04 685.03 685.03 685.03 685.04 488.04 0.02 488.04 488.04 77.04 0.0 0.0 132.03 132.03 132.03 532.03 532.03 532.03 532.04 532.03 532.04 0.08 532.03 0.0 0.0 0.0 0.0 0.0 0.0 0.0 0.0 0.0 0.0 0.0 0.0 0.0 0.0 0.0 0.0 0.0 0.0 0.0 0.0 0.0 0.0 0.0 0.0 0.0 0.0 0.0 0.0 0.0 0.0 0.0 0.0 0.0 0.0 0.0 0.0 0.0 0.0 0.0 0.0 0.0 0.0 0.0 0.0 0.0 0.0 0.0
23.04 23.03 23.03 23.03 299.03 299.03 299.04 299.04 0.05 362.03 362.03 362.04 362.04 685.04 685.04 0.02 685.04 685.03 685.04 488.04 488.04 488.04 488.04 77.03 132.03 132.03 132.03 132.03 132.03 532.03 532.03 532.03 532.03 532.04 532.04 532.03 0.02 0.0 0.0 0.0 0.0 0.0 0.0 0.0 0.0 0.0 0.0 0.0 0.0 0.0 0.0 0.0 0.0 0.0 0.0 0.0 0.0 0.0 0.0 0.0 0.0 0.0 0.0 0.0 0.0 0.0 0.0 0.0 0.0 0.0 0.0 0.0 0.0 0.0 0.0 0.0 0.0 0.0 0.0 0.0 0.0 0.0 0.0 0.0
581.04 23.04 23.03 299.04 299.04 0.02 299.04 299.04 362.03 362.04 362.03 362.04 362.04 685.04 685.03 685.03 685.04 685.04 609.04 488.04 488.04 488.04 77.04 77.03 132.03 132.03 132.03 132.03 132.03 532.03 532.03 0.02 532.04 532.04 532.03 532.03 532.03 318.03 0.0 0.0 0.0 0.0 0.0 0.0 0.0 0.0 0.0 0.0 0.0 0.0 0.0 0.0 0.0 0.0 0.0 0.0 0.0 0.0 0.0 0.0 0.0 0.0 0.0 0.0 0.0 0.0 0.0 0.0 0.0 0.0 0.0 0.0 0.0 0.0 0.0 0.0 0.0 0.0 0.0 0.0 0.0 0.0 0.0 0.0
223.04 581.04 581.04 299.04 299.04 299.04 299.04 299.03 346.04 346.04 346.04 0.02 346.04 346.04 685.04 685.04 0.02 609.04 609.04 609.04 488.04 644.04 644.04 77.03 77.03 132.03 132.03 132.03 132.03 532.04 532.04 532.03 532.04 532.04 532.03 532.03 318.03 318.03 0.02 0.0 0.0 0.0 0.0 0.0 0.0 0.0 0.0 0.0 0.0 0.0 0.0 0.0 0.0 0.0 0.0 0.0 0.0 0.0 0.0 0.0 0.0 0.0 0.0 0.0 0.0 0.0 0.0 0.0 0.0 0.0 0.0 0.0 0.0 0.0 0.0 0.0 0.0 0.0 0.0 0.0 0.0 0.0 0.0 0.0
223.04 223.04 223.04 160.04 160.04 182.04 492.04 492.04 492.04 346.04 346.04 346.04 346.04 700.04 700.04 609.04 609.03 609.04 609.04 609.04 0.05 0.05 0.05 644.03 644.03 132.03 132.03 132.03 112.03 532.04 532.04 532.04 532.04 532.04 532.04 318.03 318.04 318.03 318.04 0.0 0.0 0.0 0.0 0.0 0.0 0.0 0.0 0.0 0.0 0.0 0.0 0.0 0.0 0.0 0.0 0.0 0.0 0.0 0.0 0.0 0.0 0.0 0.0 0.0 0.0 0.0 0.0 0.0 0.0 0.0 0.0 0.0 0.0 0.0 0.0 0.0 0.0 0.0 0.0 0.0 0.0 0.0 0.0 0.0
223.04 223.04 223.04 160.04 160.04 160.04 182.04 492.04 492.04 492.04 346.03 346.04 700.04 700.04 700.04 609.04 609.03 0.02 609.04 609.04 644.04 0.05 0.05 644.03 0.02 112.04 112.03 112.03 112.04 112.04 532.04 532.04 532.03 532.03 532.04 318.04 318.04 0.02 318.04 318.04 0.0 0.0 0.0 0.0 0.0 0.0 0.0 0.0 0.0 0.0 0.0 0.0 0.0 0.0 0.0 0.0 0.0 0.0 0.0 0.0 0.0 0.0 0.0 0.0 0.0 0.0 0.0 0.0 0.0 0.0 0.0 0.0 0.0 0.0 0.0 0.0 0.0 0.0 0.0 0.0 0.0 0.0 0.0 0.0
223.04 39.04 39.04 160.04 160.04 0.02 182.04 182.04 492.04 492.03 492.03 700.04 700.04 0.02 700.04 700.04 49.04 49.04 49.04 49.04 49.04 0.05 0.05 651.03 651.03 112.04 112.04 112.04 112.04 112.04 112.04 532.03 532.03 532.03 318.04 318.04 318.04 318.04 318.04 318.04 0.02 0.0 0.0 0.0 0.0 0.0 0.0 0.0 0.0 0.0 0.0 0.0 0.0 0.0 0.0 0.0 0.0 0.0 0.0 0.0 0.0 0.0 0.0 0.0 0.0 0.0 0.0 0.0 0.0 0.0 0.0 0.0 0.0 0.0 0.0 0.0 0.0 0.0 0.0 0.0 0.0 0.0 0.0 0.0
0.02 39.04 39.04 39.04 160.04 160.04 160.04 182.04 182.04 492.03 492.03 700.03 700.04 700.04 700.04 555.03 555.04 49.04 49.04 49.04 651.04 0.05 0.05 651.04 651.04 112.04 112.04 112.04 112.04 112.04 0.02 112.03 795.03 0.02 318.04 318.04 318.03 318.04 318.04 318.04 0.02 0.0 0.0 0.0 0.0 0.0 0.0 0.0 0.0 0.0 0.0 0.0 0.0 0.0 0.0 0.0 0.0 0.0 0.0 0.0 0.0 0.0 0.0 0.0 0.0 0.0 0.0 0.0 0.0 0.0 0.0 0.0 0.0 0.0 0.0 0.0 0.0 0.0 0.0 0.0 0.0 0.0 0.0 0.0
0.05 39.04 39.04 39.03 160.04 160.04 160.04 182.04 182.04 182.03 182.03 700.03 700.03 700.03 700.03 555.03 555.03 555.04 49.04 49.04 651.04 651.04 0.05 651.04 651.04 112.04 112.04 112.03 112.04 112.04 112.03 795.03 0.02 403.03 403.03 318.03 0.02 0.02 318.04 416.04 416.04 416.04 0.0 0.0 0.0 0.0 0.0 0.0 0.0 0.0 0.0 0.0 0.0 0.0 0.0 0.0 0.0 0.0 0.0 0.0 0.0 0.0 0.0 0.0 0.0 0.0 0.0 0.0 0.0 0.0 0.0 0.0 0.0 0.0 0.0 0.0 0.0 0.0 0.0 0.0 0.0 0.0 0.0 0.0
307.03 39.04 39.04 39.03 39.04 160.03 160.03 160.04 182.04 182.04 182.03 188.03 188.04 188.04 555.03 555.03 555.03 555.03 324.04 324.04 324.04 651.04 0.05 651.04 651.04 112.04 112.03 112.03 112.04 112.04 0.02 795.03 795.03 0.02 403.03 403.03 403.04 416.04 416.04 416.04 416.04 416.04 416.04 0.0 0.0 0.0 0.0 0.0 0.0 0.0 0.0 0.0 0.0 0.0 0.0 0.0 0.0 0.0 0.0 0.0 0.0 0.0 0.0 0.0 0.0 0.0 0.0 0.0 0.0 0.0 0.0 0.0 0.0 0.0 0.0 0.0 0.0 0.0 0.0 0.0 0.0 0.0 0.0 0.0
0.02 0.02 39.03 39.03 39.03 160.03 160.03 160.04 182.04 182.03 188.03 188.03 188.04 188.04 188.03 555.03 555.03 555.03 324.04 324.04 324.04 355.04 355.04 355.04 355.04 0.02 112.03 112.03 112.04 399.04 795.03 795.03 795.03 403.03 0.02 403.03 403.04 403.04 416.04 416.04 416.04 416.04 0.05 0.05 0.0 0.0 0.0 0.0 0.0 0.0 0.0 0.0 0.0 0.0 0.0 0.0 0.0 0.0 0.0 0.0 0.0 0.0 0.0 0.0 0.0 0.0 0.0 0.0 0.0 0.0 0.0 0.0 0.0 0.0 0.0 0.0 0.0 0.0 0.0 0.0 0.0 0.0 0.0 0.0
307.03 307.03 307.03 39.03 715.03 715.03 715.03 715.04 715.04 188.03 188.03 188.03 188.04 188.04 188.04 188.04 555.03 324.03 324.03 324.03 324.03 355.04 0.05 0.05 355.04 0.02 0.02 399.03 399.04 399.03 795.03 795.03 795.03 403.03 403.04 403.04 403.04 403.03 416.04 416.04 416.04 416.03 0.05 0.05 381.04 0.0 0.0 0.0 0.0 0.0 0.0 0.0 0.0 0.0 0.0 0.0 0.0 0.0 0.0 0.0 0.0 0.0 0.0 0.0 0.0 0.0 0.0 0.0 0.0 0.0 0.0 0.0 0.0 0.0 0.0 0.0 0.0 0.0 0.0 0.0 0.0 0.0 0.0 0.0
309.03 307.03 196.03 196.03 715.03 0.02 715.04 715.04 715.04 3.03 188.03 165.04 165.04 165.04 165.04 165.03 324.03 324.03 324.03 324.03 324.03 355.03 0.05 355.04 105.04 105.04 105.04 399.03 399.03 399.03 795.04 795.04 795.04 403.04 403.04 403.04 403.04 403.04 0.02 416.04 416.04 416.04 381.04 381.04 381.04 381.04 0.0 0.0 0.0 0.0 0.0 0.0 0.0 0.0 0.0 0.0 0.0 0.0 0.0 0.0 0.0 0.0 0.0 0.0 0.0 0.0 0.0 0.0 0.0 0.0 0.0 0.0 0.0 0.0 0.0 0.0 0.0 0.0 0.0 0.0 0.0 0.0 0.0 0.0
309.03 196.03 196.03 196.03 715.03 715.03 715.04 715.04 3.04 3.04 3.04 165.04 165.03 165.03 165.03 165.03 324.03 324.03 324.03 324.03 324.03 355.03 0.05 105.04 105.04 105.04 105.04 399.04 399.03 399.03 795.04 795.04 795.04 403.04 403.04 403.04 403.04 84.04 84.04 84.04 84.04 381.04 381.03 381.04 381.04 381.04 381.04 0.0 0.0 0.0 0.0 0.0 0.0 0.0 0.0 0.0 0.0 0.0 0.0 0.0 0.0 0.0 0.0 0.0 0.0 0.0 0.0 0.0 0.0 0.0 0.0 0.0 0.0 0.0 0.0 0.0 0.0 0.0 0.0 0.0 0.0 0.0 0.0 0.0
309.03 309.03 196.03 196.03 715.03 715.04 715.04 715.04 3.04 3.04 3.04 3.04 165.03 165.03 165.03 677.03 677.03 65.03 65.03 65.03 65.03 105.03 105.04 105.04 105.04 105.04 565.04 399.03 399.03 534.03 534.04 534.04 758.04 758.04 403.04 754.04 754.04 84.04 84.04 84.04 84.04 381.04 381.04 381.04 381.04 381.04 381.04 0.02 0.0 0.0 0.0 0.0 0.0 0.0 0.0 0.0 0.0 0.0 0.0 0.0 0.0 0.0 0.0 0.0 0.0 0.0 0.0 0.0 0.0 0.0 0.0 0.0 0.0 0.0 0.0 0.0 0.0 0.0 0.0 0.0 0.0 0.0 0.0 0.0
309.03 309.03 587.03 587.03 587.04 715.04 715.04 3.04 3.04 3.04 3.04 0.02 0.02 677.04 677.03 677.03 677.03 65.03 65.03 65.03 65.03 0.05 105.04 105.04 105.04 565.04 565.04 565.03 534.03 534.03 534.04 534.03 758.04 758.04 758.04 0.02 754.04 84.04 84.03 84.04 84.03 751.04 381.04 381.04 381.04 381.03 381.04 381.04 381.04 0.0 0.0 0.0 0.0 0.0 0.0 0.0 0.0 0.0 0.0 0.0 0.0 0.0 0.0 0.0 0.0 0.0 0.0 0.0 0.0 0.0 0.0 0.0 0.0 0.0 0.0 0.0 0.0 0.0 0.0 0.0 0.0 0.0 0.0 0.0
309.03 587.03 587.03 587.03 587.03 587.03 527.04 3.04 3.04 3.04 3.04 3.04 3.04 677.04 677.03 677.03 677.03 65.03 65.03 65.03 0.02 0.05 105.04 0.02 565.03 0.02 565.04 565.03 565.03 534.03 534.03 758.03 758.04 758.04 758.04 754.04 754.04 84.03 84.03 84.04 84.03 751.03 751.04 0.02 381.04 381.03 381.03 381.04 305.04 0.02 0.02 0.0 0.0 0.0 0.0 0.0 0.0 0.0 0.0 0.0 0.0 0.0 0.0 0.0 0.0 0.0 0.0 0.0 0.0 0.0 0.0 0.0 0.0 0.0 0.0 0.0 0.0 0.0 0.0 0.0 0.0 0.0 0.0 0.0
587.03 587.03 587.04 587.04 587.04 527.03 527.03 0.05 0.05 3.04 3.04 3.04 677.04 677.04 677.03 677.03 677.03 65.03 65.03 65.03 65.04 65.04 65.04 565.03 565.03 0.02 565.04 565.04 565.03 534.03 534.03 758.03 758.04 758.04 758.04 754.04 0.02 84.04 84.04 84.04 751.04 751.04 751.04 0.02 381.04 381.03 381.03 381.04 305.04 0.02 305.04 305.04 0.02 0.0 0.0 0.0 0.0 0.0 0.0 0.0 0.0 0.0 0.0 0.0 0.0 0.0 0.0 0.0 0.0 0.0 0.0 0.0 0.0 0.0 0.0 0.0 0.0 0.0 0.0 0.0 0.0 0.0 0.0 0.0
587.03 587.03 587.04 587.04 587.04 527.04 527.03 0.05 0.05 3.04 3.04 3.03 0.02 677.04 677.03 677.03 210.03 210.03 210.03 65.03 65.04 0.05 65.04 0.02 0.02 565.04 565.04 565.04 565.04 534.04 534.04 758.03 758.03 0.02 509.04 509.04 509.04 509.04 84.04 751.04 751.04 751.04 751.04 751.04 751.03 381.03 381.03 305.04 305.04 305.04 305.04 305.04 0.02 748.04 748.04 0.0 0.0 0.0 0.0 0.0 0.0 0.0 0.0 0.0 0.0 0.0 0.0 0.0 0.0 0.0 0.0 0.0 0.0 0.0 0.0 0.0 0.0 0.0 0.0 0.0 0.0 0.0 0.0 0.0
587.03 0.02 587.04 587.04 527.04 527.03 527.03 527.03 0.05 0.05 3.03 3.03 677.03 677.03 677.03 210.03 210.03 210.03 210.03 210.04 210.04 210.04 210.03 565.03 565.04 565.04 565.04 565.04 512.04 512.04 512.04 702.04 702.04 702.04 509.04 509.04 509.03 509.03 509.04 698.04 751.04 751.04 751.04 751.04 751.04 751.03 381.03 305.03 305.04 305.04 305.04 305.04 748.04 748.04 748.04 450.04 450.04 450.04 450.04 0.0 0.0 0.0 0.0 0.0 0.0 0.0 0.0 0.0 0.0 0.0 0.0 0.0 0.0 0.0 0.0 0.0 0.0 0.0 0.0 0.0 0.0 0.0 0.0 0.0
661.03 0.02 0.02 527.04 527.04 527.04 527.04 0.05 527.04 0.05 3.04 0.02 677.03 677.03 210.03 210.03 210.03 0.02 210.04 210.04 210.04 210.03 210.03 565.03 565.04 565.04 512.04 512.04 512.04 512.04 512.04 702.04 702.04 0.05 702.04 509.03 509.03 509.04 698.04 698.04 698.04 698.04 698.04 751.04 751.04 751.04 305.03 305.04 305.04 305.04 305.04 748.04 748.04 748.03 748.04 450.04 450.03 450.04 450.04 450.04 450.04 450.04 450.04 0.0 0.0 0.0 0.0 0.0 0.0 0.0 0.0 0.0 0.0 0.0 0.0 0.0 0.0 0.0 0.0 0.0 0.0 0.0 0.0 0.0
0.02 661.03 661.03 527.03 0.02 0.02 527.04 527.04 527.04 0.05 0.05 470.04 677.04 352.03 352.03 352.03 0.02 0.02 0.02 210.04 0.02 210.03 210.03 210.03 565.03 512.03 512.03 512.04 512.04 512.04 512.04 512.04 702.03 0.05 0.02 660.03 660.04 660.04 660.04 698.04 698.04 698.04 698.04 698.04 698.04 698.04 305.04 305.04 305.04 305.04 748.04 748.04 382.04 0.02 382.04 382.04 0.02 450.04 450.04 450.04 450.04 450.04 450.04 450.04 0.0 0.0 0.0 0.0 0.0 0.0 0.0 0.0 0.0 0.0 0.0 0.0 0.0 0.0 0.0 0.0 0.0 0.0 0.0 0.0
661.04 661.03 0.02 0.02 0.02 0.02 278.03 278.04 278.04 0.05 470.04 470.04 470.03 352.03 352.03 352.03 352.03 352.03 352.03 352.03 352.03 210.03 210.03 242.03 512.03 512.03 512.03 512.04 512.03 512.04 512.04 512.04 702.04 702.04 0.02 660.04 660.04 660.04 660.04 698.04 698.04 698.04 698.04 698.04 341.04 341.04 341.04 279.04 279.04 279.04 279.04 382.04 382.04 382.04 382.04 382.04 382.04 450.04 0.02 450.04 450.04 450.04 450.04 450.04 0.0 0.0 0.0 0.0 0.0 0.0 0.0 0.0 0.0 0.0 0.0 0.0 0.0 0.0 0.0 0.0 0.0 0.0 0.0 0.0
661.04 661.03 0.02 0.02 0.05 0.05 278.03 0.02 278.04 278.04 470.04 470.04 470.04 352.03 352.03 352.03 352.03 352.03 352.03 352.03 352.03 242.03 242.03 242.03 242.03 512.03 512.03 512.03 512.03 512.04 512.04 714.04 714.04 714.04 714.04 660.04 660.04 660.04 660.04 341.04 341.04 341.04 341.04 341.04 341.04 341.04 341.03 279.04 279.04 0.02 279.04 279.04 382.04 382.04 382.04 382.04 382.04 382.04 450.04 450.04 450.04 450.04 450.04 450.03 0.0 0.0 0.0 0.0 0.0 0.0 0.0 0.0 0.0 0.0 0.0 0.0 0.0 0.0 0.0 0.0 0.0 0.0 0.0 0.0
661.04 661.03 0.02 661.03 278.03 278.03 278.03 278.04 278.04 470.04 470.04 470.04 470.04 470.03 352.03 352.03 0.02 352.03 352.03 0.01 242.03 242.03 242.03 242.03 242.03 455.03 512.03 512.03 512.03 512.04 714.04 714.04 714.04 714.04 714.04 660.04 660.04 660.04 660.04 341.04 341.04 341.04 341.04 341.04 341.03 341.03 341.04 279.04 279.04 279.04 279.04 279.04 279.04 514.04 514.04 382.04 382.04 382.04 450.04 450.04 450.04 450.04 450.04 0.0 0.0 0.0 0.0 0.0 0.0 0.0 0.0 0.0 0.0 0.0 0.0 0.0 0.0 0.0 0.0 0.0 0.0 0.0 0.0 0.0
661.04 661.03 0.02 661.03 278.03 278.03 278.03 278.04 412.04 470.04 0.02 470.04 470.04 470.03 352.03 352.03 352.03 352.03 0.01 0.01 0.01 242.03 242.03 242.03 455.03 455.03 455.03 455.03 453.03 453.04 714.04 714.04 714.04 714.04 714.04 714.04 660.04 660.04 341.04 341.04 341.04 341.04 341.04 341.04 341.03 341.04 341.04 0.05 279.04 279.04 279.04 279.04 279.04 514.04 514.04 514.04 514.04 514.04 514.03 514.04 450.04 450.04 0.0 0.0 0.0 0.0 0.0 0.0 0.0 0.0 0.0 0.0 0.0 0.0 0.0 0.0 0.0 0.0 0.0 0.0 0.0 0.0 0.0 0.0
661.04 0.02 0.02 661.04 278.03 278.03 278.03 0.02 412.04 470.04 470.04 470.03 470.03 470.03 352.03 352.03 352.03 352.03 0.01 0.01 0.01 242.03 0.01 242.03 455.03 455.03 455.03 455.03 0.01 453.04 453.04 0.02 714.03 714.03 714.03 714.04 660.04 341.04 341.04 341.04 341.04 341.04 341.04 341.04 341.04 341.04 0.05 279.04 279.04 279.04 279.04 279.04 279.04 514.04 514.04 514.04 514.04 514.03 514.03 514.04 0.0 0.0 0.0 0.0 0.0 0.0 0.0 0.0 0.0 0.0 0.0 0.0 0.0 0.0 0.0 0.0 0.0 0.0 0.0 0.0 0.0 0.0 0.0 0.0
550.04 0.05 0.05 397.04 0.05 0.05 0.05 412.03 0.02 412.04 470.04 470.03 470.03 393.03 393.03 393.03 242.03 242.03 0.02 0.02 242.03 242.03 0.01 0.01 0.01 0.02 455.03 455.03 0.01 453.04 453.04 453.03 453.03 453.03 714.04 714.04 326.04 326.04 326.04 341.04 341.04 341.04 341.04 341.04 341.04 341.04 53.04 694.04 694.03 694.04 694.03 690.03 690.04 690.04 514.04 514.04 514.03 0.02 0.02 514.04 164.04 0.05 0.0 0.0 0.0 0.0 0.0 0.0 0.0 0.0 0.0 0.0 0.0 0.0 0.0 0.0 0.0 0.0 0.0 0.0 0.0 0.0 0.0 0.0
397.04 0.05 397.04 397.04 397.04 505.04 505.04 412.04 412.04 412.04 470.04 393.04 393.03 393.03 393.03 393.03 242.03 242.03 242.03 242.03 242.03 242.03 0.01 0.01 0.01 0.02 0.02 455.03 0.01 453.03 453.03 453.03 453.04 453.04 453.04 326.04 326.04 326.04 326.04 326.04 326.04 326.04 341.04 341.04 341.04 53.04 53.04 53.04 694.03 694.03 694.03 694.03 690.04 746.04 746.04 746.04 746.03 514.03 164.04 164.04 164.04 164.04 164.03 0.02 146.04 146.04 146.04 0.0 0.0 0.0 0.0 0.0 0.0 0.0 0.0 0.0 0.0 0.0 0.0 0.0 0.0 0.0 0.0 0.0
397.04 397.04 397.04 397.04 397.04 505.04 505.04 505.04 412.04 412.04 393.04 393.04 0.02 0.02 0.02 393.03 393.03 242.03 242.03 242.03 242.03 242.03 0.01 0.01 0.02 455.03 455.03 455.03 455.03 453.03 453.03 453.04 453.04 453.04 453.04 326.04 326.04 326.03 326.04 326.04 326.04 0.02 326.04 326.04 53.04 53.04 53.04 53.04 53.04 694.04 694.03 694.03 694.03 746.03 746.04 746.04 0.02 0.02 164.04 0.05 164.04 164.04 164.03 0.05 0.05 146.04 146.04 146.03 146.03 0.0 0.0 0.0 0.0 0.0 0.0 0.0 0.0 0.0 0.0 0.0 0.0 0.0 0.0 0.0
397.04 397.04 0.02 397.04 397.04 505.04 505.04 505.04 772.04 772.04 772.04 393.04 393.04 393.04 393.04 393.04 393.03 242.03 0.05 242.03 242.03 242.03 0.02 455.03 455.03 455.03 455.03 455.03 0.01 750.03 750.04 750.04 453.03 453.03 252.04 326.04 326.04 326.04 326.04 326.04 326.04 326.04 326.04 326.04 53.04 53.04 53.04 53.04 53.04 694.04 694.03 694.03 694.04 746.04 0.04 0.04 164.04 164.04 164.04 164.04 164.04 164.04 146.04 0.05 146.03 146.03 146.04 146.04 146.03 0.0 0.0 0.0 0.0 0.0 0.0 0.0 0.0 0.0 0.0 0.0 0.0 0.0 0.0 0.0
397.04 397.04 0.02 397.04 0.02 505.04 505.04 505.04 772.04 772.04 772.04 772.04 393.03 393.03 393.03 393.03 0.02 242.03 242.03 242.03 242.03 242.03 242.03 455.03 455.03 455.03 455.03 0.01 0.01 750.03 750.04 750.03 750.03 252.03 0.02 326.04 326.04 326.04 326.04 326.04 326.04 326.04 326.04 326.04 53.04 53.04 53.04 53.03 53.03 53.03 694.03 694.04 0.04 0.04 0.04 164.04 164.04 164.04 164.04 164.04 164.04 0.05 146.04 146.04 146.04 146.03 146.03 146.04 0.0 0.0 0.0 0.0 0.0 0.0 0.0 0.0 0.0 0.0 0.0 0.0 0.0 0.0 0.0 0.0
397.04 397.04 397.04 397.04 505.04 778.04 778.04 778.04 772.04 772.04 772.04 772.04 772.04 393.03 0.02 59.03 59.03 59.03 59.03 242.03 0.01 0.01 0.01 455.03 0.02 455.03 455.03 0.01 0.01 0.02 750.03 750.03 252.03 252.03 252.04 539.04 539.04 326.04 326.04 326.04 326.04 326.04 326.04 326.04 53.04 53.04 53.04 53.03 53.03 53.03 424.03 0.04 0.02 0.04 0.04 164.04 164.04 164.04 164.04 164.04 164.04 0.05 0.05 146.04 146.04 146.04 146.03 0.0 0.0 0.0 0.0 0.0 0.0 0.0 0.0 0.0 0.0 0.0 0.0 0.0 0.0 0.0 0.0 0.0
0.02 135.04 135.04 135.04 778.04 778.04 778.04 778.04 778.04 772.04 772.04 772.04 622.03 59.03 59.04 59.04 59.03 59.03 59.03 59.03 0.01 0.01 0.01 0.01 0.01 0.02 0.01 750.04 750.03 0.02 0.02 252.03 252.04 252.03 252.04 539.04 539.04 539.04 539.04 326.04 326.04 326.04 326.04 752.04 752.04 53.04 53.04 53.04 424.04 424.03 424.03 0.04 0.04 0.02 0.04 164.04 164.04 164.04 164.04 164.04 164.04 0.05 0.05 0.05 0.05 146.04 0.0 0.0 0.0 0.0 0.0 0.0 0.0 0.0 0.0 0.0 0.0 0.0 0.0 0.0 0.0 0.0 0.0 0.0
135.04 135.04 135.04 135.04 778.04 778.04 778.04 778.04 778.04 622.04 622.04 622.03 622.03 59.03 59.03 59.03 0.02 59.03 0.01 0.01 0.01 0.01 0.01 0.01 0.01 0.01 0.01 0.01 788.03 252.03 0.02 252.03 252.04 252.04 252.04 0.02 539.04 539.04 539.04 539.04 539.04 326.04 752.04 752.04 752.04 752.04 424.04 424.04 424.04 424.04 424.03 169.03 0.04 0.04 0.04 164.04 164.04 164.04 164.04 164.04 146.04 0.05 146.04 146.04 146.03 0.02 0.0 0.0 0.0 0.0 0.0 0.0 0.0 0.0 0.0 0.0 0.0 0.0 0.0 0.0 0.0 0.0 0.0 0.0
