InputFiles/GridInputs/LU&ParcGridDiohine20.asc
ncols         307
nrows         336
xllcorner     -1693877.958766256
yllcorner     3174597.0031306315
dx            20.056068005715268
dy            20.02418569930541
[rows 0 to 31 of 336, columns 142 to 212 of 307]
0.0 0.0 0.0 0.0 0.0 0.0 0.0 0.0 0.0 0.0 0.0 0.0 0.0 0.0 0.0 0.0 0.0 0.0 0.0 0.0 0.0 0.0 0.0 0.0 0.0 0.0 0.0 0.0 0.0 0.0 0.0 0.0 0.0 0.13 0.13 0.13 0.0 0.0 0.0 0.0 0.0 0.0 0.0 0.0 0.0 0.0 0.0 0.0 0.0 0.0 0.0 0.0 0.0 0.0 0.0 0.0 0.0 0.0 0.0 0.0 0.0 0.0 0.0 0.0 0.0 0.0 0.0 0.0 0.0 0.0 0.0
0.0 0.0 0.0 0.0 0.0 0.0 0.0 0.0 0.0 0.0 0.0 0.0 0.0 0.0 0.0 0.0 0.0 0.0 0.0 0.0 0.0 0.0 0.0 0.0 0.0 0.0 0.0 0.0 0.0 0.0 0.0 0.0 2454.04 2454.04 0.13 0.13 0.13 0.0 0.0 0.0 0.0 0.0 0.0 0.0 0.0 0.0 0.0 0.0 0.0 0.0 0.0 0.0 0.0 0.0 0.0 0.0 0.0 0.0 0.0 0.0 0.0 0.0 0.0 0.0 0.0 0.0 0.0 0.0 0.0 0.0 0.0
0.0 0.0 0.0 0.0 0.0 0.0 0.0 0.0 0.0 0.0 0.0 0.0 0.0 0.0 0.0 0.0 0.0 0.0 0.0 0.0 0.0 0.0 0.0 0.0 0.0 0.0 0.0 0.0 0.0 0.0 0.0 2454.04 2454.04 2454.04 2454.04 2454.04 2454.03 154.03 0.0 0.0 0.0 0.0 0.0 0.0 0.0 0.0 0.0 0.0 0.0 0.0 0.0 0.0 0.0 0.0 0.0 0.0 0.0 0.0 0.0 0.0 0.0 0.0 0.0 0.0 0.0 0.0 0.0 0.0 0.0 0.0 0.0
0.0 0.0 0.0 0.0 0.0 0.0 0.0 0.0 0.0 0.0 0.0 0.0 0.0 0.0 0.0 0.0 0.0 0.0 0.0 0.0 0.0 0.0 0.0 0.0 0.0 0.0 0.0 0.0 0.0 0.0 0.0 2454.04 2454.04 2454.04 2454.04 2454.03 2454.03 154.03 154.03 154.03 0.0 0.0 0.0 0.0 0.0 0.0 0.0 0.0 0.0 0.0 0.0 0.0 0.0 0.0 0.0 0.0 0.0 0.0 0.0 0.0 0.0 0.0 0.0 0.0 0.0 0.0 0.0 0.0 0.0 0.0 0.0
0.0 0.0 0.0 0.0 0.0 0.0 0.0 0.0 0.0 0.0 0.0 0.0 0.0 0.0 0.0 0.0 0.0 0.0 0.0 0.0 0.0 0.0 0.0 0.0 0.0 0.0 0.0 0.0 0.0 0.0 0.05 0.05 2454.03 2454.04 2454.04 2454.04 2454.03 154.03 154.03 154.03 154.03 0.0 0.0 0.0 0.0 0.0 0.0 0.0 0.0 0.0 0.0 0.0 0.0 0.0 0.0 0.0 0.0 0.0 0.0 0.0 0.0 0.0 0.0 0.0 0.0 0.0 0.0 0.0 0.0 0.0 0.0
0.0 0.0 0.0 0.0 0.0 0.0 0.0 0.0 0.0 0.0 0.0 0.0 0.0 0.0 0.0 0.0 0.0 0.0 0.0 0.0 0.0 0.0 0.0 0.0 0.0 0.0 0.0 0.0 691.04 691.04 0.05 0.05 0.05 2454.03 0.05 2454.03 154.03 154.03 154.03 154.03 154.03 0.0 0.0 0.0 0.0 0.0 0.0 0.0 0.0 0.0 0.0 0.0 0.0 0.0 0.0 0.0 0.0 0.0 0.0 0.0 0.0 0.0 0.0 0.0 0.0 0.0 0.0 0.0 0.0 0.0 0.0
0.0 0.0 0.0 0.0 0.0 0.0 0.0 0.0 0.0 0.0 0.0 0.0 0.0 0.0 0.0 0.0 0.0 0.0 0.0 0.0 0.0 0.0 0.0 0.0 0.0 0.0 967.03 1789.03 691.04 0.05 0.05 0.05 0.05 0.05 0.05 0.05 154.04 154.04 154.03 154.04 154.04 0.0 0.0 0.0 0.0 0.0 0.0 0.0 0.0 0.0 0.0 0.0 0.0 0.0 0.0 0.0 0.0 0.0 0.0 0.0 0.0 0.0 0.0 0.0 0.0 0.0 0.0 0.0 0.0 0.0 0.0
0.0 0.0 0.0 0.0 0.0 0.0 0.0 0.0 0.0 0.0 0.0 0.0 0.0 0.0 0.0 0.0 0.0 0.0 0.0 0.0 0.0 0.0 0.0 0.0 0.0 0.0 967.03 1789.03 0.05 0.05 0.05 0.05 0.05 0.05 0.05 0.05 275.04 154.04 154.04 154.04 154.04 0.0 0.0 0.0 0.0 0.0 0.0 0.0 0.0 0.0 0.0 0.0 0.0 0.0 0.0 0.0 0.0 0.0 0.0 0.0 0.0 0.0 0.0 0.0 0.0 0.0 0.0 0.0 0.0 0.0 0.0
0.0 0.0 0.0 0.0 0.0 0.0 0.0 0.0 0.0 0.0 0.0 0.0 0.0 0.0 0.0 0.0 0.0 0.0 0.0 0.0 0.0 0.0 0.0 0.0 0.0 0.05 0.05 0.05 0.05 0.05 0.05 0.05 0.05 0.05 0.05 0.05 275.04 275.04 154.04 154.04 154.04 154.04 0.0 0.0 0.0 0.0 0.0 0.0 0.0 0.0 0.0 0.0 0.0 0.0 0.0 0.0 0.0 0.0 0.0 0.0 0.0 0.0 0.0 0.0 0.0 405.03 405.03 405.03 0.0 0.0 0.0
0.0 0.0 0.0 0.0 0.0 0.0 0.0 0.0 0.0 0.0 0.0 0.0 0.0 0.0 0.0 0.0 0.0 0.0 0.0 0.0 0.0 0.0 1498.03 967.03 0.05 0.05 0.05 0.05 0.05 0.05 0.05 0.05 0.05 0.05 0.05 275.04 275.04 275.04 154.04 154.04 154.04 154.04 0.0 0.0 0.0 0.0 0.0 0.0 0.0 0.0 0.0 0.0 0.0 0.0 0.0 0.0 0.0 0.0 0.0 0.0 0.0 0.0 0.0 0.0 0.05 405.03 405.03 405.03 0.02 0.0 0.0
0.0 0.0 0.0 0.0 0.0 0.0 0.0 0.0 0.0 0.0 0.0 0.0 0.0 0.0 0.0 0.0 0.0 0.0 0.0 0.13 1498.03 0.05 0.05 0.05 0.05 0.05 0.05 0.05 0.05 0.05 0.05 0.05 0.05 0.05 0.05 275.04 275.04 275.04 275.04 154.04 154.04 154.04 154.04 597.04 597.03 597.03 597.03 597.03 0.0 0.0 0.0 0.0 0.0 0.0 0.0 0.0 0.0 0.0 0.0 0.0 0.0 0.0 0.0 0.05 0.05 405.04 405.04 405.03 405.03 405.03 0.0
0.0 0.0 0.0 0.0 0.0 0.0 0.0 0.0 0.0 0.0 0.0 0.0 0.0 0.0 0.0 0.0 1498.03 1498.03 1498.03 1498.03 0.05 0.05 0.05 0.05 0.05 0.05 0.05 0.05 0.05 0.05 0.05 0.05 0.05 0.05 275.04 275.04 275.04 275.04 275.04 275.04 154.04 597.04 597.04 597.04 597.04 597.04 597.03 597.03 731.03 904.03 904.04 904.04 904.03 904.03 904.03 0.0 0.0 0.0 0.0 0.0 0.0 0.0 554.04 405.04 405.04 405.04 405.04 405.04 405.04 405.03 405.03
0.0 0.0 0.0 0.0 0.0 0.0 0.0 0.0 0.0 0.0 0.0 0.0 192.03 192.03 192.03 192.03 1498.03 1498.03 1498.03 1498.03 0.05 0.05 0.05 0.05 0.05 0.05 0.05 0.05 0.05 0.05 0.05 0.05 2436.03 275.04 275.04 275.04 275.04 275.04 275.04 275.04 0.08 597.04 597.04 597.04 597.04 597.04 597.04 731.03 731.03 146.03 146.03 904.03 904.03 904.03 904.03 904.03 0.0 0.0 0.0 0.0 554.04 554.04 554.04 554.04 554.04 405.04 405.04 405.04 405.04 405.03 405.03
0.0 0.0 0.0 0.0 0.0 0.0 0.0 0.0 0.0 602.03 602.04 192.04 192.03 192.03 192.03 192.03 1498.03 1498.03 0.05 0.05 0.05 0.05 0.05 0.05 0.05 0.05 0.05 0.05 0.05 0.05 0.05 0.05 1294.04 1294.04 275.04 275.04 275.04 275.04 275.04 275.04 0.08 597.04 597.04 597.04 597.04 597.04 597.04 731.03 731.03 146.03 146.03 146.03 146.03 904.03 904.03 904.03 904.03 904.04 904.04 554.04 554.04 554.04 554.04 554.04 554.04 554.04 405.04 405.04 405.04 405.04 405.03
2395.03 0.0 0.0 0.0 0.0 0.0 0.13 0.05 0.05 602.03 602.04 192.04 192.03 192.03 192.03 192.03 192.03 0.05 0.05 0.05 0.05 0.05 0.05 0.05 0.05 0.05 0.05 0.05 1118.04 2436.04 0.05 0.02 0.02 1294.04 1294.04 1294.04 275.04 275.04 275.04 597.04 597.04 597.04 597.04 597.04 597.04 597.04 597.04 731.03 0.05 1227.03 146.03 146.03 146.03 146.03 146.03 904.03 904.03 904.04 904.04 554.04 554.04 554.04 554.04 554.04 554.04 554.04 554.04 554.04 405.04 405.04 405.04
2395.03 0.05 0.05 2334.04 2334.04 1764.03 1764.03 0.05 0.05 602.03 602.04 621.04 192.03 192.03 192.03 192.03 192.03 192.03 0.05 0.05 0.05 0.05 0.05 0.05 0.05 0.05 0.05 1118.04 1118.04 1294.04 1294.04 0.05 0.02 1294.04 1294.04 1294.04 0.08 1969.03 1969.04 597.04 597.04 597.04 597.04 597.04 0.08 0.08 0.08 0.08 0.08 1227.03 1227.03 146.03 146.03 146.03 146.03 146.03 146.03 904.04 904.04 554.04 554.04 554.04 554.04 554.04 0.08 554.04 554.04 554.04 554.04 405.04 0.08
0.05 0.05 0.05 2334.04 1764.04 1764.03 0.05 0.05 0.05 602.03 602.04 621.04 192.04 192.03 192.03 192.03 0.05 0.05 0.05 0.05 0.05 0.05 0.05 0.05 0.05 0.05 0.05 1118.04 1294.04 1294.04 1294.04 0.05 0.05 0.05 0.05 0.08 0.08 1969.03 1969.04 1969.04 597.04 597.04 597.04 597.04 597.04 597.03 597.03 0.08 0.08 1227.03 1227.03 1227.03 146.03 146.03 146.03 146.03 146.03 146.04 146.04 554.04 554.04 554.04 554.04 0.08 0.08 0.08 0.08 554.04 554.04 0.08 0.08
0.05 0.05 0.05 2334.04 1764.03 1764.03 0.05 602.03 0.05 602.03 602.04 621.04 621.04 192.04 192.04 0.05 0.05 0.05 0.05 0.05 0.05 0.05 0.05 0.05 0.05 0.05 75.04 75.04 1294.04 1294.04 1294.04 0.05 0.05 0.05 0.08 0.08 1969.04 1969.04 1969.04 1969.04 1969.04 597.04 597.04 597.04 597.04 597.03 731.03 731.03 731.03 1862.03 1227.03 1227.03 1227.03 146.03 0.08 0.08 0.08 0.08 0.08 0.08 0.08 0.08 0.08 0.08 0.08 0.08 0.08 0.08 0.08 0.08 0.08
0.05 0.05 2334.03 2334.03 1764.03 0.05 0.05 602.03 0.05 0.05 602.04 621.04 621.04 192.04 192.04 192.04 0.05 0.05 0.05 0.05 0.05 0.05 0.05 0.05 0.05 0.05 75.04 75.04 75.04 0.05 0.05 0.05 0.02 0.02 0.08 1969.04 1969.04 1969.04 1969.04 1969.04 1969.04 597.04 597.04 597.04 597.04 597.03 731.03 731.03 1862.03 1862.03 1227.03 1227.03 1227.03 1227.03 0.08 0.08 0.08 0.08 0.08 0.08 0.08 0.08 0.08 0.08 0.08 0.08 0.08 0.08 0.08 0.08 0.08
0.05 0.05 2334.03 1764.03 1764.04 1764.03 0.05 0.05 0.05 0.05 602.04 621.04 621.04 621.04 192.04 192.04 192.04 192.04 589.04 589.04 2074.04 0.05 2074.04 75.04 75.04 75.04 75.04 75.04 75.04 0.05 0.05 0.05 0.02 0.02 1969.03 1969.04 1969.04 1969.04 1969.04 1969.04 1969.04 1969.04 597.04 597.04 597.04 597.04 731.04 1899.04 1899.04 1899.03 1899.03 1899.03 1227.03 1227.03 0.08 0.08 0.08 0.08 0.08 0.08 0.08 0.08 0.08 0.08 0.08 0.08 0.08 0.08 0.08 0.08 0.08
0.05 0.05 0.05 1764.04 1764.03 1764.03 1733.03 0.05 0.05 0.05 0.05 0.05 621.04 621.04 192.04 192.04 192.04 589.04 589.04 0.05 1556.04 1556.04 75.04 75.04 75.04 75.04 75.04 75.04 75.04 0.08 0.05 532.04 532.04 532.04 0.02 1969.04 1969.04 0.05 1969.04 0.05 0.05 1969.04 1969.04 597.04 597.04 1899.04 1899.04 1899.04 1899.04 1899.04 1899.04 1899.04 1899.03 1899.03 1227.04 0.08 0.08 0.08 0.08 0.08 0.08 0.08 0.08 0.08 0.08 0.08 0.08 0.08 0.08 0.08 0.08
0.05 0.05 0.05 0.05 0.05 1733.03 1733.03 1733.03 602.03 0.05 0.05 0.05 0.05 621.04 621.04 301.04 301.04 589.04 589.04 589.04 1556.04 1556.04 1556.04 75.04 75.04 75.04 0.02 0.08 75.04 2501.03 2501.03 532.04 532.04 532.04 0.05 0.02 1969.04 1969.04 1969.04 1969.04 1969.04 0.05 0.05 0.05 0.05 1899.04 1899.04 0.05 0.05 1899.04 1899.04 1899.04 1899.03 1899.04 917.04 0.08 0.08 0.08 0.08 0.08 0.08 615.04 615.04 0.08 0.08 0.08 0.08 0.08 0.08 0.08 0.08
0.05 0.05 0.05 0.05 0.05 0.05 1733.03 1733.03 1733.04 0.05 0.05 621.04 0.05 19.03 0.02 301.03 301.03 589.04 589.04 589.04 1556.04 1556.04 1556.04 1556.04 75.04 75.04 75.04 75.03 2501.04 0.05 0.05 0.05 532.04 532.04 0.05 0.02 1969.04 1969.04 1969.04 1969.04 1969.04 1969.04 0.08 1969.04 1899.04 1899.03 1899.03 0.05 0.05 0.05 1899.04 1899.04 917.03 917.04 917.04 917.04 0.08 0.08 0.08 0.08 615.04 615.04 615.04 615.04 0.08 0.08 0.08 0.08 0.08 0.08 0.08
0.05 0.05 0.05 0.05 0.05 0.05 0.05 0.05 1733.04 1733.04 739.03 739.03 739.03 19.03 19.03 301.03 301.03 589.03 589.04 589.04 1556.04 1556.04 1556.04 1556.04 1556.04 75.04 75.04 2501.04 2501.04 0.05 0.05 0.05 532.04 0.05 0.05 532.04 0.08 0.08 0.02 0.08 1969.03 1969.03 0.08 0.08 1899.04 1899.03 1899.03 0.05 0.05 0.05 0.05 0.05 917.03 917.04 917.04 917.04 849.03 849.03 0.02 615.04 615.04 615.04 615.04 615.04 0.08 0.08 0.08 0.08 0.08 0.08 0.08
1318.03 0.05 0.05 0.05 0.05 0.05 0.05 0.05 1733.03 739.04 0.05 0.05 0.05 19.03 19.03 19.03 301.03 589.03 589.04 589.04 1556.04 1556.04 1556.04 68.04 68.04 68.04 2501.04 2501.04 0.02 0.05 0.05 0.05 2432.04 0.05 0.05 532.04 532.04 0.08 0.08 1969.04 1969.03 1969.03 1835.03 0.08 545.03 0.05 0.05 0.05 0.05 0.05 0.05 917.04 917.03 917.03 2007.04 2007.03 849.03 849.03 849.03 615.04 615.04 615.04 615.04 615.04 0.08 0.08 0.08 0.08 0.08 0.08 0.08
1318.04 1318.04 1318.04 0.05 0.05 0.05 0.05 0.05 892.03 739.04 739.04 0.05 0.05 0.05 0.05 19.03 301.03 301.03 951.04 951.04 951.04 68.04 68.04 68.04 68.04 68.04 2501.04 0.08 0.02 0.02 2501.04 0.05 0.05 2432.04 532.04 532.04 0.08 0.08 0.08 1835.04 1835.03 1835.03 1835.04 0.08 545.03 0.05 0.05 545.04 917.04 917.04 917.04 917.04 917.03 2007.03 2007.03 849.03 849.03 849.03 849.04 849.04 615.03 615.03 615.03 615.03 615.03 0.08 0.08 0.08 0.08 0.08 922.03
1318.04 1318.04 0.02 0.05 0.05 0.05 0.05 0.05 0.05 0.05 0.05 0.05 0.05 739.04 2408.04 2408.04 2408.03 2089.04 951.04 951.04 951.04 68.04 68.04 68.04 68.04 68.04 2501.04 0.08 2501.04 2501.04 2501.04 2432.04 2432.04 2432.04 532.04 0.08 0.02 2164.03 2164.03 1835.03 0.08 0.02 0.02 0.08 0.05 545.04 545.04 545.04 917.04 917.04 917.04 917.03 2007.04 2007.04 2007.04 849.04 849.03 849.04 849.04 849.04 849.04 615.03 615.03 615.03 615.03 615.03 0.08 0.08 0.08 922.03 922.03
0.08 0.08 0.08 2278.04 892.04 892.03 1365.03 1365.03 0.05 0.05 0.05 0.05 739.04 2408.04 2408.04 2408.04 2408.04 2089.04 2089.04 951.04 951.04 68.04 68.04 68.04 68.04 68.04 2501.04 2501.04 2501.04 2501.04 2501.04 2432.04 2432.03 2432.03 0.02 2164.03 0.02 2164.03 2164.03 0.08 0.08 1835.04 0.02 545.04 545.04 545.04 545.04 545.04 545.04 917.04 917.04 2007.04 2007.04 2007.04 2007.04 849.04 849.04 849.04 849.04 849.04 849.04 189.03 189.03 615.03 615.03 615.03 653.03 653.03 922.03 922.03 922.03
0.08 0.08 2278.04 2278.04 2278.03 1365.03 1365.03 1365.03 1365.04 1365.04 0.05 0.05 2408.04 2408.04 2408.04 2408.04 2089.04 2089.04 2089.04 2089.04 951.04 68.04 68.04 68.03 0.08 68.03 2501.04 2501.04 2501.04 2501.04 0.08 0.08 0.08 0.05 0.02 0.02 0.08 2164.03 0.02 0.08 0.08 1835.04 1835.04 545.04 545.04 545.04 545.03 545.03 545.04 917.04 2007.04 2007.04 2007.04 2007.04 1541.04 1541.04 1541.04 1541.04 1541.04 189.04 189.04 189.04 189.04 189.03 189.03 653.03 653.03 653.03 653.03 218.03 218.03
0.08 2278.04 2278.04 2278.03 2278.03 253.03 253.03 1365.03 1365.04 1365.04 1365.04 0.05 0.05 2408.04 2408.04 2408.04 2089.04 2089.04 2089.04 2089.04 1311.04 1311.04 1311.04 0.08 0.08 0.05 0.05 2501.04 2501.04 0.08 0.08 0.08 0.08 0.05 2164.04 2164.04 0.08 2164.04 2389.04 2389.04 1835.04 1835.04 1835.04 545.04 545.04 545.04 545.04 545.04 545.04 545.04 2007.04 2007.04 2007.04 2007.04 1541.04 1541.04 1541.04 1541.04 189.04 189.04 189.04 189.04 189.04 189.04 2312.03 653.03 653.03 653.03 653.03 218.03 218.03
796.03 2278.04 2278.04 2278.03 2278.03 253.03 253.03 253.03 253.04 1365.04 1365.04 1365.04 2408.04 2408.04 2408.04 2408.04 2089.04 2089.04 2089.04 1311.04 1311.04 1311.04 1311.04 1311.04 0.05 0.05 0.05 2501.04 2501.04 0.08 0.08 2501.03 2164.04 2164.04 2164.04 2164.04 2217.04 2217.04 2389.04 2389.04 2389.04 1835.04 846.04 846.04 545.04 545.04 545.04 545.04 545.04 545.04 365.04 365.04 365.04 365.04 365.04 1541.04 1541.04 1541.04 189.04 0.02 189.04 189.04 189.04 189.04 2312.04 653.03 653.03 653.03 653.04 653.04 218.03
796.03 2278.04 2278.03 2278.03 2278.03 253.03 253.03 253.03 253.04 253.04 253.04 253.04 2408.04 2408.04 2408.04 2408.04 2089.04 2089.04 1311.04 1311.04 1311.04 1311.04 1311.04 1311.04 0.05 1311.04 0.05 0.05 0.08 0.08 824.03 824.04 824.04 2217.04 2217.04 2217.04 2217.04 2217.04 2389.04 2389.04 2389.04 846.04 846.04 846.04 846.04 545.04 545.04 545.04 545.04 545.04 365.04 365.04 365.04 365.04 365.04 1906.04 1906.04 1906.03 189.03 189.03 189.04 189.04 189.04 2312.04 2312.04 2312.03 653.04 0.02 653.04 653.04 218.04
