InputFiles/GridInputs/LU&ParcGridDiohine30.asc
ncols         205
nrows         224
xllcorner     -1693877.958766256
yllcorner     3174597.0031306315
dx            30.035184769534574
dy            30.036278548958112
[rows 0 to 31 of 224, columns 72 to 143 of 205]
0.0 0.0 0.0 0.0 0.0 0.0 0.0 0.0 0.0 0.0 0.0 0.0 0.0 0.0 0.0 0.0 0.0 0.0 0.0 0.0 0.0 0.0 0.0 0.0 0.0 0.0 0.0 0.0 0.0 0.0 0.0 0.0 0.0 0.0 0.0 0.0 0.0 0.0 0.0 0.0 0.0 0.0 0.0 0.0 144.04 0.13 0.13 0.0 0.0 0.0 0.0 0.0 0.0 0.0 0.0 0.0 0.0 0.0 0.0 0.0 0.0 0.0 0.0 0.0 0.0 0.0 0.0 0.0 0.0 0.0 0.0 0.0
0.0 0.0 0.0 0.0 0.0 0.0 0.0 0.0 0.0 0.0 0.0 0.0 0.0 0.0 0.0 0.0 0.0 0.0 0.0 0.0 0.0 0.0 0.0 0.0 0.0 0.0 0.0 0.0 0.0 0.0 0.0 0.0 0.0 0.0 0.0 0.0 0.0 0.0 0.0 0.0 0.0 0.0 0.0 0.0 144.04 144.04 144.04 144.03 2119.03 0.0 0.0 0.0 0.0 0.0 0.0 0.0 0.0 0.0 0.0 0.0 0.0 0.0 0.0 0.0 0.0 0.0 0.0 0.0 0.0 0.0 0.0 0.0
0.0 0.0 0.0 0.0 0.0 0.0 0.0 0.0 0.0 0.0 0.0 0.0 0.0 0.0 0.0 0.0 0.0 0.0 0.0 0.0 0.0 0.0 0.0 0.0 0.0 0.0 0.0 0.0 0.0 0.0 0.0 0.0 0.0 0.0 0.0 0.0 0.0 0.0 0.0 0.0 0.0 0.0 0.0 144.04 144.04 144.04 144.04 2119.03 2119.03 2119.03 0.0 0.0 0.0 0.0 0.0 0.0 0.0 0.0 0.0 0.0 0.0 0.0 0.0 0.0 0.0 0.0 0.0 0.0 0.0 0.0 0.0 0.0
0.0 0.0 0.0 0.0 0.0 0.0 0.0 0.0 0.0 0.0 0.0 0.0 0.0 0.0 0.0 0.0 0.0 0.0 0.0 0.0 0.0 0.0 0.0 0.0 0.0 0.0 0.0 0.0 0.0 0.0 0.0 0.0 0.0 0.0 0.0 0.0 0.0 0.0 0.0 0.0 0.0 2133.04 2133.04 0.05 0.05 144.03 144.03 2119.03 2119.03 2119.03 0.0 0.0 0.0 0.0 0.0 0.0 0.0 0.0 0.0 0.0 0.0 0.0 0.0 0.0 0.0 0.0 0.0 0.0 0.0 0.0 0.0 0.0
0.0 0.0 0.0 0.0 0.0 0.0 0.0 0.0 0.0 0.0 0.0 0.0 0.0 0.0 0.0 0.0 0.0 0.0 0.0 0.0 0.0 0.0 0.0 0.0 0.0 0.0 0.0 0.0 0.0 0.0 0.0 0.0 0.0 0.0 0.0 0.0 0.0 0.0 0.0 0.0 1470.03 2133.03 0.05 0.05 0.05 0.05 0.05 2119.04 2119.03 2119.04 2119.04 0.0 0.0 0.0 0.0 0.0 0.0 0.0 0.0 0.0 0.0 0.0 0.0 0.0 0.0 0.0 0.0 0.0 0.0 0.0 0.0 0.0
0.0 0.0 0.0 0.0 0.0 0.0 0.0 0.0 0.0 0.0 0.0 0.0 0.0 0.0 0.0 0.0 0.0 0.0 0.0 0.0 0.0 0.0 0.0 0.0 0.0 0.0 0.0 0.0 0.0 0.0 0.0 0.0 0.0 0.0 0.0 0.0 0.0 0.0 0.0 0.05 0.05 0.05 0.05 0.05 0.05 0.05 0.05 195.04 2119.04 2119.04 2119.04 0.0 0.0 0.0 0.0 0.0 0.0 0.0 0.0 0.0 0.0 0.0 0.0 0.0 0.0 0.0 2077.03 2077.03 0.0 0.0 0.0 0.0
0.0 0.0 0.0 0.0 0.0 0.0 0.0 0.0 0.0 0.0 0.0 0.0 0.0 0.0 1231.03 1231.03 1231.03 0.0 0.0 0.0 0.0 0.0 0.0 0.0 0.0 0.0 0.0 0.0 0.0 0.0 0.0 0.0 0.0 0.0 0.0 0.0 541.03 541.03 1470.03 0.05 0.05 0.05 0.05 0.05 0.05 0.05 195.04 195.04 195.04 2119.04 2119.04 2119.04 1921.03 1921.03 0.0 0.0 0.0 0.0 0.0 0.0 0.0 0.0 0.0 0.0 0.0 0.05 2077.03 2077.03 2077.03 0.0 0.0 0.0
0.0 0.0 0.0 0.0 0.0 0.0 0.0 0.0 0.0 0.0 0.0 0.0 0.0 157.03 1231.03 1231.03 1231.03 800.04 0.0 0.0 0.0 0.0 0.0 0.0 0.0 0.0 0.0 0.0 0.0 0.0 0.0 0.0 0.0 541.03 541.03 541.03 0.05 0.05 0.05 0.05 0.05 0.05 0.05 0.05 0.05 0.05 195.04 195.04 195.04 195.04 2119.04 1921.04 1921.03 1921.03 1921.03 217.03 1226.04 1226.03 1226.03 0.0 0.0 0.0 0.0 0.0 2423.04 2077.04 2077.04 2077.04 2077.03 2077.03 0.0 0.0
0.0 0.0 0.0 0.0 0.0 0.0 0.0 0.0 0.0 0.0 0.0 0.0 157.03 157.03 157.03 1231.03 800.03 800.04 800.04 0.05 0.0 0.0 0.0 0.0 0.0 0.0 0.0 0.0 0.0 0.0 1014.04 1014.03 1014.03 1014.03 541.03 541.03 0.05 0.05 0.05 0.05 0.05 0.05 0.05 0.05 0.05 195.04 195.04 195.04 195.04 195.04 1921.04 1921.04 1921.04 1921.04 217.03 730.03 730.03 1226.03 1226.03 1226.03 1226.03 0.0 0.0 2423.04 2423.04 2423.04 2077.04 2077.04 2077.04 2077.03 2077.03 0.0
0.0 0.0 0.0 0.0 0.0 0.0 0.0 0.0 0.0 0.0 1793.03 1793.03 157.03 157.03 157.03 157.03 800.04 800.04 800.04 800.04 2149.04 2149.04 2149.03 2149.03 0.0 0.0 0.13 0.13 0.05 1622.04 1014.04 1014.03 1014.03 1014.03 0.05 0.05 0.05 0.05 0.05 0.05 0.05 2377.04 2134.04 0.05 816.04 816.04 816.04 195.04 195.04 1921.04 1921.04 1921.04 1921.04 1921.04 217.03 217.03 730.03 730.03 730.03 1226.03 1226.03 1226.04 1226.04 2423.04 2423.04 2423.04 2423.04 2423.04 2077.04 2077.04 2077.03 0.08
0.0 0.0 0.0 0.0 0.0 0.0 0.0 0.0 0.0 1707.04 1793.04 1793.04 1793.04 0.02 157.04 157.04 800.04 800.04 800.04 2149.04 2149.04 2149.04 2149.03 0.05 0.05 2400.04 2420.03 0.05 0.05 1622.04 1826.04 1014.03 1014.03 1014.03 0.05 0.05 0.05 0.05 0.05 0.05 0.05 2377.04 816.04 816.04 0.02 816.04 816.04 0.08 1703.04 1921.04 1921.04 1921.04 1921.04 0.08 0.08 0.08 1193.03 730.03 730.03 730.03 730.03 1226.04 2423.04 2423.04 2423.04 0.08 0.08 2423.04 2423.04 0.08 0.08 0.08
0.0 0.0 0.0 0.0 0.0 0.0 0.0 0.0 0.05 1707.04 22.04 1793.04 1793.04 0.02 157.04 157.04 1813.04 800.04 2149.04 2149.04 2149.04 2149.04 2149.04 0.05 0.05 2400.04 2420.03 0.05 0.05 1622.04 1826.04 1014.04 1014.04 0.05 0.05 0.05 0.05 0.05 0.05 0.05 649.04 649.04 816.04 0.05 0.05 0.05 0.08 1703.04 1703.04 1703.04 1921.04 1921.04 1921.04 1921.03 217.03 1451.03 1193.03 1193.03 730.03 0.08 0.08 0.08 0.08 2423.04 0.08 0.08 0.08 0.08 0.08 0.08 0.08 0.08
0.0 0.0 0.0 0.0 0.0 0.0 0.0 1542.03 1707.03 22.03 22.04 1421.04 1421.04 1421.04 1813.04 1813.04 1813.04 1813.04 1235.04 1235.04 1235.04 2149.04 2149.04 0.05 2400.03 2420.03 0.05 0.05 0.05 0.05 1826.04 1826.04 1014.04 1014.04 0.05 0.05 0.05 0.05 0.05 0.05 649.04 649.04 0.05 0.05 0.02 0.02 1703.04 1703.04 1703.04 1703.04 1703.04 1921.04 1921.04 1921.04 217.03 1451.03 1193.03 1193.03 1193.03 0.08 0.08 0.08 0.08 0.08 0.08 0.08 0.08 0.08 0.08 0.08 0.08 665.04
0.0 0.0 0.0 0.0 0.0 0.0 1542.03 1542.03 1542.03 22.03 22.03 1117.04 1117.04 1117.04 1813.04 1813.04 1813.04 1813.04 1235.04 1235.04 1235.04 1235.04 1235.04 0.05 0.05 2420.03 2420.03 0.05 0.05 0.05 1826.04 1826.04 1014.04 1014.04 1014.04 1571.04 1995.04 2084.04 649.04 649.04 649.04 649.04 0.08 0.05 1537.04 0.02 1703.04 1703.04 1703.04 1703.04 1703.04 1921.04 1921.04 401.04 401.04 401.04 401.04 401.03 1193.03 0.08 0.08 0.08 0.08 0.08 0.08 0.08 0.08 0.08 0.08 0.08 0.08 665.03
0.0 0.0 0.0 0.0 0.0 1542.03 1542.03 1542.03 1542.03 0.02 0.02 1117.03 1117.04 1813.04 1813.04 1813.04 1813.04 0.05 1235.04 1235.04 1235.04 1235.04 1235.04 0.05 0.05 0.05 2362.03 2362.03 2362.03 0.05 0.05 0.05 1826.04 11.04 1571.04 1571.04 1995.04 1995.04 649.04 649.04 0.02 0.08 559.03 0.05 1537.04 0.05 0.02 1703.04 1703.04 1703.04 0.05 0.05 0.05 401.04 0.05 0.05 401.04 401.04 2251.04 2251.04 0.08 0.08 0.08 0.08 156.04 0.08 0.08 0.08 0.08 0.08 0.08 665.03
0.0 0.0 0.0 0.0 0.05 1542.03 1542.03 1542.03 1542.03 0.02 1542.04 1117.04 1117.04 1813.04 1813.04 1813.04 1813.04 0.05 218.04 218.04 1235.04 1235.04 905.04 0.05 0.05 0.05 0.05 0.05 2362.04 0.05 1092.03 1763.03 1763.03 11.03 1571.03 1571.04 1995.04 1995.04 1995.04 649.04 649.04 559.04 0.05 0.05 1537.04 0.05 1537.04 0.08 0.08 1703.03 1703.03 0.08 401.04 401.03 0.05 0.05 0.05 2251.03 2251.04 2251.04 856.03 856.03 156.04 156.04 156.04 0.08 0.08 0.08 0.08 0.08 0.08 1076.03
0.0 0.05 0.05 0.05 0.05 2030.03 1542.03 1542.03 1542.03 1542.04 2421.04 2421.04 1315.04 1315.04 1315.04 1315.04 0.05 0.05 0.05 218.04 1079.04 1079.04 1079.03 1079.04 0.05 0.05 0.05 0.05 1550.03 1092.04 0.05 0.05 1763.03 11.03 11.03 1571.04 1995.04 1995.04 1013.04 1013.04 559.04 559.04 0.05 0.05 0.05 0.05 1537.04 0.08 0.08 1703.04 1718.03 0.08 1930.03 0.05 0.05 0.05 0.05 2251.04 2251.03 87.03 856.03 856.03 856.04 156.04 156.04 156.04 0.08 0.08 0.08 0.08 1076.03 1076.03
558.04 558.04 2030.03 2030.04 2030.03 2030.03 2030.03 1542.03 2421.04 2421.04 2421.04 2421.04 1315.04 1315.04 0.02 1315.03 218.03 0.05 218.04 444.04 444.04 0.05 1079.04 1079.04 0.02 0.05 0.05 0.05 0.05 0.05 0.05 0.05 0.05 1763.03 1477.04 1477.04 1477.04 1013.04 1013.04 1013.04 559.04 0.08 559.04 559.04 1679.04 1679.04 1537.04 0.08 1360.03 0.08 1718.03 0.08 0.05 1930.04 1930.04 2251.04 2251.04 2251.04 87.04 87.03 856.03 856.04 856.04 856.03 156.03 156.03 156.03 0.08 0.08 1076.03 1076.03 1076.03
558.03 558.04 558.03 2030.03 2030.03 2030.03 2030.03 2421.03 2421.03 2421.03 2421.04 2421.04 2421.04 1315.04 1315.03 1315.03 2105.03 218.03 444.03 444.04 444.04 1079.04 0.05 0.08 0.08 1898.04 1550.03 1072.03 0.05 0.05 0.05 2228.04 2228.04 2228.04 949.04 1477.04 1477.04 1013.04 1013.04 1013.04 559.04 559.04 559.04 0.08 1679.03 0.05 0.02 1360.03 1360.03 0.08 1718.04 1718.04 1930.04 1930.04 1930.04 1930.04 2251.04 87.04 87.04 856.04 856.04 856.04 856.04 1650.04 1650.03 156.03 586.03 586.03 1076.03 1076.03 1076.03 1076.03
558.03 558.03 558.03 4.03 2030.03 2030.03 2421.03 2421.03 2421.03 0.02 2421.04 2421.04 2421.04 1027.04 1027.03 1027.03 2105.03 2105.03 2105.03 444.03 444.03 2403.04 0.08 0.08 1898.04 1898.03 9.03 1072.03 1072.04 1072.04 0.05 2228.04 2228.04 2228.04 949.04 949.04 380.04 380.04 0.08 0.08 0.05 559.04 0.08 0.08 0.08 0.05 0.08 0.08 939.04 1718.04 1718.04 1718.04 1930.04 1930.04 1930.04 1930.04 87.04 87.04 87.04 1662.04 1662.04 1662.04 1650.04 1650.04 1650.04 1650.03 586.03 586.03 586.03 2101.03 2101.03 0.02
4.03 4.03 4.03 4.03 4.03 4.03 2421.03 2421.04 2421.04 2421.04 2421.04 2421.04 222.04 1027.04 1027.03 564.03 564.03 2105.03 2105.03 444.04 2403.03 2403.03 2403.03 1898.04 1898.03 1898.03 9.03 9.03 9.03 9.04 1072.04 2228.04 2228.04 2228.04 949.04 380.04 380.04 380.04 380.04 0.05 0.05 559.04 0.08 559.04 2161.04 1360.04 442.04 442.04 939.04 939.04 1718.04 2188.04 2188.04 1930.04 1930.04 1930.04 1552.04 1552.04 1552.04 1552.04 54.04 1650.04 1650.04 1650.04 1650.04 1219.04 1219.03 586.03 586.04 586.04 2101.03 2101.03
1984.03 4.03 4.03 4.03 4.03 4.03 698.03 2421.03 2421.04 2421.03 2421.04 222.04 222.04 222.04 222.04 0.02 0.02 2205.03 2205.04 2205.04 2403.04 2403.04 2403.03 1898.03 1898.03 1898.03 9.03 9.03 9.04 9.03 9.04 2228.04 2228.04 2228.04 1380.04 380.04 380.04 380.04 380.04 380.04 0.02 0.08 0.08 2161.04 2161.04 2161.04 442.04 442.04 442.04 939.04 2188.04 2188.04 2188.04 2188.04 1930.04 2333.04 1552.04 1552.04 1552.04 1552.04 54.04 54.03 1650.03 1650.04 1650.04 1219.04 1219.04 586.04 586.04 586.04 913.04 913.03
1447.04 1447.03 1447.03 978.03 978.03 978.03 698.03 698.03 32.03 32.03 32.03 32.03 222.04 222.04 0.08 0.08 0.02 2205.03 2205.03 2205.03 2205.04 772.04 772.04 772.03 986.03 986.03 986.03 9.03 9.03 9.04 9.04 2256.04 1380.04 1380.04 1380.04 1380.04 1380.04 380.04 380.04 932.04 0.08 0.02 0.08 2161.04 2161.04 2161.04 2161.04 442.04 442.04 600.04 2188.04 2188.04 2188.04 1460.04 2333.04 2333.04 2333.04 1552.04 1552.04 1552.04 54.03 54.03 1650.03 1650.04 1219.04 1219.03 1219.03 586.04 586.04 586.04 913.04 913.04
1447.04 1447.04 978.03 978.03 978.03 698.03 698.03 698.03 32.03 32.03 32.03 32.03 1112.04 222.04 0.08 0.08 0.08 2027.03 2027.03 2027.04 772.04 772.04 772.03 772.03 986.03 986.03 2470.03 2470.03 2470.04 2470.04 2256.04 0.05 2256.04 0.08 0.08 1380.04 1380.04 1380.04 932.04 932.04 0.08 0.08 0.08 2161.04 2161.04 0.05 0.05 0.05 600.04 600.04 600.04 1460.04 1460.04 1460.04 2333.04 2333.03 2333.03 1552.04 1552.04 1552.04 54.03 54.03 869.03 869.03 1219.03 1219.03 1219.03 1219.04 586.04 342.04 913.04 913.04
978.04 978.04 978.03 978.03 978.03 698.03 698.04 698.04 698.03 32.03 32.03 32.03 1112.04 1112.04 1974.04 1437.04 2027.03 2027.03 2027.03 1128.03 1128.04 772.03 772.04 1965.04 1965.03 1965.03 2470.03 2470.04 2470.04 2470.04 2256.04 0.05 0.08 0.08 0.08 0.08 1380.04 932.04 932.04 932.04 0.08 0.08 0.08 555.04 555.04 0.05 0.05 600.04 600.04 600.04 1347.04 1347.04 1460.04 1460.04 2333.04 2333.03 2333.03 2333.03 2.03 1552.04 869.04 869.04 869.04 869.03 869.03 1219.03 1219.03 342.03 342.04 342.04 342.04 913.04
0.01 0.01 978.03 978.03 415.03 0.08 698.04 698.04 1135.04 1135.03 32.03 1974.04 1974.04 1974.04 1974.04 1437.03 1437.03 1437.03 1128.03 1128.03 1128.03 1128.03 585.04 585.04 1965.04 371.03 2470.04 2470.04 2332.04 2332.04 2256.04 0.02 0.08 0.08 0.08 0.08 0.08 932.04 932.04 932.04 932.03 0.08 0.08 555.04 555.04 2296.04 1632.04 1632.04 600.04 600.04 1347.04 1347.04 1055.04 1055.04 1055.04 2333.04 887.03 887.03 2.04 2.04 869.04 869.04 869.04 869.04 1167.04 1167.04 0.02 603.03 342.04 342.04 342.04 342.04
0.02 0.02 2329.03 2329.03 415.04 415.04 698.04 0.02 1135.03 1135.03 1974.04 1974.04 1974.04 1974.03 1974.03 1437.03 1437.03 1437.03 1128.03 1128.03 1128.03 585.03 585.03 585.04 371.04 371.04 158.04 2332.04 2332.04 2332.04 0.08 2256.03 0.02 0.05 0.05 786.04 932.04 932.04 932.04 932.03 932.03 0.08 1519.04 1519.04 2099.04 2099.04 1632.04 1029.04 1029.04 1347.04 17.04 17.04 17.04 1055.04 2210.04 887.04 887.04 887.04 2.04 2.04 2.04 869.04 869.04 869.04 1167.04 1167.04 1167.04 603.04 603.04 342.04 1291.04 1291.04
2329.04 2329.04 2329.04 2329.04 415.04 415.04 415.04 0.02 1135.03 1135.03 1135.03 1974.04 1974.03 1974.03 1974.03 1150.03 1150.03 1437.03 1128.03 1128.03 1128.03 585.03 585.03 0.02 0.02 0.02 158.04 158.04 2332.04 0.08 2411.03 2411.03 0.05 0.05 0.05 0.02 0.02 932.04 932.04 932.04 1438.03 1519.04 1519.04 1519.04 2099.04 2099.04 1029.04 1029.04 634.04 634.04 17.04 17.04 17.04 2210.04 2210.04 887.04 887.04 2.04 2.04 2.04 1800.04 1800.04 316.04 316.03 1167.04 1167.04 1167.04 603.04 0.08 0.08 1291.04 1291.04
688.03 0.02 0.02 0.02 2329.04 415.04 415.04 1135.03 1135.03 1135.03 1135.03 1974.03 1974.03 1581.03 1581.03 1581.03 1150.03 1150.03 1150.03 1128.03 1128.03 585.03 585.04 585.04 304.04 304.04 304.04 164.04 164.04 164.03 2411.03 0.02 0.05 786.04 786.04 0.08 0.02 786.04 0.02 1438.04 1438.04 1438.04 1438.04 99.04 2099.04 2099.04 2009.04 2009.04 634.04 634.04 134.04 134.04 2210.04 682.04 682.04 682.04 887.04 2.04 2.04 2.04 1800.03 1800.04 316.04 316.04 316.04 1167.04 1167.04 0.08 0.08 0.08 1291.04 1291.04
688.04 688.03 0.02 0.02 2329.04 265.04 265.04 265.03 1135.03 1135.03 1135.03 1974.03 1581.03 1581.03 1581.03 1581.04 1565.04 1565.04 1565.03 1565.03 421.03 421.03 585.03 304.04 304.04 304.04 164.04 164.04 164.04 164.04 2411.03 2411.04 2411.04 339.04 339.04 786.04 786.04 786.04 253.04 1438.04 1438.04 99.04 99.04 99.04 1630.04 1630.04 2009.04 2009.04 2009.04 134.04 134.04 134.04 134.04 682.04 682.04 2106.04 2106.04 2106.04 2279.04 1800.03 1800.03 1800.04 316.04 316.04 316.04 1167.04 0.08 0.08 0.08 1291.04 1291.04 1291.04
688.03 688.03 688.03 1018.04 1018.04 265.04 265.04 265.04 265.04 412.03 412.03 412.03 1514.03 1581.03 1581.04 987.03 1565.03 1565.03 1565.03 854.03 421.03 421.03 421.03 421.04 304.04 164.04 164.04 164.04 1149.04 1149.04 0.08 0.08 0.05 339.04 339.04 339.04 339.04 941.04 253.04 253.04 253.04 99.04 99.04 99.04 1630.04 1630.04 1630.04 2009.04 2009.04 134.04 134.04 134.04 134.04 682.04 2106.04 2106.04 2106.04 2279.04 2279.04 2279.04 1800.04 1800.04 316.04 316.04 316.04 0.08 0.08 0.08 1291.04 1291.04 1291.04 1291.04
688.03 688.03 1018.03 1018.03 1018.04 265.04 265.04 265.04 412.04 412.04 412.04 412.03 1514.04 1514.04 987.04 987.03 987.03 1565.03 854.03 854.03 421.03 421.03 421.03 421.04 421.04 164.04 1149.04 1149.04 1149.04 1149.04 0.08 0.08 0.05 2330.04 339.04 701.04 701.04 941.04 253.04 253.04 253.04 981.04 99.04 99.04 1630.04 1630.04 1630.04 1630.04 134.04 134.04 134.04 134.04 483.04 483.04 2106.04 2106.04 2106.04 2279.04 2279.03 2279.04 2279.04 1800.04 316.04 316.04 0.08 0.08 0.08 2363.04 1291.04 1291.04 1291.04 934.04
