InputFiles/GridInputs/LU&ParcGridSob40.asc
ncols         88
nrows         128
xllcorner     -1684940.3713166039
yllcorner     3170668.0308883013
cellsize      40
[rows 38 to 75 of 128, columns 0 to 84 of 88]
723.04 723.04 626.04 0.0 0.0 86.04 86.04 86.04 370.04 370.04 370.04 370.04 454.04 454.04 690.04 161.04 161.04 556.04 556.04 0.05 0.05 453.04 453.04 334.04 334.04 509.04 509.04 575.04 575.04 575.04 428.04 271.04 782.04 419.04 0.05 689.04 689.04 443.04 443.04 443.03 443.04 486.04 486.04 486.04 486.04 528.04 528.04 528.04 560.03 91.03 0.01 0.01 0.01 0.01 0.02 696.03 327.03 327.03 0.02 716.03 716.04 114.04 114.04 374.04 0.05 429.04 429.04 143.03 143.04 299.04 307.04 307.04 253.04 253.04 305.04 0.0 0.0 0.0 0.0 0.0 0.0 0.0 0.0 0.0 0.0
0.0 0.0 0.0 0.0 0.0 0.0 0.0 0.0 418.04 418.04 418.04 157.04 157.04 454.04 690.04 690.04 556.04 556.04 184.04 0.05 453.04 453.04 453.04 255.04 255.04 128.03 404.03 404.03 404.04 428.04 428.04 428.04 29.04 782.04 0.05 140.04 409.04 643.04 643.03 443.03 443.04 486.04 486.04 486.04 569.04 528.04 528.04 528.04 281.03 91.03 84.03 0.02 0.01 0.01 0.01 696.03 696.03 696.03 716.03 716.04 114.04 114.04 114.04 0.05 730.04 730.04 429.04 0.02 299.04 299.04 307.04 307.04 253.04 253.04 253.04 0.0 0.0 0.0 0.0 0.0 0.0 0.0 0.0 0.0 0.0
0.0 0.0 0.0 0.0 0.0 0.0 0.0 0.0 0.0 418.04 418.04 157.04 157.04 619.04 619.04 705.04 556.03 0.02 184.04 184.03 623.03 623.04 623.04 255.03 255.04 128.04 128.03 404.03 404.04 38.04 428.04 428.04 29.04 478.04 140.04 409.04 409.04 643.04 643.04 643.04 647.04 647.04 647.04 569.04 569.04 0.02 528.04 528.04 281.03 281.03 0.01 0.01 0.01 0.01 0.01 696.03 696.03 696.03 585.03 777.04 114.04 114.04 114.04 114.04 780.04 780.04 357.04 357.04 299.04 299.04 504.04 307.04 253.04 253.04 0.02 0.0 0.0 0.0 0.0 0.0 0.0 0.0 0.0 0.0 0.0
0.0 0.0 0.0 0.0 0.0 0.0 0.0 0.0 0.0 0.0 418.04 157.04 157.04 220.04 220.04 705.04 705.03 184.04 184.04 184.03 0.02 0.02 623.04 255.04 255.04 128.03 128.03 404.03 605.03 38.04 38.03 478.03 478.04 478.03 409.04 409.04 409.04 643.04 643.04 643.04 647.04 647.04 647.03 368.03 569.04 569.04 19.04 19.03 281.03 281.03 0.01 0.01 0.01 0.01 0.01 0.01 585.04 585.03 585.03 777.04 777.04 777.04 777.04 576.04 0.08 0.08 0.02 357.04 165.04 165.04 504.04 504.04 360.04 360.04 360.04 0.0 0.0 0.0 0.0 0.0 0.0 0.0 0.0 0.0 0.0
0.0 0.0 0.0 0.0 0.0 0.0 0.0 0.0 0.0 0.0 0.0 157.04 220.04 220.04 220.04 395.03 395.03 0.02 0.01 0.01 623.03 623.03 623.03 623.03 183.04 183.04 183.03 605.03 605.04 605.04 662.03 662.03 478.03 478.03 409.04 409.04 409.04 643.04 643.04 726.04 647.04 647.04 0.05 368.04 368.04 569.04 19.04 19.03 709.03 0.08 0.02 0.01 0.01 0.02 0.01 0.01 585.04 585.04 585.04 386.04 777.04 777.04 777.04 0.08 0.08 0.02 194.03 324.03 0.05 165.04 504.04 504.04 360.04 360.04 0.05 0.05 0.05 0.0 0.0 0.0 0.0 0.0 0.0 0.0 0.0
0.0 0.0 0.0 0.0 0.0 0.0 0.0 0.0 0.0 0.0 0.0 0.0 0.0 0.0 395.04 395.04 288.04 288.03 0.01 0.01 584.03 584.03 240.03 240.04 783.04 783.04 167.04 167.03 167.04 605.04 431.04 431.04 0.02 478.04 409.04 409.04 0.02 6.04 726.04 726.04 647.04 0.05 368.03 368.04 0.02 368.03 19.03 709.03 709.03 0.08 0.01 0.01 0.01 414.03 414.03 0.01 585.04 386.04 386.04 386.04 777.04 777.04 777.04 679.04 194.04 194.03 194.03 324.04 324.04 0.05 504.04 339.04 339.04 360.04 0.05 0.05 655.04 655.04 655.04 0.0 0.0 0.0 0.0 0.0 0.0
0.0 0.0 0.0 0.0 0.0 0.0 0.0 0.0 0.0 0.0 0.0 0.0 0.0 0.0 0.0 288.03 288.04 375.03 101.03 584.03 584.03 240.03 240.04 240.04 783.04 783.04 783.04 167.04 167.04 167.04 431.04 431.04 431.04 431.04 766.03 401.04 401.04 6.04 6.04 726.04 164.04 164.04 368.04 368.04 368.03 0.01 0.01 0.01 0.01 0.01 0.01 108.03 414.03 414.03 0.01 0.01 0.01 386.04 386.04 386.04 679.04 679.03 679.04 171.04 171.04 362.04 362.03 354.04 349.03 349.03 339.04 339.04 339.04 339.04 0.05 655.03 655.03 655.04 412.04 412.04 0.0 0.0 0.0 0.0 0.0
0.0 0.0 0.0 0.0 0.0 0.0 0.0 0.0 0.0 0.0 0.0 0.0 0.0 0.0 0.0 0.0 375.04 32.03 101.03 101.03 584.03 240.03 240.03 240.03 519.04 519.04 172.04 172.04 172.04 431.04 431.04 431.04 199.04 199.04 766.03 766.04 401.04 401.04 164.04 164.04 164.04 164.04 164.03 262.03 262.03 262.03 0.01 0.01 0.01 0.01 0.01 343.03 343.03 414.03 0.01 0.01 463.03 463.03 463.04 463.04 679.03 679.03 0.02 171.04 171.04 362.04 362.04 349.03 349.03 349.04 339.04 339.04 339.04 339.04 276.04 276.03 276.04 412.04 412.04 412.04 618.04 0.0 0.0 0.0 0.0
0.0 0.0 0.0 0.0 0.0 0.0 0.0 0.0 0.0 0.0 0.0 0.0 0.0 0.0 0.0 0.0 0.0 0.0 101.03 101.03 584.04 468.04 468.03 490.03 519.04 519.04 172.04 172.04 24.04 64.04 199.04 199.04 199.04 199.04 766.03 766.03 766.03 218.04 218.04 164.03 164.03 164.03 449.03 262.03 262.03 262.03 262.03 0.01 0.01 0.01 0.01 343.03 343.03 243.03 210.03 210.03 463.03 463.03 463.03 463.03 297.03 297.04 171.04 171.04 171.04 397.03 397.04 349.04 0.05 349.04 131.04 339.04 339.04 0.05 111.04 276.04 276.04 412.04 412.04 618.04 618.04 618.04 0.0 0.0 0.0
0.0 0.0 0.0 0.0 0.0 0.0 0.0 0.0 0.0 0.0 0.0 0.0 0.0 0.0 0.0 0.0 0.0 0.0 0.0 0.0 698.04 698.04 698.04 0.05 519.04 519.04 398.04 398.04 24.04 64.04 64.04 199.04 199.03 146.03 146.03 766.04 218.04 218.04 218.04 646.04 646.04 646.03 449.04 449.03 262.03 0.08 262.03 262.03 0.01 0.01 343.03 243.03 243.03 243.03 210.03 210.03 463.03 463.03 463.04 297.04 297.04 297.04 297.04 171.04 652.04 652.04 652.04 738.04 738.04 543.04 131.04 0.05 131.04 111.04 111.04 276.04 384.04 384.04 691.04 618.04 618.04 3.04 3.04 0.0 0.0
0.0 0.0 0.0 0.0 0.0 0.0 0.0 0.0 0.0 0.0 0.0 0.0 0.0 0.0 0.0 0.0 0.0 0.0 0.0 0.0 698.04 698.04 698.04 698.04 476.04 671.04 671.04 398.04 24.04 64.04 64.03 542.03 542.03 146.03 146.03 146.04 218.04 205.04 205.04 646.04 646.03 646.03 449.03 449.03 449.03 262.03 445.04 445.04 0.01 0.01 564.03 0.02 243.03 243.03 210.03 580.03 580.03 580.03 463.04 297.04 297.03 297.03 297.04 297.04 652.04 652.04 652.04 738.04 738.04 543.04 131.04 131.03 131.04 111.04 111.04 125.04 125.04 691.04 691.04 16.04 16.04 3.04 3.04 0.02 0.0
0.0 0.0 0.0 0.0 0.0 0.0 0.0 0.0 0.0 0.0 0.0 0.0 0.0 0.0 0.0 0.0 0.0 0.0 0.0 0.0 0.0 698.04 698.04 476.04 476.04 671.04 671.03 671.03 671.03 64.04 64.03 0.05 542.03 539.03 539.03 146.04 205.04 205.04 205.04 646.03 646.03 435.03 449.03 449.03 772.03 772.03 445.03 445.03 4.03 4.03 564.03 564.03 564.03 564.03 580.03 580.03 580.03 580.04 580.04 565.04 565.03 565.03 683.04 25.04 25.04 652.04 158.04 158.04 738.04 543.04 543.04 0.05 131.04 711.04 711.04 711.04 125.04 691.04 212.04 16.04 16.04 3.04 3.04 3.04 3.04
0.0 0.0 0.0 0.0 0.0 0.0 0.0 0.0 0.0 0.0 0.0 0.0 0.0 0.0 0.0 0.0 0.0 0.0 0.0 0.0 0.0 698.04 476.04 476.04 476.04 563.04 671.03 671.03 586.03 559.03 559.03 233.04 233.03 195.03 539.03 539.04 539.04 205.03 205.03 272.03 272.03 272.03 435.03 435.03 772.04 772.03 445.04 0.02 4.03 4.03 0.01 330.03 330.03 376.03 474.03 580.04 580.03 0.05 0.05 0.02 565.04 565.04 683.04 25.04 25.04 0.05 33.04 33.04 33.04 0.02 648.04 23.04 0.05 0.05 711.04 711.04 212.04 212.04 212.04 212.04 16.04 3.04 3.04 3.04 653.04
0.0 0.0 0.0 0.0 0.0 0.0 0.0 0.0 0.0 0.0 0.0 0.0 0.0 0.0 0.0 0.0 0.0 0.0 0.0 0.0 0.0 476.04 476.04 476.04 563.04 563.03 563.03 0.05 586.03 559.03 559.04 233.04 233.04 302.04 649.04 195.04 195.04 216.03 216.03 272.04 272.04 272.03 604.03 604.03 0.01 772.03 445.04 4.04 4.04 4.03 330.03 330.03 376.03 376.04 474.03 474.04 474.04 474.03 306.03 306.04 565.04 565.04 683.04 25.04 25.04 353.04 353.04 33.04 33.04 648.04 648.04 23.04 594.04 713.03 0.02 719.04 0.05 212.04 212.03 212.04 653.04 653.04 653.04 653.04 653.04
0.0 0.0 0.0 0.0 0.0 0.0 0.0 0.0 0.0 0.0 0.0 0.0 0.0 0.0 0.0 0.0 0.0 0.0 0.0 0.0 0.0 226.04 346.04 346.04 563.04 563.04 563.04 0.05 586.03 559.03 559.04 54.03 302.03 649.03 649.03 437.04 437.04 216.03 216.04 216.04 272.04 70.03 571.03 0.01 0.01 685.03 0.01 294.04 424.04 424.03 1.04 1.03 376.03 0.05 0.05 474.04 474.04 474.04 306.03 0.05 306.04 352.04 352.04 352.04 352.04 353.04 353.04 353.04 187.04 648.04 378.04 378.04 378.04 713.03 719.04 178.04 178.04 178.04 212.03 212.04 653.04 653.04 653.04 653.04 0.12
0.0 0.0 0.0 0.0 0.0 0.0 0.0 0.0 0.0 0.0 0.0 0.0 0.0 0.0 0.0 0.0 0.0 0.0 0.0 0.0 0.0 226.04 226.04 346.04 346.04 346.04 0.05 586.03 258.03 258.03 54.03 54.03 54.03 437.03 437.03 437.04 437.04 216.04 216.04 216.03 286.03 70.03 0.02 0.01 685.03 685.03 294.04 294.04 424.04 424.03 405.04 405.03 376.04 670.04 670.04 474.04 474.04 306.04 306.04 306.04 306.04 202.04 352.04 352.04 14.04 14.03 14.04 187.04 187.04 187.04 692.04 692.04 692.04 713.04 178.03 178.04 178.04 178.03 180.03 180.04 653.04 653.04 0.12 0.12 0.12
0.0 0.0 0.0 0.0 0.0 0.0 0.0 0.0 0.0 0.0 0.0 0.0 0.0 0.0 0.0 0.0 0.0 0.0 0.0 0.0 0.0 226.04 226.04 346.04 346.04 39.03 39.03 258.03 258.03 258.03 733.03 54.03 54.03 20.04 0.05 181.04 309.04 309.04 248.04 613.03 286.03 70.03 70.03 0.01 629.03 685.04 382.04 382.04 424.04 424.03 405.04 405.04 670.04 670.04 670.04 257.04 257.03 306.04 306.04 306.04 306.04 202.04 202.04 202.04 14.04 14.04 14.04 187.04 187.03 289.03 289.03 692.04 692.04 692.04 11.04 11.04 11.04 180.03 180.04 180.04 653.04 653.04 0.12 0.12 653.03
0.0 0.0 0.0 0.0 0.0 0.0 0.0 0.0 0.0 0.0 0.0 0.0 0.0 0.0 0.0 0.0 0.0 0.0 0.0 0.0 515.04 515.04 226.04 421.04 39.04 39.03 39.03 733.03 733.03 733.03 733.03 733.04 20.04 20.04 181.04 181.04 309.04 0.02 452.04 248.04 523.03 523.03 602.03 629.03 555.03 555.03 382.04 382.04 382.03 405.03 0.08 405.03 670.04 257.03 257.04 257.03 257.03 306.04 280.04 280.04 280.04 280.04 202.04 202.04 14.04 14.04 14.03 187.03 289.03 289.03 680.03 680.03 692.04 11.04 11.04 11.04 465.04 180.03 180.04 180.04 0.12 0.12 653.04 653.04 0.0
0.0 0.0 0.0 0.0 0.0 0.0 0.0 0.0 0.0 0.0 0.0 0.0 0.0 0.0 0.0 0.0 0.0 0.0 0.0 0.0 515.03 515.04 12.04 12.04 600.04 600.03 600.03 600.03 0.05 733.03 733.04 311.04 311.04 721.04 721.04 176.04 176.04 42.04 452.04 523.03 523.03 523.04 602.03 602.03 602.03 555.03 382.03 382.04 0.02 0.01 405.03 197.03 197.03 257.03 257.04 257.04 0.05 779.04 280.04 280.04 280.04 280.04 745.04 745.03 0.05 0.05 14.03 187.04 289.04 680.03 680.04 680.04 680.04 11.04 11.04 11.04 465.04 465.04 0.12 0.12 0.12 0.0 0.0 0.0 0.0
0.0 0.0 0.0 0.0 0.0 0.0 0.0 0.0 0.0 0.0 0.0 0.0 0.0 0.0 0.0 0.0 0.0 0.0 0.0 0.0 515.03 515.03 12.04 12.04 600.04 600.03 600.04 0.05 724.03 724.04 724.04 318.04 311.04 721.04 721.04 176.04 176.04 413.04 413.04 209.04 523.03 190.03 602.04 602.03 602.03 555.04 382.04 638.04 638.04 638.03 197.03 197.03 197.03 792.04 792.04 446.04 779.04 779.04 779.04 484.04 484.04 745.04 745.04 745.03 745.03 162.04 608.04 608.04 608.04 680.04 680.04 680.04 582.04 582.04 582.04 11.04 465.04 0.12 0.12 180.04 0.0 0.0 0.0 0.0 0.0
0.0 0.0 0.0 0.0 0.0 0.0 0.0 0.0 0.0 0.0 0.0 0.0 0.0 0.0 0.0 0.0 0.0 0.0 0.0 0.0 500.03 500.03 0.05 500.04 0.02 600.04 600.04 600.04 724.03 724.04 724.04 724.04 311.04 721.04 721.04 176.04 176.04 0.01 0.01 209.03 190.03 190.03 190.03 602.03 602.03 430.04 430.04 638.04 0.01 638.03 197.03 197.03 675.03 792.04 792.03 446.04 779.04 779.04 779.04 484.04 0.02 484.04 745.04 739.03 739.04 162.04 159.04 608.04 608.04 608.04 655.04 655.04 582.03 582.03 582.03 582.03 0.12 751.04 751.04 180.04 0.0 0.0 0.0 0.0 0.0
0.0 0.0 0.0 0.0 0.0 0.0 0.0 0.0 0.0 0.0 0.0 0.0 0.0 0.0 0.0 0.0 0.0 0.0 0.0 0.0 500.04 500.04 0.0 0.0 0.0 0.0 0.0 0.0 0.0 724.04 724.04 724.03 311.04 311.04 721.04 176.04 413.04 0.01 0.01 209.03 190.03 190.03 190.03 190.03 430.03 430.04 430.04 430.03 0.01 638.03 0.01 675.03 675.03 792.04 792.03 446.04 779.04 779.04 779.04 484.04 484.03 739.03 739.04 0.05 0.05 0.05 159.04 608.04 608.04 655.04 655.04 655.03 582.03 582.03 0.12 0.12 751.03 751.04 751.04 0.0 0.0 0.0 0.0 0.0 0.0
0.0 0.0 0.0 0.0 0.0 0.0 0.0 0.0 0.0 0.0 0.0 0.0 0.0 0.0 0.0 0.0 0.0 0.0 0.0 0.0 0.0 0.0 0.0 0.0 0.0 0.0 0.0 0.0 0.0 0.0 0.0 0.0 0.0 0.0 721.04 176.04 413.03 0.0 0.0 0.0 0.0 190.03 0.05 190.03 430.03 430.03 430.04 732.04 732.03 148.03 148.03 148.03 337.04 153.04 538.04 538.04 538.04 534.04 534.04 764.03 764.03 739.03 739.03 61.04 0.05 0.05 159.04 651.04 520.04 120.04 655.04 655.04 655.03 582.03 0.12 0.12 751.04 751.04 0.0 0.0 0.0 0.0 0.0 0.0 0.0
0.0 0.0 0.0 0.0 0.0 0.0 0.0 0.0 0.0 0.0 0.0 0.0 0.0 0.0 0.0 0.0 0.0 0.0 0.0 0.0 0.0 0.0 0.0 0.0 0.0 0.0 0.0 0.0 0.0 0.0 0.0 0.0 0.0 0.0 0.0 0.0 0.0 0.0 0.0 0.0 0.0 0.0 190.04 430.04 0.02 430.04 732.04 732.04 732.03 148.03 148.03 337.04 337.04 153.04 153.04 538.04 534.04 534.04 764.04 764.03 764.03 201.03 61.03 61.04 0.05 117.04 117.04 651.04 120.04 120.04 0.05 655.04 655.04 0.12 0.12 751.04 751.04 0.0 0.0 0.0 0.0 0.0 0.0 0.0 0.0
0.0 0.0 0.0 0.0 0.0 0.0 0.0 0.0 0.0 0.0 0.0 0.0 0.0 0.0 0.0 0.0 0.0 0.0 0.0 0.0 0.0 0.0 0.0 0.0 0.0 0.0 0.0 0.0 0.0 0.0 0.0 0.0 0.0 0.0 0.0 0.0 0.0 0.0 0.0 0.0 0.0 0.0 87.04 636.03 636.03 732.04 732.04 732.04 76.04 76.04 76.04 337.04 611.04 153.03 153.04 654.04 654.04 379.04 379.04 764.03 201.04 201.04 191.04 191.04 423.04 117.04 117.04 242.04 120.04 120.04 120.04 120.04 0.12 0.12 751.03 751.04 751.04 0.0 0.0 0.0 0.0 0.0 0.0 0.0 0.0
0.0 0.0 0.0 0.0 0.0 0.0 0.0 0.0 0.0 0.0 0.0 0.0 0.0 0.0 0.0 0.0 0.0 0.0 0.0 0.0 0.0 0.0 0.0 0.0 0.0 0.0 0.0 0.0 0.0 0.0 0.0 0.0 0.0 0.0 0.0 0.0 0.0 0.0 0.0 0.0 0.0 0.0 0.0 636.04 636.03 636.04 636.04 76.04 76.04 76.04 76.04 611.04 611.04 611.04 700.04 700.04 654.04 654.04 379.04 188.04 188.04 201.04 201.04 423.04 423.04 117.04 242.04 242.04 242.04 273.04 273.04 273.04 0.12 0.12 411.03 411.03 751.03 0.0 0.0 0.0 0.0 0.0 0.0 0.0 0.0
0.0 0.0 0.0 0.0 0.0 0.0 0.0 0.0 0.0 0.0 0.0 0.0 0.0 0.0 0.0 0.0 0.0 0.0 0.0 0.0 0.0 0.0 0.0 0.0 0.0 0.0 0.0 0.0 0.0 0.0 0.0 0.0 0.0 0.0 0.0 0.0 0.0 0.0 0.0 0.0 0.0 0.0 87.04 87.04 636.04 636.04 636.04 76.04 76.04 76.04 76.04 0.02 611.04 611.04 53.04 700.04 654.04 654.04 188.04 188.04 188.04 269.04 269.04 423.04 423.04 551.04 551.04 551.04 273.04 273.04 273.04 273.04 0.12 411.04 411.03 411.03 411.03 0.0 0.0 0.0 0.0 0.0 0.0 0.0 0.0
0.0 0.0 0.0 0.0 0.0 0.0 0.0 0.0 0.0 0.0 0.0 0.0 0.0 0.0 0.0 0.0 0.0 0.0 0.0 0.0 0.0 0.0 0.0 0.0 0.0 0.0 0.0 0.0 0.0 0.0 0.0 0.0 0.0 0.0 0.0 0.0 0.0 0.0 0.0 0.0 0.0 0.0 87.04 87.04 0.04 0.04 598.04 88.03 76.04 76.04 76.04 105.04 105.03 328.03 53.03 53.03 53.04 439.04 439.04 188.04 417.03 665.03 0.05 0.05 551.04 551.04 551.03 551.04 273.04 273.04 273.04 273.04 0.12 0.05 411.03 411.03 411.04 0.0 0.0 0.0 0.0 0.0 0.0 0.0 0.0
0.0 0.0 0.0 0.0 0.0 0.0 0.0 0.0 0.0 0.0 0.0 0.0 0.0 0.0 0.0 0.0 0.0 0.0 0.0 0.0 0.0 0.0 0.0 0.0 0.0 0.0 0.0 0.0 0.0 0.0 0.0 0.0 0.0 0.0 0.0 0.0 0.0 0.0 0.0 0.0 0.0 0.0 0.0 480.04 480.03 598.04 88.04 88.03 481.03 481.04 93.04 93.04 328.04 328.04 53.03 53.03 595.04 439.04 439.04 439.03 417.03 417.03 502.04 502.04 502.04 551.04 551.04 551.04 270.04 270.04 270.04 270.04 0.12 30.03 30.03 30.03 411.03 0.0 0.0 0.0 0.0 0.0 0.0 0.0 0.0
0.0 0.0 0.0 0.0 0.0 0.0 0.0 0.0 0.0 0.0 0.0 0.0 0.0 0.0 0.0 0.0 0.0 0.0 0.0 0.0 0.0 0.0 0.0 0.0 0.0 0.0 0.0 0.0 0.0 0.0 0.0 0.0 0.0 0.0 0.0 0.0 0.0 0.0 0.0 0.0 0.0 0.0 0.0 0.0 480.03 598.03 88.03 88.03 481.03 481.03 93.04 93.04 791.03 791.03 126.04 595.04 595.04 595.03 439.03 616.03 616.03 141.03 502.03 502.04 502.03 502.04 551.04 551.04 270.04 270.03 270.04 270.04 0.12 30.03 30.03 30.04 30.04 0.0 0.0 0.0 0.0 0.0 0.0 0.0 0.0
0.0 0.0 0.0 0.0 0.0 0.0 0.0 0.0 0.0 0.0 0.0 0.0 0.0 0.0 0.0 0.0 0.0 0.0 0.0 0.0 0.0 0.0 0.0 0.0 0.0 0.0 0.0 0.0 0.0 0.0 0.0 0.0 0.0 0.0 0.0 0.0 0.0 0.0 0.0 0.0 0.0 0.0 0.0 0.0 480.03 578.03 578.03 578.03 481.03 481.03 93.03 93.04 103.03 126.03 126.04 126.04 595.04 0.02 285.03 285.03 616.03 141.03 502.03 502.04 502.04 502.04 551.04 551.04 330.04 330.04 330.04 330.04 0.12 0.12 633.04 400.04 400.04 0.0 0.0 0.0 0.0 0.0 0.0 0.0 0.0
0.0 0.0 0.0 0.0 0.0 0.0 0.0 0.0 0.0 0.0 0.0 0.0 0.0 0.0 0.0 0.0 0.0 0.0 0.0 0.0 0.0 0.0 0.0 0.0 0.0 0.0 0.0 0.0 0.0 0.0 0.0 0.0 0.0 0.0 0.0 0.0 0.0 0.0 0.0 0.0 0.0 0.0 0.0 0.0 0.0 578.03 578.03 505.03 505.03 505.03 103.03 103.03 103.04 640.04 640.04 640.04 610.04 610.04 610.03 285.03 142.03 142.03 142.03 774.03 774.03 774.04 92.04 330.04 330.04 330.04 330.04 330.04 0.12 0.12 400.04 400.04 400.04 0.12 0.0 0.0 0.0 0.0 0.0 0.0 0.0
0.0 0.0 0.0 0.0 0.0 0.0 0.0 0.0 0.0 0.0 0.0 0.0 0.0 0.0 0.0 0.0 0.0 0.0 0.0 0.0 0.0 0.0 0.0 0.0 0.0 0.0 0.0 0.0 0.0 0.0 0.0 0.0 0.0 0.0 0.0 0.0 0.0 0.0 0.0 0.0 0.0 0.0 0.0 0.0 0.0 0.0 505.03 505.03 505.03 505.03 103.03 103.03 103.03 640.04 640.04 640.04 610.04 610.04 610.03 383.03 142.03 142.03 774.04 774.04 774.04 774.04 92.04 92.04 330.04 330.04 330.04 330.04 330.04 0.12 0.12 400.03 0.12 0.12 0.12 0.0 0.0 0.0 0.0 0.0 0.0
0.0 0.0 0.0 0.0 0.0 0.0 0.0 0.0 0.0 0.0 0.0 0.0 0.0 0.0 0.0 0.0 0.0 0.0 0.0 0.0 0.0 0.0 0.0 0.0 0.0 0.0 0.0 0.0 0.0 0.0 0.0 0.0 0.0 0.0 0.0 0.0 0.0 0.0 0.0 0.0 0.0 0.0 0.0 0.0 0.0 0.0 505.03 505.03 505.03 198.03 198.03 198.04 103.04 640.04 640.04 640.04 640.04 383.04 383.03 383.03 383.03 17.04 17.04 774.04 774.04 147.04 92.03 92.04 385.04 385.04 385.04 330.04 0.12 0.12 0.12 0.12 0.12 0.12 0.12 0.12 0.0 0.0 0.0 0.0 0.0
0.0 0.0 0.0 0.0 0.0 0.0 0.0 0.0 0.0 0.0 0.0 0.0 0.0 0.0 0.0 0.0 0.0 0.0 0.0 0.0 0.0 0.0 0.0 0.0 0.0 0.0 0.0 0.0 0.0 0.0 0.0 0.0 0.0 0.0 0.0 0.0 0.0 0.0 0.0 0.0 0.0 0.0 0.0 0.0 0.0 0.0 0.0 505.03 198.03 198.04 198.04 198.04 198.04 720.04 720.04 494.04 494.04 383.04 383.03 383.03 765.04 17.04 17.04 347.04 139.04 147.03 92.03 92.04 385.04 385.04 385.04 385.03 0.12 0.12 0.12 0.12 0.12 0.12 0.12 462.03 0.0 0.0 0.0 0.0 0.0
0.0 0.0 0.0 0.0 0.0 0.0 0.0 0.0 0.0 0.0 0.0 0.0 0.0 0.0 0.0 0.0 0.0 0.0 0.0 0.0 0.0 0.0 0.0 0.0 0.0 0.0 0.0 0.0 0.0 0.0 0.0 0.0 0.0 0.0 0.0 0.0 0.0 0.0 0.0 0.0 0.0 0.0 0.0 0.0 0.0 0.0 0.0 198.03 198.03 198.03 198.04 100.04 100.04 720.04 720.04 494.04 494.04 494.04 765.04 765.04 440.04 757.04 347.04 347.04 139.03 147.03 92.03 92.04 385.04 0.12 0.12 0.12 0.12 0.12 0.12 0.12 0.12 536.04 462.04 462.04 0.0 0.0 0.0 0.0 0.0
0.0 0.0 0.0 0.0 0.0 0.0 0.0 0.0 0.0 0.0 0.0 0.0 0.0 0.0 0.0 0.0 0.0 0.0 0.0 0.0 0.0 0.0 0.0 0.0 0.0 0.0 0.0 0.0 0.0 0.0 0.0 0.0 0.0 0.0 0.0 0.0 0.0 0.0 0.0 0.0 0.0 0.0 0.0 0.0 0.0 0.0 0.0 597.04 597.04 731.03 731.03 100.04 284.04 720.04 720.04 494.03 494.04 351.04 440.04 440.04 757.04 757.04 757.04 347.04 347.03 139.03 92.04 92.04 0.12 0.12 0.12 0.12 0.12 266.03 266.04 536.04 536.04 536.04 462.04 462.04 0.0 0.0 0.0 0.0 0.0
0.0 0.0 0.0 0.0 0.0 0.0 0.0 0.0 0.0 0.0 0.0 0.0 0.0 0.0 0.0 0.0 0.0 0.0 0.0 0.0 0.0 0.0 0.0 0.0 0.0 0.0 0.0 0.0 0.0 0.0 0.0 0.0 0.0 0.0 0.0 0.0 0.0 0.0 0.0 0.0 0.0 0.0 0.0 0.0 0.0 0.0 0.0 597.04 597.04 731.04 731.04 513.04 561.03 284.04 183.04 494.03 351.03 351.03 351.04 268.04 268.04 96.04 96.04 347.04 135.04 135.03 0.12 0.12 0.12 0.12 0.12 0.12 186.03 274.04 274.04 274.04 536.04 536.04 462.04 0.05 0.0 0.0 0.0 0.0 0.0
