InputFiles/GridInputs/LU&ParcGridBarry30.asc
ncols         78
nrows         81
xllcorner     -1688447.691606855
yllcorner     3186581.191380518
dx            30.213267410962054
dy            30.101935613750953
[rows 0 to 35 of 81, columns 0 to 77 of 78]
0.0 0.0 0.0 0.0 0.0 0.0 0.0 0.0 0.0 0.0 0.0 0.0 0.0 0.0 0.0 0.0 0.0 0.0 0.0 0.0 0.0 0.0 0.0 0.0 0.0 0.0 0.0 0.0 0.0 0.0 0.0 0.0 0.0 0.0 0.0 0.0 0.0 233.04 233.04 233.04 233.04 0.0 0.0 0.0 0.0 0.0 0.0 0.0 0.0 0.0 0.0 0.0 0.0 0.0 0.0 0.0 0.0 0.0 0.0 0.0 0.0 0.0 0.0 0.0 0.0 0.0 0.0 0.0 0.0 0.0 0.0 0.0 0.0 0.0 0.0 0.0 0.0 0.0
0.0 0.0 0.0 0.0 0.0 0.0 0.0 0.0 0.0 0.0 0.0 0.0 0.0 0.0 0.0 0.0 0.0 0.0 0.0 0.0 0.0 0.0 0.0 0.0 0.0 0.0 0.0 0.0 0.0 0.0 0.0 0.0 0.0 0.0 0.0 0.0 233.04 233.04 233.04 233.04 133.04 0.05 0.05 98.04 0.0 0.0 0.0 0.0 0.0 0.0 0.0 0.0 0.0 0.0 0.0 0.0 0.0 0.0 0.0 0.0 0.0 0.0 0.0 0.0 0.0 0.0 0.0 0.0 0.0 0.0 0.0 0.0 0.0 0.0 0.0 0.0 0.0 0.0
0.0 0.0 0.0 0.0 0.0 0.0 0.0 0.0 0.0 0.0 0.0 0.0 0.0 0.0 0.0 0.0 0.0 0.0 0.0 0.0 0.0 0.0 0.0 0.0 0.0 0.0 0.0 0.0 0.0 0.0 0.0 0.0 0.0 0.0 211.04 211.04 233.04 233.04 233.04 233.04 0.05 0.05 0.05 0.05 98.04 105.04 105.03 105.03 0.0 0.0 0.0 0.0 0.0 0.0 0.0 0.0 0.0 0.0 0.0 0.0 0.0 0.0 0.0 0.0 0.0 0.0 0.0 0.0 0.0 0.0 0.0 0.0 0.0 0.0 0.0 0.0 0.0 0.0
0.0 0.0 0.0 0.0 0.0 0.0 0.0 0.0 0.0 0.0 0.0 0.0 0.0 0.0 0.0 0.0 0.0 0.0 0.0 0.0 0.0 0.0 0.0 0.0 0.0 0.0 0.0 0.0 0.0 0.0 0.0 0.0 0.0 0.05 211.04 211.04 211.04 211.04 233.04 133.04 0.05 0.05 0.05 98.04 98.04 105.04 0.02 105.03 105.03 105.03 105.04 0.0 0.0 0.0 0.0 0.0 0.0 0.0 0.0 0.0 0.0 0.0 0.0 0.0 0.0 0.0 0.0 0.0 0.0 0.0 0.0 0.0 0.0 0.0 0.0 0.0 0.0 0.0
0.0 0.0 0.0 0.0 0.0 0.0 0.0 0.0 0.0 0.0 0.0 0.0 0.0 0.0 0.0 0.0 0.0 0.0 0.0 0.0 0.0 0.0 0.0 0.0 0.0 0.0 0.0 0.0 0.0 0.0 0.0 84.03 0.02 84.04 84.04 211.04 211.04 211.04 211.04 0.05 0.05 0.05 335.03 98.04 98.04 105.04 105.04 105.03 105.03 105.03 105.04 199.04 199.03 199.03 199.04 0.0 0.0 0.0 0.0 0.0 0.0 0.0 0.0 0.0 0.0 0.0 0.0 0.0 0.0 0.0 0.0 0.0 0.0 0.0 0.0 0.0 0.0 0.0
0.0 0.0 0.0 0.0 0.0 0.0 0.0 0.0 0.0 0.0 0.0 0.0 0.0 0.0 0.0 0.0 0.0 0.0 0.0 0.0 0.0 0.0 0.0 0.0 0.0 0.0 0.0 0.0 0.0 313.03 313.03 84.03 84.03 84.04 84.04 84.04 211.04 211.04 0.05 0.05 0.05 335.04 335.04 335.03 335.03 105.03 105.03 0.01 0.01 105.04 105.04 199.04 199.03 199.03 199.03 199.03 0.0 0.0 0.0 0.0 0.0 0.0 0.0 0.0 0.0 0.0 0.0 0.0 0.0 0.0 0.0 0.0 0.0 0.0 0.0 0.0 0.0 0.0
0.0 0.0 0.0 0.0 0.0 0.0 0.0 0.0 0.0 0.0 0.0 0.0 0.0 0.0 0.0 0.0 0.0 0.0 0.0 0.0 0.0 0.0 0.0 0.0 0.0 0.0 0.0 0.0 313.03 0.01 0.01 0.01 0.01 84.04 84.04 84.04 0.05 211.04 0.05 0.05 0.05 314.04 252.04 252.03 0.02 80.03 0.02 105.03 105.03 105.04 142.04 0.02 199.04 199.04 199.04 199.04 199.04 0.0 0.0 0.0 0.0 0.0 0.0 0.0 0.0 0.0 0.0 0.0 0.0 0.0 0.0 0.0 0.0 0.0 0.0 0.0 0.0 0.0
0.0 0.0 0.0 0.0 0.0 0.0 0.0 0.0 0.0 0.0 0.0 0.0 0.0 0.0 0.0 0.0 0.0 0.0 0.0 0.0 0.0 0.0 0.0 0.0 0.0 0.0 313.03 313.03 313.03 0.01 0.01 0.01 0.01 84.04 84.04 84.04 0.05 227.04 314.04 0.02 314.04 21.04 252.04 252.04 0.02 80.03 80.04 80.04 80.03 142.04 142.04 142.04 173.04 173.04 199.04 199.04 199.04 71.04 0.0 0.0 0.0 0.0 0.0 0.0 0.0 0.0 0.0 0.0 0.0 0.0 0.0 0.0 0.0 0.0 0.0 0.0 0.0 0.0
0.0 0.0 0.0 0.0 0.0 0.0 0.0 0.0 0.0 0.0 0.0 0.0 0.0 0.0 0.0 0.0 0.0 0.0 0.0 0.0 0.0 0.0 0.0 0.0 0.0 0.0 256.03 313.03 0.01 0.01 0.01 0.01 0.01 313.04 188.04 188.04 227.04 227.04 227.04 314.04 21.04 21.04 21.04 252.04 0.02 0.02 80.04 80.03 0.02 142.04 142.03 142.03 173.03 173.04 173.04 71.04 71.04 71.04 186.04 0.0 0.0 0.0 0.0 0.0 0.0 0.0 0.0 0.0 0.0 0.0 0.0 0.0 0.0 0.0 0.0 0.0 0.0 0.0
0.0 0.0 0.0 0.0 0.0 0.0 0.0 0.0 0.0 0.0 0.0 0.0 0.0 0.0 0.0 0.0 0.0 0.0 0.0 0.0 0.0 0.0 0.0 0.0 0.0 256.03 0.01 0.01 0.01 0.01 0.01 0.01 313.03 313.04 246.04 188.04 188.04 227.04 197.04 197.04 197.04 21.04 141.04 0.02 80.03 80.04 323.04 323.03 323.03 142.03 142.03 142.03 173.03 173.04 173.04 71.04 71.04 186.04 186.04 186.03 0.02 281.03 281.03 330.03 0.0 0.0 0.0 0.0 0.0 0.0 0.0 0.0 0.0 0.0 0.0 0.0 0.0 0.0
0.0 0.0 0.0 0.0 0.0 0.0 0.0 0.0 0.0 0.0 0.0 0.0 0.0 0.0 0.0 0.0 0.0 0.0 0.0 0.0 0.0 0.0 0.0 0.0 0.0 256.03 0.01 0.01 0.01 0.01 0.01 0.01 246.03 246.03 246.04 188.04 188.04 227.04 197.04 197.04 197.04 141.04 141.03 141.03 141.03 323.04 323.03 323.03 323.03 75.03 142.03 142.03 173.03 173.04 173.04 71.04 71.04 186.04 186.04 186.03 281.03 281.03 281.03 330.03 330.03 330.03 330.03 0.0 0.0 0.0 0.0 0.0 0.0 0.0 0.0 0.0 0.0 0.0
0.0 0.0 0.0 0.0 0.0 0.0 0.0 0.0 0.0 0.0 0.0 0.0 0.0 0.0 0.0 0.0 0.0 0.0 0.0 0.0 0.0 0.0 0.0 0.0 256.03 256.03 256.03 0.01 0.01 0.01 0.01 246.03 246.03 0.02 237.04 188.03 188.04 188.04 197.03 197.03 0.02 7.04 141.03 141.03 141.03 0.02 323.03 323.03 323.03 75.03 75.03 142.03 121.04 121.04 121.04 146.04 0.02 186.03 186.03 0.02 281.03 281.03 281.03 330.03 330.03 330.03 330.03 330.03 0.0 0.0 0.0 0.0 0.0 0.0 0.0 0.0 0.0 0.0
0.0 0.0 0.0 0.0 0.0 0.0 0.0 0.0 0.0 0.0 0.0 0.0 0.0 0.0 0.0 0.0 0.0 0.0 0.0 0.0 0.0 0.0 0.0 256.03 256.03 256.03 256.03 54.03 0.01 0.01 0.01 18.03 237.03 237.03 0.02 237.03 237.03 188.03 0.02 7.04 7.04 7.04 7.03 141.03 97.04 97.03 323.03 323.03 323.03 75.03 75.03 121.04 121.04 121.04 121.04 146.04 146.03 146.03 0.02 281.03 281.03 281.03 281.03 330.03 330.03 151.03 151.03 151.03 151.03 0.0 0.0 0.0 0.0 0.0 0.0 0.0 0.0 0.0
0.0 0.0 0.0 0.0 0.0 0.0 0.0 0.0 0.0 0.0 0.0 0.0 0.0 0.0 0.0 0.0 0.0 0.0 0.0 0.0 0.0 206.03 206.03 206.03 256.03 256.03 256.03 54.03 54.03 205.03 205.03 18.03 18.03 237.03 237.03 237.04 237.03 272.03 272.04 272.03 7.04 7.03 7.03 334.03 97.04 97.03 97.03 131.03 131.03 131.04 121.04 121.04 121.04 121.04 121.04 146.04 146.04 146.03 146.03 281.03 79.03 79.03 79.03 151.03 151.03 151.03 151.03 151.03 57.03 57.03 57.03 0.02 14.03 14.03 0.0 0.0 0.0 0.0
0.0 0.0 0.0 0.0 0.0 0.0 0.0 0.0 0.0 0.0 0.0 0.0 0.0 0.0 0.0 0.0 0.0 0.0 0.0 0.02 0.02 206.03 206.03 206.03 256.03 256.04 54.04 54.03 205.03 205.03 205.03 18.03 18.03 18.03 237.03 237.04 0.02 272.03 272.03 272.03 272.04 272.04 334.03 334.03 334.03 97.04 97.04 131.03 131.03 131.03 131.04 121.04 121.04 121.03 121.04 162.04 162.04 162.03 284.03 79.03 79.03 0.02 79.03 79.03 151.03 151.03 151.03 151.03 57.03 57.03 57.03 14.03 14.03 43.03 0.02 0.02 0.0 0.0
0.0 0.0 0.0 0.0 0.0 0.0 0.0 0.0 0.0 0.0 0.0 0.0 0.0 0.0 0.0 0.0 0.0 0.0 196.03 206.03 206.03 206.03 206.03 206.03 206.03 232.04 232.04 232.03 205.03 205.03 205.03 205.03 18.03 18.03 0.02 237.03 165.03 165.03 272.03 272.03 272.04 272.04 334.03 334.03 334.03 187.04 187.04 131.03 131.03 0.02 103.04 121.04 121.04 121.04 162.03 162.03 162.03 162.03 284.03 284.03 0.02 0.02 79.03 29.03 29.03 29.03 208.03 208.03 57.03 57.03 57.03 14.03 0.02 0.02 43.03 43.03 43.03 0.0
0.0 0.0 0.0 0.0 0.0 0.0 0.0 0.0 0.0 0.0 0.0 0.0 0.0 0.0 0.0 0.0 306.03 306.03 196.03 196.03 206.03 206.03 206.03 206.03 206.03 232.04 232.04 232.04 232.03 205.03 205.03 205.03 18.03 223.03 223.03 304.03 304.03 165.03 165.03 165.03 272.03 0.01 334.03 193.03 193.03 187.03 187.04 103.03 103.03 103.03 103.03 103.03 121.04 162.04 162.03 162.03 162.03 162.03 284.03 284.03 275.03 275.03 275.03 278.03 29.03 29.03 0.02 208.03 57.03 57.03 14.03 0.02 0.02 43.03 43.03 43.03 62.03 62.03
0.0 0.0 0.0 0.0 0.0 0.0 0.0 0.0 0.02 0.01 0.01 0.02 0.0 0.0 0.0 306.03 306.03 306.03 196.03 196.03 196.03 206.03 206.04 206.03 206.04 232.04 261.04 261.04 0.02 0.02 225.03 225.03 223.03 223.03 223.03 304.03 304.03 165.03 165.03 165.03 0.01 0.01 0.01 193.03 193.03 193.03 187.04 103.04 103.04 103.03 103.03 103.04 103.04 162.04 162.03 162.03 163.03 284.03 284.03 284.03 275.03 275.03 278.03 278.03 29.03 29.03 208.03 208.03 248.03 248.03 248.03 43.03 0.02 43.03 43.04 62.03 62.03 62.03
0.0 0.0 0.0 0.0 0.0 0.0 0.0 145.03 0.02 183.03 183.03 183.03 183.03 241.03 306.03 306.03 306.03 306.03 196.03 196.04 196.04 196.03 206.04 206.04 261.04 261.04 261.04 261.03 261.03 261.03 225.03 225.03 223.03 223.03 223.03 304.03 304.03 304.03 0.01 165.03 31.03 31.03 31.03 31.03 193.03 193.04 139.04 103.04 103.04 103.03 103.03 103.03 128.03 128.04 163.03 163.03 163.03 0.02 163.03 275.03 275.03 275.03 278.03 278.03 278.03 29.03 29.04 248.04 248.03 248.03 248.03 315.03 315.03 315.04 62.04 62.04 62.03 62.03
0.0 0.0 0.0 0.0 0.0 0.0 0.02 145.03 145.03 145.03 183.03 183.03 183.03 241.03 306.03 306.03 306.03 306.03 196.04 196.04 196.04 0.05 224.04 181.04 181.03 261.04 261.03 0.02 261.03 225.03 225.03 225.03 225.03 223.03 223.03 304.03 134.03 0.02 0.01 31.03 31.03 31.03 0.01 0.01 0.01 17.03 139.04 139.04 139.03 0.05 0.05 143.03 128.03 128.03 128.03 163.03 163.03 163.03 163.03 0.02 214.03 214.03 214.03 278.03 34.04 34.04 34.04 248.04 248.04 248.03 248.03 315.03 315.03 315.03 337.03 62.03 62.03 62.03
0.0 0.0 0.0 0.0 145.03 145.03 145.03 145.04 145.03 145.03 0.02 183.03 241.03 241.03 306.03 306.03 306.03 306.03 196.03 196.04 224.04 224.04 224.04 0.05 0.02 181.04 309.03 309.03 309.03 236.03 225.03 225.03 0.02 225.03 182.03 182.03 134.03 134.03 0.01 31.03 31.03 303.03 0.02 303.03 17.03 17.03 139.04 0.02 139.03 143.03 143.03 143.03 128.03 128.03 128.03 0.02 163.03 163.04 163.03 0.02 0.02 214.03 318.03 318.04 34.04 34.04 34.04 248.04 248.04 248.03 248.03 315.03 315.03 337.03 337.03 62.03 62.03 62.03
0.0 0.0 0.0 257.03 145.03 145.03 145.04 145.04 145.04 145.04 22.04 22.04 22.03 22.03 8.03 0.02 8.04 8.04 196.03 224.03 224.03 224.04 0.05 0.05 0.02 181.04 309.04 309.04 0.01 236.03 236.03 236.03 225.04 182.04 182.04 182.03 182.03 36.03 36.03 122.03 303.03 303.03 303.03 303.03 17.03 88.03 88.03 0.02 143.03 143.03 143.03 143.03 128.03 128.03 128.03 128.03 163.03 163.03 163.03 214.03 214.03 318.03 318.03 318.04 34.04 34.04 34.04 248.04 248.04 248.04 180.03 52.03 52.03 52.03 327.03 327.03 327.03 327.03
0.0 0.0 257.03 257.03 257.03 257.03 145.04 145.04 145.04 145.04 22.04 22.04 22.03 22.04 8.04 8.04 8.04 8.04 120.03 224.03 56.03 56.03 56.03 181.03 181.03 181.04 294.04 90.03 90.03 253.03 236.03 236.03 236.04 182.04 182.04 182.03 36.03 36.03 36.03 122.03 122.03 95.03 266.03 266.03 266.03 88.03 88.03 88.03 143.03 143.03 143.03 143.03 260.03 242.03 242.03 242.03 242.03 0.01 0.01 227.03 227.03 318.03 318.03 318.04 318.04 34.03 34.04 258.04 180.04 180.03 180.03 180.03 52.03 52.03 327.03 327.03 327.03 327.03
0.0 168.03 168.03 257.03 257.04 257.04 257.04 257.04 145.04 145.04 22.04 22.04 22.03 22.03 8.04 8.04 8.04 8.04 120.04 120.03 120.03 56.03 56.03 316.03 316.03 316.04 294.04 90.03 253.03 253.03 253.03 0.01 0.01 58.04 182.04 36.03 36.03 36.03 36.03 122.03 122.03 95.03 95.03 266.03 0.02 108.04 108.04 88.03 143.04 143.03 143.03 260.03 260.03 260.03 242.03 242.03 0.01 0.01 0.01 227.03 227.03 227.03 318.03 318.04 318.03 0.08 258.03 258.03 180.03 180.03 180.03 180.03 52.03 179.03 179.03 179.03 327.03 327.03
168.03 168.03 168.03 257.04 257.04 257.04 257.04 257.04 257.04 270.04 270.04 270.04 270.03 270.03 8.04 8.04 8.04 120.04 120.04 120.04 120.03 120.03 56.03 316.03 316.03 316.03 316.03 316.03 253.03 253.03 253.03 0.01 0.01 58.03 58.03 58.03 36.03 36.03 167.03 167.03 302.03 0.01 95.03 110.03 110.03 108.04 108.04 108.04 143.04 143.04 5.04 5.03 5.03 260.03 242.03 242.03 0.01 0.01 0.01 0.01 227.03 227.03 227.03 318.03 258.03 258.03 258.03 258.03 258.03 180.03 180.03 180.03 179.03 179.03 179.03 179.04 179.03 192.03
168.03 168.03 168.04 137.04 257.04 257.03 257.04 257.04 238.04 270.04 270.04 270.04 270.04 112.03 13.04 13.04 13.04 120.04 120.04 120.04 120.04 120.04 53.04 53.04 0.02 316.03 316.03 316.03 253.03 253.03 253.03 0.02 0.01 58.03 58.03 58.03 58.04 16.04 167.03 167.03 302.03 0.02 0.02 110.03 0.05 110.04 166.04 166.04 166.04 166.04 5.03 5.03 5.03 5.03 5.03 242.03 129.03 0.02 0.01 0.02 227.03 227.03 28.03 28.03 258.03 258.03 258.03 258.03 258.03 180.03 180.03 49.03 49.03 179.03 179.04 179.04 192.03 192.03
168.03 168.03 137.04 137.04 137.03 263.03 257.04 238.04 238.04 270.04 270.04 270.04 270.04 112.04 13.04 13.03 13.03 13.04 120.04 120.04 279.04 279.04 53.03 53.03 53.03 53.03 53.03 89.03 289.03 218.03 218.03 218.03 218.03 58.03 58.03 0.05 16.04 16.04 16.03 55.04 55.04 55.04 292.04 292.03 0.02 292.04 166.04 166.04 166.04 166.04 5.03 5.03 5.03 5.03 5.03 129.03 129.03 129.03 129.03 129.03 227.03 28.03 28.03 28.03 28.03 258.03 258.03 258.03 201.03 49.03 49.03 49.03 49.03 49.03 179.04 192.04 192.04 192.04
168.03 0.01 137.03 137.04 263.03 263.03 263.04 238.04 238.04 238.04 270.04 270.04 0.02 112.04 13.04 13.04 13.04 13.04 279.04 279.04 279.04 279.03 279.04 53.03 53.03 53.03 53.03 89.03 289.03 289.03 218.03 218.03 218.03 58.03 58.03 58.03 0.05 0.05 16.03 55.04 55.04 55.04 292.04 292.04 292.04 292.04 0.02 166.04 0.02 166.03 305.03 305.03 305.03 305.03 305.03 129.03 129.03 129.03 129.03 129.03 262.03 262.03 262.03 28.03 28.03 228.03 267.03 201.03 201.03 201.03 49.03 49.03 49.03 49.03 49.03 192.04 192.04 192.04
0.01 0.01 137.04 137.04 263.04 263.04 113.04 238.04 238.04 238.04 270.04 270.04 112.04 112.04 13.04 13.04 13.04 104.04 104.04 279.04 279.04 279.03 170.04 53.03 53.03 53.03 89.04 89.04 289.04 289.04 218.03 218.03 218.03 218.03 58.03 204.03 0.05 204.04 0.02 55.03 55.04 55.04 292.03 292.03 292.04 292.04 166.04 166.04 166.04 166.03 305.03 305.04 305.04 305.03 67.03 67.03 129.03 129.03 129.03 129.03 262.03 262.03 262.03 262.03 262.03 228.03 267.03 201.03 201.03 201.03 49.03 49.03 49.03 49.03 331.03 331.03 192.03 0.0
0.02 0.02 137.03 137.04 113.04 113.04 113.04 113.04 238.04 238.04 286.04 270.03 112.03 112.04 13.04 13.04 104.04 104.04 104.03 104.03 48.03 0.02 170.04 170.03 53.04 53.04 89.04 89.04 89.04 289.04 289.04 218.04 218.04 218.03 204.03 204.03 204.03 204.04 91.03 91.03 91.03 292.03 292.03 292.03 0.05 60.04 60.04 60.04 60.04 114.03 50.03 305.04 305.03 305.03 67.03 67.03 67.03 0.02 129.03 129.03 262.03 262.03 262.03 262.03 262.03 228.03 228.03 201.03 201.03 235.03 235.03 203.03 49.03 331.03 331.03 331.03 331.03 0.0
137.04 137.03 137.03 113.04 113.04 113.04 113.03 286.03 286.03 286.03 286.03 12.03 0.02 152.03 152.04 152.03 230.04 104.04 0.02 6.03 48.04 48.04 72.04 72.04 72.04 89.04 89.04 89.04 89.04 289.04 289.04 289.04 218.04 229.04 204.03 204.03 204.04 91.04 0.02 0.02 91.04 91.04 221.04 221.04 221.03 0.05 60.04 60.04 114.04 114.04 50.04 50.04 63.03 63.03 67.03 67.03 78.03 78.03 78.03 129.03 262.03 262.03 262.03 262.03 169.03 228.03 169.03 201.03 235.03 235.03 235.03 203.03 203.03 331.03 331.03 331.03 331.03 0.0
0.0 137.03 113.03 113.03 113.03 113.03 74.03 0.02 0.02 195.03 12.03 12.03 152.03 152.03 152.04 0.02 3.04 230.04 0.02 6.04 220.04 220.04 72.04 72.04 268.04 217.04 217.04 217.04 217.04 217.04 308.04 308.04 229.04 229.04 229.03 204.04 91.04 91.04 91.04 91.04 91.04 221.03 221.04 221.04 221.03 0.05 0.05 60.04 114.04 114.04 50.04 50.03 63.03 63.03 290.03 290.03 290.03 290.04 290.03 290.03 81.03 262.03 262.03 169.03 169.03 169.03 169.03 169.03 235.03 235.03 203.03 203.03 203.03 331.03 331.03 331.03 331.03 0.0
0.0 113.03 74.03 74.04 74.03 74.03 74.03 74.03 195.03 177.03 12.03 12.03 152.03 152.04 152.04 3.04 3.04 3.04 127.04 6.04 220.04 220.04 94.04 94.03 268.03 217.04 217.04 217.03 11.04 11.04 308.04 308.04 229.04 229.04 229.03 229.04 91.04 91.04 91.04 91.04 91.04 221.04 221.04 221.04 221.04 0.05 0.05 114.04 114.03 23.03 23.03 63.03 63.03 63.03 297.03 297.03 297.03 297.03 297.04 81.03 81.03 77.03 77.03 169.03 169.03 169.03 169.04 169.04 235.03 235.03 203.03 203.03 203.03 331.03 331.03 331.03 0.0 0.0
0.0 0.02 74.03 74.04 74.04 0.02 74.03 74.04 64.04 0.01 0.01 12.03 17.03 17.04 17.04 3.04 3.04 127.04 127.04 127.04 0.05 4.04 94.04 94.04 268.03 268.04 217.04 11.04 11.04 11.04 308.03 308.04 229.04 229.03 0.05 229.04 229.04 91.04 91.04 91.04 91.04 221.04 221.04 221.04 221.04 0.05 310.04 66.04 66.03 23.03 23.03 23.03 63.03 63.03 297.03 297.03 297.03 297.03 81.03 81.03 81.03 77.03 77.03 169.03 169.03 0.0 169.04 169.04 169.04 235.03 203.03 203.03 203.03 203.03 331.03 0.0 0.0 0.0
0.0 0.0 0.02 0.02 74.04 74.03 74.03 74.04 42.04 0.01 0.01 338.03 17.03 17.04 17.04 189.04 189.04 189.04 127.04 171.04 4.04 4.04 94.04 94.04 268.03 85.04 85.04 11.04 11.04 308.03 308.03 312.04 312.04 229.04 229.04 178.04 178.04 178.04 178.04 0.03 161.04 161.04 161.04 161.04 221.04 66.04 66.04 66.03 66.03 23.03 23.03 319.03 319.03 319.03 319.03 297.03 297.03 109.03 81.03 81.04 81.03 77.03 77.03 77.03 0.0 0.0 0.0 0.0 235.04 203.03 203.03 203.03 203.03 203.03 331.03 0.0 0.0 0.0
0.0 0.0 0.02 74.04 74.04 74.03 42.03 42.04 42.04 42.03 338.03 338.03 17.03 17.04 17.04 189.04 189.04 189.04 171.03 171.03 171.03 4.04 94.04 268.04 85.04 85.04 85.04 15.04 15.04 308.04 312.04 312.04 312.04 148.04 148.04 178.04 178.04 178.04 178.04 0.03 161.03 161.04 161.04 161.04 161.04 66.03 66.03 66.03 247.04 247.03 247.03 319.03 319.03 319.03 319.03 319.03 109.03 109.03 109.04 81.03 81.03 77.03 77.03 47.03 47.03 0.0 0.0 0.0 0.0 0.0 0.0 203.03 203.03 203.03 0.0 0.0 0.0 0.0
