InputFiles/GridInputs/LU&ParcGridDiohine20.asc
ncols         307
nrows         336
xllcorner     -1693877.958766256
yllcorner     3174597.0031306315
dx            20.056068005715268
dy            20.02418569930541
[rows 160 to 191 of 336, columns 71 to 141 of 307]
1285.04 1285.04 1285.04 1285.04 0.05 0.05 0.05 0.05 1285.04 969.04 969.04 969.04 969.04 969.04 969.04 969.04 969.04 457.04 457.04 457.04 588.04 588.04 588.04 588.04 588.04 463.04 463.04 463.04 400.04 400.04 400.04 452.04 452.04 1674.04 1674.04 1674.04 1803.04 1803.04 198.04 198.04 198.04 198.04 198.04 1995.04 1995.04 1995.04 1995.04 1995.04 1995.04 1995.04 1995.03 2319.04 2319.04 2319.04 2319.04 2319.04 0.02 2095.04 2095.04 2095.04 2095.04 0.05 0.05 0.05 0.05 0.05 1629.04 1629.04 1629.04 1629.03 1629.04
1285.04 1285.04 1285.04 1285.04 1285.04 0.05 0.05 0.05 0.05 0.05 969.04 969.04 969.04 969.04 969.04 969.04 457.04 457.04 457.04 457.04 588.04 588.04 588.04 588.04 588.04 588.04 773.04 773.04 400.04 400.04 400.04 400.04 1674.04 1674.04 1674.04 1803.04 1803.04 1803.04 198.04 198.04 198.04 198.04 790.04 790.04 790.04 790.04 790.04 790.04 1995.04 1995.04 1995.04 1995.04 2319.04 2319.04 2319.04 2095.04 2095.04 2095.04 2095.04 2095.04 2095.04 0.05 0.05 0.05 0.05 0.05 1629.04 1629.04 1629.04 1629.04 533.04
0.05 0.05 1285.04 1285.04 1285.04 1285.04 0.05 0.05 0.05 0.05 0.05 969.04 969.04 969.04 2397.04 457.04 457.04 457.04 457.04 457.04 0.05 588.04 588.04 588.04 588.04 2380.04 2380.04 773.04 773.04 400.04 400.04 400.04 1674.04 1674.04 1674.04 1803.04 1803.04 1803.04 2171.04 2171.04 2171.04 2171.04 790.04 790.04 790.04 790.04 790.04 790.04 790.04 790.04 790.04 790.04 2319.04 2319.04 2095.04 2095.04 2095.04 2095.04 2095.04 2095.04 2095.04 2095.04 2095.04 1413.04 0.05 0.05 1413.04 533.04 533.04 533.04 533.04
0.05 0.05 2117.03 1285.04 1285.04 1285.04 1223.04 1223.04 1223.04 0.05 0.05 2397.04 2397.04 2397.04 2397.04 2397.04 457.04 457.04 457.04 457.04 457.04 588.04 0.02 588.04 2380.04 2380.04 2380.04 773.04 773.04 400.04 400.04 400.04 400.04 1674.04 1674.04 1803.04 1803.04 2171.04 2171.04 2171.04 2171.04 2171.04 790.04 790.04 790.04 790.04 790.04 790.04 790.04 790.04 790.04 790.04 790.04 2319.04 2095.04 2095.04 2095.04 2095.04 2095.04 2095.04 2095.04 2103.04 2103.04 2103.04 2103.03 0.05 533.04 533.04 533.04 533.04 533.04
0.05 0.05 2117.04 2117.04 2117.04 1223.04 1223.04 1223.04 1223.04 1223.04 1223.04 2397.04 2397.04 2397.04 2397.04 2397.04 457.04 457.04 457.04 457.04 457.04 457.04 588.04 2380.04 2380.04 2380.04 2380.04 2380.04 773.04 773.04 0.05 400.04 400.04 1674.04 1674.04 1803.04 2171.04 2171.04 2171.04 2171.04 2171.04 955.04 955.04 955.04 790.04 790.04 790.04 790.04 790.04 790.04 1094.04 1094.04 1094.04 1094.04 2095.04 2095.04 2095.04 2095.04 2095.04 2095.04 2103.04 2103.04 2103.04 2103.04 0.02 2103.04 533.04 533.04 533.04 533.04 533.04
2117.03 2117.04 2117.04 2117.04 759.04 0.02 1223.04 1223.04 1223.04 1223.04 1223.04 2397.04 2397.04 2397.04 2397.04 2397.04 1073.04 457.04 457.04 457.04 457.04 457.04 2380.04 2380.04 2380.04 2380.04 2380.04 2380.04 773.04 773.04 400.04 400.04 400.04 1674.04 1803.04 1803.04 2171.04 2171.04 2171.04 955.04 0.02 955.04 955.04 955.04 1094.04 1094.04 1094.04 1094.04 1094.04 1094.04 1094.04 1094.04 1094.04 1094.04 2159.04 2159.04 2159.04 0.05 2159.04 2159.04 2159.04 2103.04 2103.04 2103.04 2103.04 2103.04 533.04 533.04 533.04 533.04 533.04
2117.04 2117.04 0.02 759.04 759.04 759.04 1223.04 1223.04 1223.04 1223.04 1223.04 2397.04 2397.04 2397.04 1073.04 1073.04 1073.04 1073.04 457.04 457.04 457.04 457.04 2380.04 2380.04 2380.04 2380.04 2380.04 2380.04 1013.04 1013.04 1013.04 1013.04 1013.04 1013.04 1388.04 1388.04 1388.04 1388.04 1388.04 1388.04 955.04 0.05 0.05 955.04 1094.04 1094.04 1094.04 1094.04 1094.04 1094.04 1094.04 1094.04 1094.04 2159.04 2159.04 2159.04 2159.04 0.05 0.05 2159.04 2159.04 104.04 104.04 104.04 2103.04 2103.04 533.04 533.04 533.04 533.04 1752.04
2142.04 2117.04 759.04 759.04 759.04 759.04 1223.04 1223.04 1223.04 1223.04 1223.04 2397.04 2397.04 1073.04 1073.04 1073.04 1073.04 1073.04 429.04 429.04 429.04 429.04 1310.04 2380.04 2380.04 2380.04 2380.04 1013.04 1013.04 1013.04 1013.04 1013.04 1013.04 461.04 461.04 1388.04 1388.04 1388.04 1388.04 1388.04 955.04 955.04 955.04 955.04 1094.04 1094.04 1094.04 1094.04 1094.04 1094.04 1094.04 1094.04 1094.04 2159.04 2159.04 2159.04 2159.04 2159.04 2159.04 2159.04 2159.04 2159.04 104.04 104.04 104.04 1604.04 1604.03 2479.04 2479.04 2479.04 1752.04
2142.04 2142.04 759.04 0.02 759.04 759.04 759.04 1223.04 1223.04 1223.04 2236.04 2236.04 2236.04 2236.04 1073.04 1073.04 1073.04 429.04 429.04 429.04 429.04 1310.04 1310.04 471.04 471.04 1013.04 1013.04 1013.04 1013.04 1013.03 1013.04 1013.04 0.05 0.05 461.04 1388.04 1388.04 1388.04 1388.04 1388.04 1388.04 955.04 955.04 1094.04 1094.04 1094.04 1094.04 1094.04 1094.04 785.04 785.04 785.04 785.04 2159.04 2159.04 2159.04 2159.04 2159.04 2159.04 2159.04 2159.04 2159.04 1881.04 104.04 1604.04 1604.04 1604.03 2479.03 2479.04 2479.04 2479.04
2142.04 2142.04 759.04 759.04 759.04 1480.04 1480.04 1480.04 1480.04 2236.04 2236.04 2236.04 2236.04 2236.04 2236.04 2236.04 429.04 429.04 429.04 429.04 1310.04 1310.04 471.04 471.04 471.04 471.04 1013.04 1013.04 1013.04 1013.04 1013.04 461.04 0.05 461.04 461.04 1388.04 1388.04 1388.04 1388.04 1388.04 1388.04 1388.04 955.04 785.04 785.03 785.04 785.04 785.04 785.04 785.04 785.04 785.04 0.05 0.05 120.04 120.04 120.04 120.04 120.04 0.02 120.04 120.04 1881.04 1881.04 1604.04 1604.04 1604.04 2479.04 2109.04 2109.04 2109.04
2142.04 2142.04 2142.04 2326.04 1480.04 1480.04 1480.04 1480.04 1480.04 1480.04 2236.04 2236.04 2236.04 2236.04 2236.04 2236.04 429.04 429.04 429.04 37.04 1310.04 1310.04 471.04 471.04 471.04 471.04 791.04 1013.04 1013.04 1013.04 0.05 0.05 0.05 0.05 0.05 461.04 1388.04 1388.04 1388.04 1388.04 1388.04 1388.04 1231.04 1231.04 1231.03 785.04 785.04 785.04 785.04 785.04 785.04 785.04 785.04 0.05 0.05 0.05 0.05 0.05 120.04 120.04 120.04 120.04 1881.04 1881.04 1604.04 0.05 1604.04 2109.04 2109.04 2109.04 2109.04
2061.04 2061.04 2061.04 2326.04 1480.04 1480.04 1480.04 1480.04 1480.03 1480.04 2236.04 2236.04 2236.04 2236.04 2236.04 2236.04 429.04 429.04 0.05 0.05 0.05 0.05 471.04 471.04 471.04 471.04 791.04 791.04 791.04 461.04 461.04 461.04 461.04 461.04 0.05 461.04 1388.04 1388.04 1388.04 1388.04 1388.04 1231.04 1231.04 1231.04 1231.04 1231.04 1231.04 1231.04 785.04 785.04 785.04 785.04 785.04 120.04 120.04 120.04 120.04 120.04 120.04 120.04 120.04 0.02 120.04 1881.04 1604.04 1604.04 1604.04 2109.04 2109.04 2109.04 2109.04
2061.04 2061.04 440.04 2326.04 2326.04 1480.04 1480.04 1480.04 1480.04 1480.04 2236.04 2236.04 2236.04 2236.04 2236.04 2236.04 429.04 0.05 0.05 0.05 1310.04 1310.04 471.04 471.04 471.04 471.04 791.04 791.04 791.04 791.04 461.04 461.04 461.04 461.04 461.04 461.04 461.04 1388.04 1388.04 1388.04 1388.04 1231.04 1231.04 1231.04 1231.04 1231.04 1231.04 1231.04 1231.04 557.04 557.04 557.04 557.04 557.04 120.04 120.04 120.04 120.04 120.04 120.04 120.04 120.03 120.04 120.04 1604.04 1604.04 1604.04 2109.04 2109.04 2109.04 2109.04
2061.04 2061.04 440.04 440.04 2326.04 1882.04 1882.04 1882.04 1882.04 1882.04 1572.04 1572.04 2236.04 2236.04 2236.04 2236.04 0.05 0.05 37.1 37.1 1310.04 1310.04 471.04 471.04 471.04 0.02 791.04 791.04 791.04 791.04 461.04 461.04 461.04 461.04 461.04 461.04 461.04 2059.04 1388.04 1388.03 1231.04 1231.04 1231.04 1231.04 1231.04 1231.04 1231.04 557.04 557.04 557.04 557.04 557.04 557.04 557.04 120.04 120.04 120.04 120.04 120.04 120.04 120.04 120.04 120.04 120.04 1604.04 1604.04 1604.04 2109.04 2109.04 2109.04 2109.04
225.04 2061.04 440.04 440.04 2326.04 1882.04 1882.04 1882.04 1882.04 1572.04 1572.04 1572.04 1572.04 1572.04 2236.04 2236.04 37.1 37.1 37.1 1310.1 1310.03 1310.04 471.04 2160.04 2160.04 2160.04 2160.04 791.04 791.04 611.04 611.04 611.04 461.04 461.04 461.04 461.04 2059.04 2059.04 2059.04 2059.04 1521.04 1231.04 1231.04 1231.04 557.04 557.04 557.04 557.04 557.04 557.03 557.04 557.04 557.04 557.04 1241.04 1317.04 1317.04 1317.03 0.02 0.05 1317.04 1317.03 1317.03 1317.04 1317.04 462.04 462.04 462.04 462.04 2109.04 2109.04
225.04 440.04 440.04 440.04 2326.04 1882.04 1882.04 1882.04 1572.04 1572.03 1572.1 1572.1 1572.1 1572.1 1572.1 398.1 398.1 398.1 398.1 398.1 1310.04 1310.04 2160.04 2160.04 2160.04 2160.04 2160.04 611.04 611.04 611.04 611.04 611.04 1193.04 1193.04 1193.04 2059.04 2059.04 2059.04 2059.04 2059.04 1521.04 1521.04 1521.03 557.04 557.04 557.04 557.04 557.04 557.04 557.03 0.02 557.04 1241.04 1241.04 1241.04 1317.04 1317.04 1317.03 0.02 1317.03 0.02 1317.03 1317.03 1317.03 462.03 462.04 462.04 462.04 462.04 462.04 462.04
599.04 599.04 599.04 440.04 440.04 1882.04 1882.04 1882.04 1572.1 1572.1 1572.1 1572.1 1572.1 1572.1 1572.1 398.1 398.1 398.1 398.1 398.1 398.04 1563.04 1563.04 1563.04 2160.04 2160.04 2160.04 611.04 611.04 611.04 611.04 1193.04 1193.04 1193.04 1193.04 2059.04 2059.04 2059.04 2059.04 2059.04 1521.04 1521.04 1521.04 557.04 557.04 557.04 557.04 557.04 557.03 557.03 0.02 1241.04 1241.04 1241.04 1241.04 1317.04 1317.04 1317.03 1317.03 1317.04 1317.03 1317.03 1317.03 1317.03 1770.03 462.04 462.04 462.04 462.04 462.04 462.04
599.04 599.04 599.04 599.04 1697.04 1697.04 1882.04 1572.1 1572.1 1572.1 1572.1 1572.1 1572.1 1572.1 398.1 398.1 398.1 398.1 398.1 398.1 398.1 1563.1 1563.1 1563.1 1563.04 1563.1 611.04 611.04 611.04 1193.04 1193.04 1193.04 1193.04 1193.04 2059.04 2059.04 2059.04 2059.04 2059.04 1521.04 1521.04 1521.04 1521.04 1521.04 557.04 557.04 557.04 557.04 557.04 1241.04 1241.04 1241.04 1241.04 1241.04 1241.04 1317.04 1317.04 1317.04 1317.04 1317.04 1317.04 1317.03 0.02 1317.03 1770.03 1770.03 0.02 462.04 462.04 462.04 462.04
599.1 599.04 599.04 1697.04 1697.04 1697.04 1697.04 1572.1 1572.1 1572.1 1572.1 1572.1 1572.1 1572.1 398.1 398.1 398.1 398.1 398.1 398.1 398.1 1563.1 1563.1 1563.1 1563.1 1563.1 1563.1 611.04 1193.04 1193.04 1193.04 1193.04 1193.04 259.04 259.04 2059.04 2059.04 2059.04 2059.04 1521.04 0.05 1521.04 1521.04 1521.04 557.04 557.04 557.04 557.04 1241.04 1241.04 1241.04 1241.04 1241.04 1241.04 1241.04 1155.04 1317.04 1317.04 1317.03 1317.04 1317.04 1317.04 0.02 1317.04 1770.04 0.05 0.05 462.03 462.04 0.05 462.04
599.1 599.1 1697.04 1697.04 1697.04 1697.04 1697.1 1697.1 1572.1 1572.1 1572.1 1572.1 1572.1 1572.1 398.1 398.1 398.1 398.1 398.1 398.1 398.1 1563.1 1563.1 1563.1 1563.1 1563.1 871.1 871.1 1193.1 1193.04 1193.04 1193.03 259.04 259.04 259.04 1809.04 2059.04 2059.04 2059.04 1521.04 0.05 1521.04 1521.04 1521.04 1521.04 557.04 557.1 1241.1 1241.1 1241.1 1241.04 1241.04 1241.04 1241.04 1155.04 1155.04 1317.04 1317.04 0.02 1317.04 1317.04 1317.04 1317.04 1317.04 1770.04 1770.04 1770.03 462.04 462.04 462.04 1353.04
599.1 1697.1 1697.1 1697.1 1697.1 1697.1 1697.1 1697.1 2145.1 1693.1 1693.1 1693.1 1693.1 1693.1 398.1 398.1 398.1 398.1 398.1 398.1 398.1 1563.1 1563.1 1563.1 1563.1 871.1 871.1 871.1 871.1 1193.1 259.1 259.1 259.1 259.1 259.04 1809.04 1809.04 1809.04 2059.04 1521.04 1521.04 0.05 1521.04 1521.1 1521.1 1241.1 1241.1 1241.1 1241.1 1241.1 1241.1 1241.1 1241.04 1155.04 1155.04 1155.04 1155.04 1317.04 0.05 1317.04 1317.04 1317.04 1317.04 1770.04 1770.04 1770.04 1770.04 1770.04 462.04 462.04 1353.04
2138.1 2138.1 1697.1 1697.1 1697.1 1697.1 1697.1 2145.1 2145.1 1693.1 1693.1 1693.1 1693.1 1693.1 1693.1 1363.1 1363.1 1363.1 1363.1 1363.1 1363.1 1563.1 0.1 0.1 1912.1 871.1 871.1 871.1 871.1 871.1 259.1 259.1 259.1 259.1 259.1 1809.1 1809.1 0.05 1809.1 1521.1 1521.1 1521.1 1521.1 1521.1 1521.1 1241.1 1241.1 1241.1 1533.1 1533.1 1533.1 1533.1 1155.04 1155.04 1155.04 1155.04 1155.04 1317.04 0.05 0.05 0.05 1317.04 1821.04 1821.03 1821.04 1770.04 1770.03 1770.03 462.03 462.03 1353.04
2138.1 2138.1 2138.1 1697.1 1697.1 1697.1 1261.1 1261.1 2145.1 2145.1 1693.1 1693.1 1693.1 1693.1 1693.1 1363.1 1363.1 1363.1 1363.1 1363.1 1363.1 2299.1 0.1 0.1 0.1 1912.1 871.1 871.1 2304.1 2304.1 2304.1 259.1 259.1 259.1 259.1 1809.1 1809.1 1809.1 1809.1 1251.1 1251.1 1251.1 1251.1 1251.1 1251.1 1533.1 1533.1 1533.1 1533.1 1533.1 1533.1 1533.1 1155.1 1155.04 1155.04 1155.04 1155.04 1155.04 1317.04 1317.04 1821.04 0.05 0.05 1821.04 1821.04 1821.04 1821.04 1770.03 1770.03 462.03 416.03
2138.1 2138.1 2138.1 1697.1 1697.1 1261.1 1261.1 1261.1 2145.1 2145.1 1693.1 1693.1 1693.1 1693.1 1363.1 1363.1 1363.1 1363.1 1363.1 1363.1 2299.1 2299.1 0.1 0.1 0.1 1912.1 1912.1 1977.1 2304.1 2304.1 2304.1 2244.1 2244.1 2244.1 2244.1 1809.1 1809.1 1809.1 1251.1 1251.1 1251.1 1251.1 1251.1 1251.1 1251.1 1251.1 1533.1 1533.1 1533.1 1533.1 1533.1 1155.1 1155.1 1155.1 1155.04 1155.04 1155.04 1155.04 1317.04 1821.04 1821.04 0.05 0.05 1821.03 1821.04 1821.04 1821.04 1821.04 1770.04 416.03 416.04
2138.1 2138.1 1083.1 1083.1 1083.1 1261.1 1261.1 1261.1 1261.1 2145.1 2145.1 1693.1 1693.1 1693.1 1363.1 1363.1 1363.1 1363.1 1363.1 1363.1 2299.1 2299.1 2299.1 0.1 0.1 1912.1 1977.1 1977.1 2304.1 2304.1 2304.1 2244.1 2244.1 2244.1 2244.1 2244.1 2131.1 2131.1 2131.1 1251.1 1251.1 1251.1 1251.1 1251.1 1251.1 1251.1 1533.1 1533.1 1533.1 1533.1 1533.1 1155.1 1155.1 1155.1 1155.1 1155.04 1155.04 1155.04 414.04 1821.04 1821.04 0.05 0.05 0.05 1821.04 1821.04 1821.04 1821.04 1558.04 416.04 416.04
2138.1 1083.1 1083.1 1083.1 1083.1 1083.1 1261.1 1261.1 1261.1 1261.1 2145.1 1693.1 1693.1 1693.1 1363.1 1363.1 1363.1 1363.1 1363.1 1363.1 2299.1 2299.1 2299.1 2299.1 0.1 1977.1 1977.1 1977.1 2304.1 2304.1 2304.1 2244.1 2244.1 2244.1 2244.1 2131.1 2131.1 2131.1 2131.1 1251.1 1251.1 1251.1 1251.1 1251.1 1251.1 323.1 323.1 323.1 1533.1 1533.1 1155.1 1155.1 1155.1 1155.1 1155.1 1155.04 1155.04 1155.04 414.04 414.04 414.04 414.04 0.05 0.05 414.04 414.04 414.04 414.04 1558.04 1558.04 416.04
1083.1 1083.1 1083.1 1083.1 1083.1 1083.1 1261.1 1261.1 1261.1 1903.1 1903.1 1903.1 444.1 444.1 444.1 1363.1 1363.1 1363.1 1363.1 2299.1 2299.1 2299.1 761.1 761.1 761.1 206.1 1977.1 1977.1 2304.1 2304.1 2304.1 2244.1 2244.1 1019.1 1019.1 2131.1 2131.1 2131.1 2131.1 2131.1 1251.1 1251.1 1251.1 1251.1 323.1 323.1 323.1 323.1 323.1 840.1 840.1 840.1 840.1 840.1 840.1 840.04 0.05 840.04 414.04 414.04 414.04 0.05 414.04 414.04 414.04 414.04 414.04 1558.04 1558.04 1558.04 1558.04
1083.1 1083.1 1083.1 1083.1 1083.1 510.1 510.1 1903.1 1903.1 1903.1 1903.1 1903.1 444.1 444.1 444.1 693.1 693.1 2330.1 2330.1 2299.1 761.1 761.1 761.1 761.1 206.1 206.1 206.1 206.1 940.1 940.1 940.1 1019.1 1019.1 1019.1 1019.1 1019.1 616.1 2131.1 2131.1 2131.1 1251.1 1251.1 1251.1 323.1 323.1 323.1 323.1 323.1 323.1 840.1 840.1 840.1 840.1 840.1 840.1 840.04 0.05 840.04 414.04 414.04 0.02 0.05 414.04 414.04 414.04 414.04 414.04 1558.04 1558.04 1558.04 1558.04
258.1 1083.1 1083.1 1083.1 1083.1 510.1 510.1 510.1 1903.1 1903.1 1903.1 1903.1 444.1 444.1 444.1 693.1 693.1 2330.1 2330.1 2330.1 761.1 761.1 761.1 761.1 206.1 206.1 206.1 206.1 940.1 940.1 940.1 940.1 1019.1 1019.1 1019.1 1019.1 616.1 616.1 616.1 616.1 616.1 1251.1 323.1 323.1 323.1 323.1 323.1 323.1 323.1 840.1 840.1 840.1 840.1 840.1 840.04 840.04 840.04 840.04 840.04 414.04 414.04 414.04 414.04 414.04 414.04 414.04 414.04 1558.04 0.02 1558.04 1558.04
258.1 258.1 1083.1 1083.1 510.1 510.1 510.1 510.1 1903.1 1903.1 1903.1 444.1 444.1 444.1 444.1 693.1 693.1 2330.1 2330.1 2330.1 2330.1 761.1 761.1 206.1 206.1 206.1 206.1 206.1 940.1 940.1 940.1 940.1 1019.1 1019.1 1019.1 1019.1 616.1 616.1 616.1 616.1 616.1 616.1 323.1 323.1 323.1 323.1 323.1 323.1 323.1 840.1 840.1 840.1 840.1 840.1 840.04 840.04 840.04 840.04 2199.04 414.04 414.04 0.02 414.03 414.03 414.03 414.03 0.11 0.11 0.11 1558.04 1558.04
258.1 258.1 258.1 510.1 510.1 510.1 510.1 510.1 510.1 1903.1 1903.1 444.1 444.1 444.1 444.1 693.1 693.1 2330.1 2330.1 2330.1 2330.1 761.1 761.1 206.1 206.1 206.1 206.1 206.1 940.1 940.1 1901.1 1901.1 423.1 423.1 423.1 423.1 616.1 616.1 616.1 616.1 2197.1 2197.1 323.1 323.1 323.1 323.1 323.1 323.1 323.1 840.1 840.1 840.1 840.1 840.1 840.04 840.04 2199.04 2199.04 2199.04 2199.04 414.04 414.04 414.04 1319.03 1319.03 1319.03 0.11 0.11 0.11 1558.04 1558.04
258.1 258.1 258.1 510.1 510.1 510.1 510.1 510.1 510.1 1903.1 1903.1 444.1 444.1 444.1 444.1 693.1 1502.1 2330.1 2330.1 2330.1 2330.1 2330.1 206.1 206.1 206.1 206.1 51.1 51.1 1188.1 1188.1 1901.1 1901.1 423.1 423.1 423.1 423.1 2197.1 2197.1 2197.1 2197.1 2197.1 2197.1 323.1 323.1 323.1 323.1 323.1 323.1 323.1 840.1 840.1 840.1 840.1 840.1 2199.04 2199.04 2199.04 2199.04 2199.04 2199.04 2119.04 1319.04 1319.04 1319.04 0.02 1319.04 1319.04 1319.04 0.02 1319.04 1558.04
