InputFiles/GridInputs/LU&ParcGridSob50.asc
ncols         71
nrows         102
xllcorner     -1684940.3713166039
yllcorner     3170668.0308883013
dx            50.10801779295147
dy            50.43552755008397
[rows 0 to 44 of 102, columns 0 to 70 of 71]
0.0 0.0 0.0 0.0 0.0 0.0 0.0 0.0 0.0 0.0 0.0 0.0 0.0 0.0 0.0 436.04 436.04 225.03 225.03 0.0 0.0 0.0 0.0 0.0 0.0 0.0 0.0 0.0 0.0 0.0 0.0 0.0 0.0 0.0 0.0 0.0 0.0 0.0 0.0 0.0 0.0 0.0 0.0 0.0 0.0 0.0 0.0 0.0 0.0 0.0 0.0 0.0 0.0 0.0 0.0 0.0 0.0 0.0 0.0 0.0 0.0 0.0 0.0 0.0 0.0 0.0 0.0 0.0 0.0 0.0 0.0
0.0 0.0 0.0 0.0 0.0 0.0 0.0 0.0 0.0 0.0 0.0 0.0 415.04 415.04 415.04 436.03 436.03 225.03 225.03 0.0 0.0 0.0 0.0 0.0 0.0 0.0 0.0 0.0 0.0 0.0 0.0 0.0 0.0 0.0 0.0 0.0 0.0 0.0 0.0 0.0 0.0 0.0 0.0 0.0 0.0 0.0 0.0 0.0 0.0 0.0 0.0 0.0 0.0 0.0 0.0 0.0 0.0 0.0 0.0 0.0 0.0 0.0 0.0 0.0 0.0 0.0 0.0 0.0 0.0 0.0 0.0
0.0 0.0 0.0 0.0 0.0 0.0 0.0 0.0 0.0 0.0 0.0 415.04 415.04 415.04 415.04 436.04 436.04 225.04 340.04 0.0 0.0 0.0 0.0 0.0 0.0 0.0 0.0 0.0 0.0 0.0 0.0 0.0 0.0 0.0 0.0 0.0 0.0 0.0 0.0 0.0 0.0 0.0 0.0 0.0 0.0 0.0 0.0 0.0 0.0 0.0 0.0 0.0 0.0 0.0 0.0 0.0 0.0 0.0 0.0 0.0 0.0 0.0 0.0 0.0 0.0 0.0 0.0 0.0 0.0 0.0 0.0
0.0 0.0 0.0 0.0 0.0 0.0 0.0 0.0 0.0 0.0 0.0 495.03 495.04 415.04 506.04 506.04 272.04 272.04 340.03 249.04 355.04 0.0 0.0 0.0 0.0 0.0 0.0 0.0 0.0 0.0 0.0 0.0 0.0 0.0 0.0 0.0 0.0 0.0 0.0 0.0 0.0 0.0 0.0 0.0 0.0 0.0 0.0 0.0 0.0 0.0 0.0 0.0 0.0 0.0 0.0 0.0 0.0 0.0 0.0 0.0 0.0 0.0 0.0 0.0 0.0 0.0 0.0 0.0 0.0 0.0 0.0
0.0 0.0 0.0 0.0 0.0 0.0 0.0 0.0 0.0 0.0 0.0 495.04 495.04 495.04 506.04 506.04 272.04 328.03 328.04 355.04 355.04 467.04 467.04 0.0 0.0 0.0 0.0 0.0 0.0 0.0 0.0 0.0 0.0 0.0 0.0 0.0 0.0 0.0 0.0 0.0 0.0 0.0 0.0 0.0 0.0 0.0 0.0 0.0 0.0 0.0 0.0 0.0 0.0 0.0 0.0 0.0 0.0 0.0 0.0 0.0 0.0 0.0 0.0 0.0 0.0 0.0 0.0 0.0 0.0 0.0 0.0
0.0 0.0 0.0 0.0 0.0 0.0 0.0 0.0 0.0 0.0 495.04 495.04 495.04 495.04 495.04 506.04 94.03 328.03 328.03 509.04 467.04 467.04 467.04 467.04 556.04 0.0 522.04 522.04 522.03 522.04 522.04 522.04 0.0 0.0 0.0 0.0 0.0 0.0 0.0 0.0 0.0 0.0 0.0 0.0 0.0 0.0 0.0 0.0 0.0 0.0 0.0 0.0 0.0 0.0 0.0 0.0 0.0 0.0 0.0 0.0 0.0 0.0 0.0 0.0 0.0 0.0 0.0 0.0 0.0 0.0 0.0
0.0 0.0 0.0 0.0 0.0 0.0 0.0 0.0 0.0 0.0 424.04 495.04 495.04 495.04 197.03 94.04 94.03 420.03 420.03 509.03 509.04 467.04 467.04 556.04 556.04 556.04 522.04 522.04 522.03 522.03 522.04 0.05 520.03 520.04 0.0 0.0 0.0 0.0 0.0 0.0 0.0 0.0 0.0 0.0 0.0 0.0 0.0 0.0 0.0 0.0 0.0 0.0 0.0 0.0 0.0 0.0 0.0 0.0 0.0 0.0 0.0 0.0 0.0 0.0 0.0 0.0 0.0 0.0 0.0 0.0 0.0
0.0 0.0 0.0 0.0 0.0 0.0 0.0 0.0 0.0 0.0 424.04 289.04 289.04 197.04 197.04 197.03 94.03 184.03 545.03 461.04 498.04 311.03 556.03 556.04 556.03 556.04 556.03 47.03 522.03 522.03 522.03 522.04 520.04 520.04 0.0 0.0 0.0 0.0 0.0 0.0 0.0 0.0 0.0 0.0 0.0 0.0 0.0 0.0 0.0 0.0 0.0 0.0 0.0 0.0 0.0 0.0 0.0 0.0 0.0 0.0 0.0 0.0 0.0 0.0 0.0 0.0 0.0 0.0 0.0 0.0 0.0
0.0 0.0 0.0 0.0 0.0 0.0 0.0 0.0 0.0 0.0 424.04 289.04 289.04 685.04 685.04 409.04 409.04 182.04 545.04 288.03 498.04 311.04 556.04 556.04 556.04 29.04 29.03 47.03 47.03 47.03 47.03 454.03 454.03 520.04 520.04 0.0 0.0 0.0 0.0 0.0 0.0 0.0 0.0 0.0 0.0 0.0 0.0 0.0 0.0 0.0 0.0 0.0 0.0 0.0 0.0 0.0 0.0 0.0 0.0 0.0 0.0 0.0 0.0 0.0 0.0 0.0 0.0 0.0 0.0 0.0 0.0
0.0 0.0 0.0 0.0 0.0 0.0 0.0 0.0 0.0 0.0 410.04 410.04 242.04 685.04 685.04 542.03 279.04 279.04 182.04 288.04 288.04 16.04 435.04 435.04 500.04 29.04 402.03 47.03 47.03 47.03 60.03 454.03 454.03 454.04 551.04 551.04 0.0 0.0 0.0 0.0 0.0 0.0 0.0 0.0 0.0 0.0 0.0 0.0 0.0 0.0 0.0 0.0 0.0 0.0 0.0 0.0 0.0 0.0 0.0 0.0 0.0 0.0 0.0 0.0 0.0 0.0 0.0 0.0 0.0 0.0 0.0
0.0 0.0 0.0 0.0 0.0 0.0 0.0 0.0 0.0 0.0 482.04 387.04 242.04 242.04 389.04 389.04 279.04 171.04 171.04 171.04 37.04 715.04 80.04 500.04 29.04 402.04 402.03 47.03 47.03 60.03 60.04 454.04 454.03 454.04 551.04 551.03 327.03 327.03 0.0 0.0 0.0 0.0 0.0 0.0 0.0 0.0 0.0 0.0 0.0 0.0 0.0 0.0 0.0 0.0 0.0 0.0 0.0 0.0 0.0 0.0 0.0 0.0 0.0 0.0 0.0 0.0 0.0 0.0 0.0 0.0 0.0
0.0 0.0 0.0 0.0 0.0 0.0 0.0 0.0 0.0 203.04 203.04 203.04 242.04 281.04 281.04 1.04 1.04 171.04 171.04 37.04 37.04 715.04 715.04 500.04 29.03 402.04 402.04 402.04 187.04 95.04 95.04 95.04 609.03 609.03 536.03 536.03 327.03 327.03 0.0 0.0 0.0 0.0 0.0 0.0 0.0 0.0 0.0 0.0 0.0 0.0 0.0 0.0 0.0 0.0 0.0 0.0 0.0 0.0 0.0 0.0 0.0 0.0 0.0 0.0 0.0 0.0 0.0 0.0 0.0 0.0 0.0
0.0 0.0 0.0 0.0 0.0 0.0 0.0 0.0 674.04 203.04 203.04 203.04 757.04 757.04 281.04 281.04 428.04 428.04 671.04 37.04 37.04 228.04 237.04 237.03 204.03 204.04 204.04 187.04 187.04 95.04 102.04 102.04 609.03 609.03 536.03 327.03 327.04 327.03 20.03 0.0 0.0 0.0 0.0 0.0 0.0 0.0 0.0 0.0 0.0 0.0 0.0 0.0 0.0 0.0 0.0 0.0 0.0 0.0 0.0 0.0 0.0 0.0 0.0 0.0 0.0 0.0 0.0 0.0 0.0 0.0 0.0
0.0 0.0 0.0 0.0 0.0 0.0 0.0 0.02 674.04 471.04 471.04 145.04 145.04 757.04 757.04 428.04 428.04 428.04 671.04 734.04 228.04 228.04 237.04 237.03 722.03 722.04 505.04 187.04 187.04 489.04 102.04 102.04 609.04 68.04 68.03 314.03 20.04 20.04 20.04 2.04 0.0 0.0 0.0 0.0 0.0 0.0 0.0 0.0 0.0 0.0 0.0 0.0 0.0 0.0 0.0 0.0 0.0 0.0 0.0 0.0 0.0 0.0 0.0 0.0 0.0 0.0 0.0 0.0 0.0 0.0 0.0
0.0 0.0 0.0 0.0 0.0 0.0 0.0 0.02 674.04 674.04 380.04 0.05 655.04 73.04 73.04 106.04 616.04 0.05 0.05 148.04 469.04 469.04 237.04 320.03 320.04 261.04 261.04 90.04 90.04 489.04 489.04 151.04 108.04 699.04 699.03 314.03 20.04 20.04 64.04 2.04 0.02 0.0 0.0 0.0 0.0 0.0 0.0 0.0 0.0 0.0 0.0 0.0 0.0 0.0 0.0 0.0 0.0 0.0 0.0 0.0 0.0 0.0 0.0 0.0 0.0 0.0 0.0 0.0 0.0 0.0 0.0
0.0 0.0 0.0 0.0 0.0 0.0 0.0 0.0 674.04 674.04 380.04 655.04 655.04 655.04 104.04 104.04 616.04 616.03 0.05 148.03 469.04 469.04 595.04 320.04 320.04 36.04 36.04 90.04 90.04 200.04 200.04 151.04 151.03 688.03 688.03 665.03 665.04 64.04 64.04 2.04 2.03 707.04 707.04 701.03 701.03 178.03 178.03 178.03 178.03 0.0 0.0 0.0 0.0 0.0 0.0 0.0 0.0 0.0 0.0 0.0 0.0 0.0 0.0 0.0 0.0 0.0 0.0 0.0 0.0 0.0 0.0
0.0 0.0 0.0 0.0 0.0 0.0 0.0 0.0 600.04 600.04 600.04 72.04 485.04 485.04 104.04 104.04 251.03 538.03 538.04 350.03 98.03 617.03 595.04 492.04 764.04 764.04 296.04 296.04 90.03 200.04 200.04 287.04 287.04 82.04 688.04 665.04 665.04 64.04 64.04 2.04 2.04 707.04 707.04 701.03 701.03 178.03 178.03 178.03 178.03 0.0 0.0 0.0 0.0 0.0 0.0 0.0 0.0 0.0 0.0 0.0 0.0 0.0 0.0 0.0 0.0 0.0 0.0 0.0 0.0 0.0 0.0
0.0 0.0 0.0 0.0 0.0 0.0 87.04 87.04 600.04 600.04 600.04 72.04 72.04 485.04 577.04 251.03 251.03 538.03 538.04 416.04 382.04 617.03 595.04 492.04 537.04 125.04 213.03 296.03 137.03 137.03 115.04 115.04 115.04 676.04 676.04 433.04 223.04 223.04 761.04 43.04 464.04 464.04 0.05 200.03 143.03 143.04 178.04 178.04 590.04 590.04 0.0 0.0 0.0 0.0 0.0 0.0 0.0 0.0 0.0 0.0 0.0 0.0 0.0 0.0 0.0 0.0 0.0 0.0 0.0 0.0 0.0
0.0 0.0 0.0 0.0 0.0 0.05 87.04 87.04 193.04 193.04 405.04 72.04 72.04 577.04 577.04 27.03 576.03 244.03 363.03 363.04 416.04 0.05 492.04 373.04 537.04 125.04 125.04 709.04 137.04 137.04 578.04 578.04 578.03 676.03 26.04 433.04 215.04 215.03 43.03 43.03 364.04 364.04 0.05 241.04 143.04 143.04 51.03 590.04 590.04 590.04 310.04 0.0 0.0 0.0 0.0 0.0 0.0 0.0 0.0 0.0 0.0 0.0 0.0 0.0 0.0 0.0 0.0 0.0 0.0 0.0 0.0
0.0 0.0 0.0 0.0 92.04 92.04 92.04 87.04 193.04 193.04 405.04 405.04 361.04 361.04 27.04 27.04 298.04 244.04 244.04 244.04 444.04 444.04 444.04 373.04 373.04 96.04 96.03 164.04 579.04 641.04 578.04 578.04 578.03 24.03 26.03 26.03 433.03 215.03 341.03 341.04 194.03 393.04 241.04 358.04 143.03 143.04 51.03 582.03 582.04 310.04 310.04 0.05 0.0 0.0 0.0 0.0 0.0 0.0 0.0 0.0 0.0 0.0 0.0 0.0 0.0 0.0 0.0 0.0 0.0 0.0 0.0
0.0 0.0 0.0 478.04 478.04 92.04 752.04 752.04 193.04 561.04 561.04 561.04 264.04 264.04 462.04 298.04 298.04 298.04 466.04 466.04 466.04 444.03 444.03 254.04 373.03 96.03 285.04 285.04 641.04 641.04 641.04 157.04 207.03 207.03 624.03 267.03 267.04 507.04 501.04 501.03 393.03 393.03 0.05 711.04 321.04 321.03 51.04 582.04 582.04 152.04 310.04 294.04 294.04 0.0 0.0 0.0 0.0 0.0 0.0 0.0 0.0 0.0 0.0 0.0 0.0 0.0 0.0 0.0 0.0 0.0 0.0
0.0 0.0 596.04 478.04 478.04 146.04 752.04 728.04 728.04 561.04 561.04 561.04 462.04 462.04 462.04 9.04 9.04 298.04 466.04 564.04 564.04 622.03 163.03 254.04 219.03 219.03 456.04 528.04 0.05 641.04 157.04 157.03 157.03 207.03 624.03 267.04 267.04 507.04 507.03 65.03 99.03 99.03 711.04 711.04 628.04 458.03 737.04 737.04 430.04 152.04 294.04 294.04 294.04 294.04 0.0 0.0 0.0 0.0 0.0 0.0 0.0 0.0 0.0 0.0 0.0 0.0 0.0 0.0 0.0 0.0 0.0
0.0 0.0 596.04 596.04 146.03 146.04 357.04 728.03 728.04 100.04 100.04 260.04 196.04 196.04 9.04 9.04 0.05 543.04 661.04 564.03 564.03 40.03 163.04 163.04 515.03 219.03 456.04 528.04 528.04 126.04 126.03 157.04 236.03 236.03 214.03 214.04 422.03 507.04 507.04 65.03 99.03 99.03 99.04 628.03 628.04 458.03 737.03 737.04 21.04 152.04 46.04 294.04 294.03 473.04 473.04 522.04 0.0 0.0 0.0 0.0 0.0 0.0 0.0 0.0 0.0 0.0 0.0 0.0 0.0 0.0 0.0
0.0 596.04 596.04 596.04 451.04 0.05 357.04 357.04 100.04 100.04 100.04 649.04 260.04 762.04 762.04 543.04 543.04 543.04 661.04 661.04 0.01 40.03 40.03 526.04 515.04 142.04 396.04 396.04 126.03 0.05 0.05 157.04 236.04 236.03 0.02 422.04 422.04 0.05 65.03 65.03 331.03 331.04 331.03 628.04 66.04 66.04 240.04 240.04 21.03 222.04 222.04 46.04 473.04 473.04 522.04 522.04 741.04 741.04 741.04 741.04 0.0 0.0 0.0 0.0 0.0 0.0 0.0 0.0 0.0 0.0 0.0
0.0 0.05 596.04 451.04 451.04 23.04 23.03 357.04 100.04 100.04 100.04 649.04 649.04 762.04 762.03 543.03 543.04 543.03 117.03 201.04 0.01 414.04 526.03 526.03 526.04 396.04 396.04 396.04 126.04 126.04 362.04 362.04 236.04 165.04 165.03 0.02 147.04 147.04 304.04 479.03 479.03 479.03 331.03 66.03 66.03 66.04 85.04 240.04 113.04 222.04 222.04 372.04 349.04 349.04 307.04 307.04 307.04 741.04 741.04 741.04 0.0 0.0 0.0 0.0 0.0 0.0 0.0 0.0 0.0 0.0 0.0
0.0 605.04 605.04 385.04 385.04 632.04 620.04 620.04 620.04 359.04 359.04 678.04 221.04 286.03 286.03 0.02 81.04 81.04 117.04 447.03 447.03 414.04 747.03 526.03 515.03 396.04 396.04 503.03 503.04 0.02 362.04 362.04 93.04 165.04 0.02 147.03 147.03 304.04 304.04 479.03 479.03 0.01 754.03 754.03 305.03 544.04 85.04 85.04 113.04 372.04 372.04 372.04 349.04 349.04 349.04 119.04 119.04 741.04 741.04 0.0 0.0 0.0 0.0 0.0 0.0 0.0 0.0 0.0 0.0 0.0 0.0
0.0 605.04 605.04 385.04 632.04 632.04 620.04 620.04 404.04 359.04 18.04 678.04 547.04 286.03 186.03 0.05 79.04 438.04 570.04 732.04 732.04 345.03 747.03 747.03 515.04 515.04 733.04 503.03 503.03 584.04 322.04 693.04 93.04 93.04 743.04 743.04 0.05 511.04 304.03 7.03 754.03 754.03 0.01 0.01 305.03 544.04 544.03 85.04 138.04 372.04 372.04 372.04 173.04 291.04 408.04 119.04 0.02 323.04 323.04 621.04 621.04 0.0 0.0 0.0 0.0 0.0 0.0 0.0 0.0 0.0 0.0
675.04 675.04 35.04 424.04 28.04 28.04 710.04 404.04 404.04 529.04 290.04 547.04 547.04 186.04 186.03 0.02 0.05 570.04 570.04 732.04 732.04 345.04 167.04 747.04 515.04 515.04 733.04 733.04 584.03 584.04 322.04 58.04 93.04 743.04 743.04 743.04 53.04 760.04 7.04 7.04 754.03 754.03 754.03 305.03 305.03 544.03 544.03 544.04 138.04 138.04 138.04 173.04 173.04 291.03 291.04 166.04 323.04 323.04 323.04 0.05 621.04 621.03 0.0 0.0 0.0 0.0 0.0 0.0 0.0 0.0 0.0
675.04 675.04 606.04 606.04 606.04 710.04 710.04 0.05 529.04 529.04 412.04 412.04 0.05 759.04 186.03 439.04 439.04 652.04 570.04 587.04 0.05 167.04 167.04 167.04 109.04 109.04 284.04 70.03 309.04 309.04 58.04 58.04 615.03 0.02 743.04 490.04 490.04 760.04 760.04 150.03 150.03 754.03 0.01 305.03 0.01 0.02 599.03 599.04 403.04 138.04 138.04 173.04 173.04 173.03 342.04 342.04 323.04 323.04 0.05 621.04 621.03 0.0 0.0 0.0 0.0 0.0 0.0 0.0 0.0 0.0 0.0
675.04 675.04 56.04 56.04 325.04 325.04 710.04 756.04 756.04 412.04 412.04 0.05 575.04 759.04 759.04 652.04 652.04 0.05 587.04 587.04 753.04 753.04 377.04 377.04 109.04 109.03 284.04 716.04 716.04 716.04 58.04 73.04 744.04 744.04 343.04 490.04 490.04 153.04 153.03 150.03 150.03 0.01 0.01 0.01 0.01 205.03 599.03 403.04 403.04 403.04 344.04 344.04 344.04 442.04 354.04 342.04 323.04 323.04 621.04 621.04 621.04 0.0 0.0 0.0 0.0 0.0 0.0 0.0 0.0 0.0 0.0
675.04 675.04 56.04 0.02 325.04 325.04 325.04 756.04 756.04 756.04 107.04 575.04 575.04 575.04 746.04 652.04 0.05 17.04 17.04 431.04 753.04 753.04 377.04 377.04 487.04 181.04 280.04 0.05 716.04 716.04 73.04 73.04 73.04 343.04 343.04 343.04 490.04 153.04 153.04 150.03 114.03 0.01 0.01 0.01 205.03 205.03 205.03 403.03 403.03 403.04 411.04 344.04 0.05 334.04 354.03 354.04 206.04 206.04 730.04 621.04 0.05 0.0 0.0 0.0 0.0 0.0 0.0 0.0 0.0 0.0 0.0
0.0 0.0 0.0 0.0 0.0 0.0 269.04 269.04 269.04 494.04 107.04 515.04 515.04 746.04 746.04 0.05 17.04 17.04 17.04 499.04 635.04 88.03 88.04 377.04 487.04 487.04 280.04 395.04 395.04 231.04 449.04 449.03 73.04 343.04 343.04 343.04 293.04 293.04 293.03 114.03 619.03 0.01 0.01 0.01 0.01 657.03 657.03 403.03 403.04 411.04 411.04 411.04 209.04 209.04 0.02 729.04 729.04 206.04 730.04 730.04 730.04 0.0 0.0 0.0 0.0 0.0 0.0 0.0 0.0 0.0 0.0
0.0 0.0 0.0 0.0 0.0 0.0 0.0 269.04 269.04 494.04 494.04 131.04 348.04 746.03 445.04 445.04 275.03 275.04 275.03 499.04 635.04 635.03 88.03 156.04 156.04 487.04 484.04 395.04 231.04 231.04 449.04 449.04 594.04 594.04 594.03 557.04 0.02 160.04 401.03 401.03 0.01 0.01 0.01 0.01 0.01 657.03 669.03 669.03 367.04 411.04 411.04 658.04 92.04 386.04 386.04 729.04 703.04 703.04 206.04 730.04 730.04 0.0 0.0 0.0 0.0 0.0 0.0 0.0 0.0 0.0 0.0
0.0 0.0 0.0 0.0 0.0 0.0 0.0 0.0 0.0 494.04 736.04 736.04 736.04 612.03 683.03 0.01 0.02 275.03 275.04 585.04 585.04 585.03 645.03 645.04 475.03 484.03 484.03 484.04 231.04 231.04 449.04 449.04 594.04 594.04 14.04 14.04 557.04 160.04 160.03 640.03 0.08 0.01 0.01 0.01 0.01 669.04 669.04 669.04 367.04 367.04 367.04 658.04 0.08 111.03 763.04 691.04 703.04 703.04 580.04 580.04 0.05 0.05 0.0 0.0 0.0 0.0 0.0 0.0 0.0 0.0 0.0
0.0 0.0 0.0 0.0 0.0 0.0 0.0 0.0 0.0 0.0 0.0 736.04 612.04 97.04 683.03 0.01 523.03 275.03 696.04 585.04 585.04 695.04 695.03 645.04 475.04 679.04 679.04 484.04 231.04 112.04 112.04 571.04 594.04 0.05 14.04 14.04 14.03 160.03 640.03 0.08 0.08 0.01 0.01 598.03 0.01 0.01 669.04 159.04 367.04 367.04 367.04 0.08 111.04 111.03 763.04 0.05 691.04 708.04 708.04 580.04 0.05 0.05 512.04 512.04 0.0 0.0 0.0 0.0 0.0 0.0 0.0
0.0 0.0 0.0 0.0 0.0 0.0 0.0 0.0 0.0 0.0 0.0 0.0 97.03 476.04 476.03 523.03 523.03 696.03 696.04 696.04 191.04 695.04 695.04 695.04 679.04 679.04 679.04 679.03 234.04 234.04 112.04 571.04 84.04 84.04 14.04 14.04 540.03 0.01 0.01 0.01 0.01 651.03 366.03 366.03 0.01 0.01 159.04 159.04 282.04 282.03 282.04 375.04 15.04 15.03 583.04 149.03 708.04 708.04 708.04 708.04 512.03 512.03 512.04 135.04 135.04 0.0 0.0 0.0 0.0 0.0 0.0
0.0 0.0 0.0 0.0 0.0 0.0 0.0 0.0 0.0 0.0 0.0 0.0 0.0 476.04 391.03 608.03 523.03 647.03 647.03 425.04 425.04 140.04 140.04 140.04 738.04 738.04 738.04 144.03 144.03 234.04 234.04 84.04 84.03 84.03 540.03 540.03 540.03 0.01 0.01 0.01 0.01 548.03 548.03 366.03 0.01 705.03 705.03 705.04 282.03 282.03 282.04 375.04 375.04 217.04 149.03 149.04 149.04 708.04 708.04 708.04 178.04 178.04 135.04 135.04 645.04 645.04 0.0 0.0 0.0 0.0 0.0
0.0 0.0 0.0 0.0 0.0 0.0 0.0 0.0 0.0 0.0 0.0 0.0 0.0 0.0 0.0 0.0 76.04 76.04 647.04 758.03 425.04 179.04 179.04 549.04 572.04 738.04 738.03 659.03 144.04 144.04 252.04 84.04 533.04 84.03 208.03 540.03 540.03 540.03 0.01 0.01 0.01 548.03 434.03 434.03 216.03 705.03 705.03 705.03 480.04 480.04 480.04 375.04 30.03 217.04 149.04 149.04 519.04 586.04 421.04 421.04 178.04 178.04 256.04 135.04 645.04 645.04 697.04 0.0 0.0 0.0 0.0
0.0 0.0 0.0 0.0 0.0 0.0 0.0 0.0 0.0 0.0 0.0 0.0 0.0 0.0 0.0 0.0 76.04 76.04 76.04 758.04 61.04 179.04 549.04 572.04 572.03 719.03 719.03 659.03 659.04 252.04 650.04 650.04 533.04 533.03 208.03 208.03 540.03 540.03 593.04 0.01 569.03 0.02 434.03 216.03 216.03 174.03 705.03 705.04 480.03 480.03 480.04 30.04 30.04 30.04 10.04 10.04 519.04 586.04 586.04 421.04 421.04 265.04 441.04 441.04 486.04 697.04 697.04 0.02 0.0 0.0 0.0
0.0 0.0 0.0 0.0 0.0 0.0 0.0 0.0 0.0 0.0 0.0 0.0 0.0 0.0 0.0 0.0 0.0 76.04 76.04 257.04 61.04 61.03 61.03 572.03 572.04 719.04 719.03 326.03 659.03 650.04 650.04 650.03 533.03 610.03 208.03 208.03 724.03 593.03 368.03 368.03 569.03 569.03 569.03 216.03 174.03 174.03 174.04 4.04 4.04 4.03 383.04 127.04 127.04 75.04 75.04 10.04 519.04 586.04 586.04 524.04 524.04 265.04 384.04 384.04 486.04 697.04 697.04 697.04 697.04 0.0 0.0
0.0 0.0 0.0 0.0 0.0 0.0 0.0 0.0 0.0 0.0 0.0 0.0 0.0 0.0 0.0 0.0 0.0 76.04 257.04 257.04 347.04 61.03 133.03 133.03 271.03 352.04 352.03 700.04 700.04 650.04 650.03 401.03 401.03 401.03 610.03 0.02 724.03 593.04 368.04 368.03 560.03 560.03 559.03 559.03 748.04 748.04 748.04 0.05 4.04 4.04 383.04 127.04 127.04 283.04 283.04 283.04 189.04 33.04 0.05 0.05 524.04 384.04 384.04 384.04 384.04 601.04 601.04 601.04 601.04 0.12 0.0
0.0 0.0 0.0 0.0 0.0 0.0 0.0 0.0 0.0 0.0 0.0 0.0 0.0 0.0 0.0 0.0 0.0 257.04 257.04 347.04 347.04 133.04 133.03 133.03 271.04 271.03 312.04 122.03 122.04 258.04 660.03 660.04 401.04 401.03 67.03 0.01 724.03 0.01 368.04 368.03 25.04 25.03 559.03 0.05 748.04 748.03 748.03 336.04 336.04 336.04 91.04 91.04 517.04 517.04 283.04 283.04 189.04 739.04 277.04 726.03 720.04 176.04 176.04 384.03 384.04 601.04 601.04 601.04 0.12 0.12 601.04
0.0 0.0 0.0 0.0 0.0 0.0 0.0 0.0 0.0 0.0 0.0 0.0 0.0 0.0 0.0 0.0 0.0 470.04 300.04 300.04 300.04 0.05 133.03 379.03 71.03 71.03 312.03 258.03 258.04 258.04 660.04 660.04 673.03 295.03 0.01 0.01 570.03 370.04 370.04 573.03 573.04 25.03 559.04 232.04 748.04 748.04 336.04 336.04 336.04 336.04 91.04 91.04 5.04 517.04 293.04 293.04 202.04 202.04 202.04 726.03 176.04 176.04 176.04 316.03 601.04 601.04 0.12 0.12 0.12 601.04 601.03
0.0 0.0 0.0 0.0 0.0 0.0 0.0 0.0 0.0 0.0 0.0 0.0 0.0 0.0 0.0 0.0 0.0 470.04 470.04 300.04 554.03 554.03 379.03 379.03 11.03 71.03 22.04 22.04 460.04 613.04 613.04 463.04 673.03 295.03 295.03 589.03 570.03 34.04 34.04 573.03 392.04 392.04 232.04 232.04 437.04 437.03 336.04 336.04 336.04 374.04 374.04 374.04 5.04 5.04 293.04 293.03 356.03 202.03 202.04 751.04 751.04 751.04 316.03 316.04 316.04 601.04 0.12 0.12 601.04 601.04 601.04
0.0 0.0 0.0 0.0 0.0 0.0 0.0 0.0 0.0 0.0 0.0 0.0 0.0 0.0 0.0 0.0 0.02 266.04 470.04 13.04 554.03 554.03 11.03 11.03 11.03 11.04 3.04 22.04 460.04 253.04 613.04 169.04 465.03 465.04 627.03 627.03 604.03 34.04 34.04 34.03 392.03 392.03 232.03 437.04 437.04 437.03 313.04 89.04 89.04 89.04 374.04 374.03 5.04 5.03 293.03 356.03 663.03 663.04 663.04 751.04 751.04 653.04 653.04 316.04 0.12 0.12 0.12 0.0 0.0 0.0 0.0
