InputFiles/GridInputs/LU&ParcGridSob30.asc
ncols         118
nrows         171
xllcorner     -1684940.3713166039
yllcorner     3170668.0308883013
dx            30.14973951948775
dy            30.084349766716752
[rows 38 to 75 of 171, columns 0 to 83 of 118]
0.0 0.0 0.0 296.04 296.04 296.04 296.04 652.04 652.04 359.04 359.04 359.04 91.03 91.04 91.04 0.05 659.04 659.04 352.04 25.04 25.04 239.04 239.04 239.03 212.03 212.04 791.04 0.05 791.04 791.04 397.04 397.04 397.04 288.03 648.03 648.03 0.05 648.04 648.04 310.04 310.03 310.04 310.04 749.04 749.04 607.04 305.03 790.04 790.04 790.04 790.03 253.04 253.04 779.04 779.04 779.03 522.03 522.04 522.04 777.04 777.03 0.05 451.04 451.03 200.04 200.03 200.03 440.03 440.03 440.04 378.04 68.03 68.04 68.04 68.04 759.04 759.04 657.04 87.04 308.04 308.03 308.04 375.04 375.04
0.0 0.0 0.0 296.04 296.04 296.04 60.04 60.04 0.05 0.05 359.04 359.03 359.04 91.04 659.04 659.04 659.04 659.04 352.04 352.04 25.04 25.04 793.04 793.04 793.04 791.04 791.04 791.04 791.04 791.04 397.04 397.04 0.01 0.01 0.01 134.03 0.05 648.03 322.03 322.04 310.03 310.04 749.04 749.04 607.04 607.04 790.03 790.03 0.05 0.05 0.05 790.04 779.04 779.04 779.04 779.04 522.03 0.02 777.04 777.04 777.04 0.05 0.05 200.04 200.03 200.03 440.03 440.03 440.04 440.04 440.03 440.03 68.04 68.04 759.04 759.04 759.04 657.04 657.04 308.03 308.03 727.04 727.04 727.04
0.0 0.0 296.04 296.04 296.04 60.04 60.04 0.05 0.05 81.04 81.03 359.03 359.04 659.04 659.04 659.04 659.04 659.04 352.04 352.04 352.04 793.04 793.04 793.04 793.03 793.03 0.02 0.05 791.04 791.03 547.04 547.04 43.04 0.01 0.01 134.04 533.03 322.03 322.03 322.04 322.04 749.04 749.04 607.04 607.04 607.04 607.04 790.03 790.04 0.05 790.04 425.04 425.04 779.04 779.04 619.04 619.03 619.03 0.02 0.02 777.04 286.04 0.05 615.04 301.03 301.03 301.03 0.02 0.02 440.03 440.03 440.03 759.03 759.03 759.04 759.04 759.04 657.03 657.03 0.02 17.04 17.04 727.04 727.04
0.0 0.0 0.05 0.05 60.04 60.04 60.04 60.04 81.04 81.04 81.04 81.04 283.04 659.04 659.04 659.04 659.04 252.04 352.04 352.04 19.04 769.04 769.04 793.03 793.03 30.03 30.03 30.04 30.03 547.03 547.03 547.04 617.03 43.03 134.03 533.04 533.04 322.03 322.03 322.03 322.04 749.04 607.04 607.04 0.02 0.05 607.04 790.04 790.04 425.04 425.04 0.05 425.04 425.04 765.04 619.04 619.04 619.03 0.02 0.05 0.02 286.04 615.04 615.04 615.03 301.03 301.03 301.03 301.03 301.03 596.03 596.03 759.03 759.03 759.03 759.04 759.04 446.04 446.04 17.04 17.04 17.04 727.04 740.04
0.0 0.0 699.04 0.05 276.04 276.04 276.04 276.04 632.04 81.04 81.04 283.04 283.04 283.04 252.04 252.04 252.04 252.04 456.04 456.04 19.04 19.04 676.03 676.03 676.03 30.03 30.04 30.04 30.04 30.04 547.04 617.04 617.03 617.03 533.03 533.04 533.04 322.03 322.03 322.03 322.03 0.02 607.04 607.04 607.03 167.03 167.03 167.04 187.04 425.04 425.04 425.03 425.03 765.04 765.04 619.04 619.04 619.03 619.03 286.03 286.03 286.04 615.04 615.04 615.04 301.03 301.03 301.03 0.01 0.01 596.03 596.03 376.03 376.03 759.03 759.04 446.04 446.04 446.04 446.04 17.04 17.04 740.04 740.04
0.0 699.04 699.04 0.05 699.04 276.04 276.04 632.04 632.04 632.03 283.04 283.04 283.04 283.04 252.04 252.04 252.04 252.04 456.04 456.04 456.04 676.04 676.04 676.03 0.02 0.02 0.05 30.04 30.04 30.04 784.04 617.04 617.03 732.03 732.03 13.03 211.03 211.03 211.03 211.03 385.03 385.04 385.04 49.04 49.03 167.03 167.03 167.03 0.02 0.02 265.04 265.04 265.04 0.02 765.04 765.04 619.04 0.02 619.04 286.03 286.03 0.02 615.04 615.04 615.03 615.03 301.03 301.03 0.01 0.01 596.03 596.03 376.03 376.03 376.03 433.04 433.04 446.03 446.03 446.04 17.04 740.04 740.04 740.04
0.0 0.02 699.04 699.04 699.04 0.05 0.05 632.04 0.05 0.02 283.04 283.04 283.04 127.04 127.04 252.04 635.04 635.04 635.04 456.04 72.04 676.04 0.02 761.03 0.02 84.03 0.05 84.04 784.04 784.04 784.04 0.02 732.04 732.04 732.04 13.03 211.03 211.03 0.02 211.04 385.04 0.02 385.04 49.04 49.04 167.04 167.03 167.03 187.04 187.04 307.04 265.04 765.04 765.04 765.04 0.02 556.04 556.04 556.04 0.05 0.05 403.04 403.04 615.04 323.03 323.03 323.03 596.03 0.02 596.03 0.01 0.01 0.02 376.03 376.03 0.01 433.03 433.03 433.04 446.04 668.04 668.04 740.04 740.04
0.0 335.04 699.04 443.04 443.03 0.05 0.05 0.05 0.05 329.04 329.04 283.04 127.04 127.04 127.04 34.04 34.04 729.04 0.02 72.04 72.04 72.04 0.02 761.03 761.03 0.02 0.05 84.04 784.04 0.02 505.04 0.02 732.04 732.04 732.04 13.04 13.04 211.04 211.03 211.04 385.04 385.04 385.04 49.04 49.04 49.03 167.03 187.03 187.03 187.04 307.04 307.04 724.04 765.04 0.05 765.04 556.04 556.04 556.04 563.04 563.04 403.04 403.04 323.04 0.02 0.02 323.03 596.03 596.03 596.03 0.01 0.01 0.02 376.03 376.03 433.03 433.03 433.04 433.04 668.04 668.04 668.04 668.04 668.04
0.0 335.04 335.04 443.04 0.05 173.04 173.04 329.04 329.04 329.04 721.04 721.04 127.04 127.04 127.04 34.04 34.04 729.04 729.04 72.04 72.04 509.04 761.04 761.03 761.03 0.02 526.04 0.05 505.04 505.04 505.04 505.04 732.04 732.04 13.04 0.05 770.04 770.04 770.04 385.04 385.04 385.04 385.04 49.04 49.04 49.04 167.04 187.04 0.02 187.04 307.04 724.04 724.04 724.04 765.04 556.04 556.04 0.02 556.04 563.04 563.04 459.04 459.04 323.04 323.04 323.04 323.03 596.03 0.05 596.03 596.03 376.03 376.03 376.03 0.01 0.01 377.04 377.03 191.03 668.04 668.04 668.04 668.04 668.04
335.04 335.04 335.04 335.04 0.05 468.04 173.04 329.04 329.04 721.04 721.04 0.05 0.05 127.04 34.04 34.04 201.04 201.04 201.04 72.04 0.05 509.04 509.04 761.03 761.03 526.03 0.05 526.04 15.04 505.04 505.04 505.04 90.04 0.05 0.05 0.05 770.04 770.04 770.04 770.04 428.04 0.02 428.04 226.04 716.04 716.03 243.03 243.04 243.04 724.04 724.04 724.04 724.04 580.04 580.03 592.03 556.04 556.04 556.04 563.04 406.04 406.04 459.04 459.04 323.03 323.03 487.03 487.03 596.03 596.03 0.01 376.03 376.03 376.03 0.01 0.02 377.03 191.03 191.03 264.04 264.04 668.04 668.04 668.04
335.04 335.04 335.04 468.04 468.04 468.04 468.04 263.04 263.04 721.04 721.04 0.05 721.04 178.04 178.04 201.04 201.04 201.04 201.04 0.05 509.04 509.04 509.04 0.02 761.03 526.04 526.04 15.04 0.05 0.02 15.04 90.04 90.04 0.02 66.04 66.04 770.04 770.04 770.04 428.04 428.04 0.02 428.04 226.04 226.04 716.03 243.04 243.04 243.04 724.04 724.04 724.04 580.04 580.04 0.02 0.02 519.04 519.04 406.04 406.04 406.04 406.04 459.04 608.04 608.03 487.03 0.02 487.03 0.01 0.01 0.01 0.01 0.01 0.01 377.03 377.03 191.03 191.04 191.04 264.04 264.04 264.04 264.04 668.04
335.04 335.04 335.04 116.04 116.04 116.04 116.04 263.04 263.04 263.04 721.04 721.04 178.04 178.04 178.04 178.04 201.04 201.04 0.05 0.05 752.04 509.04 509.04 509.04 509.04 526.04 15.04 15.04 0.05 15.03 90.04 90.04 90.04 428.04 66.04 66.04 66.04 89.04 89.04 89.04 428.04 428.03 428.03 369.03 226.04 58.04 58.04 58.04 58.04 58.04 724.04 392.04 392.04 392.04 592.04 592.04 519.04 519.04 519.04 406.04 406.04 406.04 608.04 608.03 487.03 487.03 487.03 487.03 0.01 0.01 0.01 0.01 0.01 0.01 269.03 269.03 191.03 191.03 191.04 0.02 264.04 264.04 264.04 264.04
335.04 335.04 335.04 116.04 116.04 116.04 116.04 263.04 263.04 263.04 263.04 721.04 178.04 178.04 178.04 178.04 178.04 0.05 752.04 752.04 752.04 752.04 0.05 0.02 36.04 15.04 15.04 0.05 0.05 29.04 29.04 90.03 428.03 428.04 66.04 66.04 66.04 89.04 89.04 89.04 89.04 369.04 369.03 0.02 501.04 0.05 0.05 58.04 58.04 58.04 392.04 392.04 392.04 392.04 592.04 519.04 519.04 519.04 519.04 406.04 406.04 608.04 608.04 0.02 487.03 487.03 487.03 0.01 0.01 0.01 0.01 0.01 0.01 0.02 269.03 269.03 0.02 191.03 191.03 264.03 264.03 264.04 264.04 78.04
335.04 0.05 0.05 0.0 0.0 0.0 0.0 0.0 263.04 263.04 263.04 178.04 178.04 178.04 178.04 178.04 63.04 166.04 416.04 416.04 752.04 752.04 36.04 36.04 0.05 0.05 0.05 0.05 29.04 29.04 29.04 325.04 325.04 325.03 66.04 66.04 89.04 89.04 89.04 89.04 792.04 792.04 369.04 199.04 199.04 0.02 0.05 58.04 58.04 58.04 392.04 392.04 392.03 392.03 592.04 519.04 519.04 519.04 519.04 519.04 639.04 639.04 639.04 639.04 639.03 487.03 120.03 120.03 0.01 0.01 0.01 0.01 150.03 0.02 150.03 269.03 269.03 269.03 0.02 0.02 264.03 264.04 78.04 78.04
0.0 0.0 0.0 0.0 0.0 0.0 0.0 0.0 0.0 0.0 208.04 208.04 208.04 208.04 208.04 63.04 63.04 166.04 166.04 416.04 416.04 36.04 36.04 36.04 0.05 0.05 686.04 29.04 29.04 29.04 29.04 325.04 325.04 325.04 702.03 701.03 701.04 701.04 89.04 89.04 792.04 792.04 792.04 199.04 199.04 501.04 0.05 0.05 469.04 758.04 244.04 244.03 392.03 392.03 392.04 519.04 519.04 519.04 519.04 519.03 639.04 639.04 639.04 639.04 639.03 120.03 120.03 0.02 0.02 0.02 0.01 0.01 0.01 0.01 150.03 150.03 150.03 150.03 264.03 264.04 264.04 0.05 78.04 78.04
0.0 0.0 0.0 0.0 0.0 0.0 0.0 0.0 0.0 0.0 0.0 0.0 208.04 208.04 208.04 63.04 63.04 63.04 144.04 144.04 144.04 669.03 0.02 36.04 686.04 686.03 686.03 649.04 29.04 29.04 29.04 438.03 438.04 438.04 702.04 0.02 701.03 701.03 701.04 629.04 792.04 792.04 349.04 349.04 349.04 469.04 469.04 469.04 758.04 758.04 244.04 0.05 244.04 244.04 189.04 189.04 189.04 519.04 113.04 113.04 113.04 639.04 639.04 639.04 450.03 450.03 450.03 12.03 0.01 0.01 0.01 0.01 0.01 0.01 150.03 150.03 150.03 150.03 795.03 264.04 78.04 78.04 0.05 78.04
0.0 0.0 0.0 0.0 0.0 0.0 0.0 0.0 0.0 0.0 0.0 0.0 0.0 208.04 208.04 63.04 0.02 63.04 144.04 144.04 669.04 669.03 36.03 0.02 686.04 686.04 0.02 649.03 649.03 649.04 649.04 438.03 438.04 438.04 702.04 702.03 701.03 701.03 629.04 629.04 629.04 792.04 349.04 623.04 623.03 469.04 469.04 758.04 0.02 758.04 244.04 244.04 244.04 189.04 189.04 189.04 189.03 189.03 113.03 113.04 0.02 0.02 722.04 722.04 450.03 450.03 450.03 0.01 0.01 0.01 0.01 0.01 0.01 0.01 150.03 150.03 795.03 795.03 795.03 795.03 674.04 674.04 78.04 78.04
0.0 0.0 0.0 0.0 0.0 0.0 0.0 0.0 0.0 0.0 0.0 0.0 0.0 0.0 208.04 63.04 63.04 645.04 645.04 645.04 645.04 669.03 36.03 686.04 686.04 686.03 686.03 0.02 0.02 649.04 649.04 438.04 438.04 586.04 702.03 702.03 701.03 8.03 8.03 629.04 629.03 629.03 0.02 623.04 623.03 623.04 758.04 758.04 758.04 758.04 244.04 244.04 244.04 189.04 189.04 189.04 189.04 457.03 457.03 113.04 113.04 113.04 722.04 0.02 722.03 450.03 450.03 0.01 0.01 0.01 0.01 0.01 0.01 0.01 0.01 795.03 795.04 795.03 795.04 795.04 674.04 674.04 674.04 674.04
0.0 0.0 0.0 0.0 0.0 0.0 0.0 0.0 0.0 0.0 0.0 0.0 0.0 0.0 0.0 63.04 63.04 645.04 645.04 645.04 645.04 637.03 637.03 0.02 142.03 0.01 0.01 649.03 649.03 649.03 649.04 649.04 586.04 586.04 586.04 586.03 586.03 8.04 8.04 8.04 341.03 341.03 623.04 623.04 623.03 623.03 758.04 758.04 758.04 758.04 244.03 244.04 244.04 189.04 189.04 189.04 0.05 457.04 457.04 457.04 113.04 113.04 722.04 722.03 259.03 259.03 0.08 0.08 0.01 0.01 0.01 0.02 0.02 0.01 0.01 795.03 795.04 0.02 0.02 279.04 674.04 674.04 674.04 674.04
0.0 0.0 0.0 0.0 0.0 0.0 0.0 0.0 0.0 0.0 0.0 0.0 0.0 0.0 0.0 0.0 0.0 0.0 0.0 645.04 637.04 637.03 637.04 142.03 0.02 0.01 0.01 584.03 649.03 649.03 594.03 594.04 586.04 586.04 586.04 586.04 220.04 220.03 8.04 8.04 341.04 341.04 172.04 0.02 623.04 623.04 758.04 758.04 758.04 0.02 346.04 691.04 691.04 691.04 189.04 0.05 457.03 457.04 457.04 0.02 113.03 722.03 722.03 722.03 259.03 259.03 0.08 0.08 0.01 0.01 0.01 0.01 554.03 0.02 0.01 0.01 795.04 795.04 279.04 279.04 674.04 674.04 674.04 674.04
0.0 0.0 0.0 0.0 0.0 0.0 0.0 0.0 0.0 0.0 0.0 0.0 0.0 0.0 0.0 0.0 0.0 0.0 0.0 0.0 637.04 463.04 463.04 463.03 417.03 0.01 0.02 584.03 584.03 594.03 594.04 594.04 404.04 404.04 404.04 404.04 220.04 220.04 220.04 0.02 172.04 172.04 172.04 0.02 172.04 172.04 758.04 246.04 0.02 346.04 346.04 346.04 691.04 691.04 189.04 189.04 457.03 0.02 457.04 0.02 457.03 722.03 0.01 0.01 0.01 0.01 0.08 688.03 0.01 0.01 636.03 636.03 636.03 0.01 0.01 0.01 795.04 279.04 279.04 279.04 674.04 674.04 674.04 258.04
0.0 0.0 0.0 0.0 0.0 0.0 0.0 0.0 0.0 0.0 0.0 0.0 0.0 0.0 0.0 0.0 0.0 0.0 0.0 0.0 0.0 463.04 417.04 417.03 616.03 616.03 584.03 584.03 584.03 594.04 594.04 594.04 404.04 404.04 404.04 404.04 220.04 220.04 220.04 220.04 172.04 172.04 172.04 172.04 172.04 0.02 231.03 246.04 246.04 246.04 346.04 346.04 691.04 154.04 154.04 154.04 457.04 457.04 457.04 457.03 482.03 0.01 0.01 0.01 0.01 0.01 0.01 0.01 688.03 688.03 636.03 636.03 636.03 0.01 0.01 0.01 279.04 279.04 279.04 279.04 279.04 258.03 258.03 258.04
0.0 0.0 0.0 0.0 0.0 0.0 0.0 0.0 0.0 0.0 0.0 0.0 0.0 0.0 0.0 0.0 0.0 0.0 0.0 0.0 0.0 417.04 417.04 95.03 616.03 616.03 584.03 584.03 584.03 0.02 594.03 0.05 297.04 297.04 404.04 709.04 709.04 709.04 220.04 172.04 172.04 172.04 172.04 172.04 172.04 231.04 231.03 231.04 246.04 246.04 246.04 346.04 154.04 154.04 154.04 154.04 154.04 482.03 482.03 482.03 482.03 0.01 0.01 0.01 0.01 0.01 0.01 0.01 0.01 712.03 712.03 636.03 636.03 0.01 0.01 0.01 27.03 27.04 27.04 27.04 258.04 258.03 258.03 0.02
0.0 0.0 0.0 0.0 0.0 0.0 0.0 0.0 0.0 0.0 0.0 0.0 0.0 0.0 0.0 0.0 0.0 0.0 0.0 0.0 0.0 0.0 95.04 95.03 95.03 616.03 616.03 584.03 631.04 631.03 631.03 300.03 297.04 0.02 297.04 709.04 709.04 709.04 709.04 7.04 785.04 785.04 785.04 785.04 785.04 231.03 231.03 231.03 231.03 246.04 246.04 154.03 154.03 154.03 154.03 154.03 0.02 482.03 482.03 482.03 482.03 482.03 0.01 0.01 0.01 0.01 0.01 0.01 712.03 0.02 712.03 636.03 0.01 0.01 0.01 27.03 27.03 27.03 27.03 27.04 258.03 258.03 258.04 258.04
0.0 0.0 0.0 0.0 0.0 0.0 0.0 0.0 0.0 0.0 0.0 0.0 0.0 0.0 0.0 0.0 0.0 0.0 0.0 0.0 0.0 0.0 0.0 0.0 0.0 0.0 616.04 76.04 76.04 0.02 0.02 300.03 300.03 297.04 297.04 709.04 709.04 567.04 61.04 7.04 7.04 785.04 785.04 785.04 785.03 231.03 231.03 231.03 231.03 794.03 794.04 794.04 154.04 154.03 154.04 154.03 411.03 411.03 482.03 482.03 482.03 482.03 482.03 0.01 0.01 0.01 0.01 0.01 712.03 712.03 62.03 62.03 470.03 470.03 470.03 27.03 27.03 27.03 27.03 27.03 625.04 625.04 625.04 625.04
0.0 0.0 0.0 0.0 0.0 0.0 0.0 0.0 0.0 0.0 0.0 0.0 0.0 0.0 0.0 0.0 0.0 0.0 0.0 0.0 0.0 0.0 0.0 0.0 0.0 0.0 0.0 76.04 76.04 76.04 631.04 0.05 0.05 297.03 297.04 567.04 567.04 567.04 61.04 7.04 7.04 7.04 785.03 785.03 591.03 591.03 591.03 231.04 231.04 794.04 794.04 794.04 518.04 518.04 518.04 518.03 411.04 411.04 411.03 0.02 0.08 0.08 482.03 482.03 0.01 0.01 0.01 712.03 62.03 62.03 62.03 62.03 470.03 470.03 470.03 470.03 27.03 27.03 27.04 27.04 625.03 625.04 625.04 625.04
0.0 0.0 0.0 0.0 0.0 0.0 0.0 0.0 0.0 0.0 0.0 0.0 0.0 0.0 0.0 0.0 0.0 0.0 0.0 0.0 0.0 0.0 0.0 0.0 0.0 0.0 0.0 0.0 76.04 76.04 76.04 300.04 300.04 297.04 640.04 640.04 567.04 61.04 61.04 7.04 7.03 7.03 374.03 374.03 374.03 591.03 591.03 591.04 794.04 794.04 248.04 248.04 518.04 518.04 518.03 518.03 411.03 411.03 411.03 411.03 411.03 482.03 0.02 703.04 0.02 0.01 0.01 185.03 185.03 0.02 62.03 62.03 470.03 470.03 470.03 471.03 471.03 27.03 27.04 625.04 625.04 625.03 625.03 625.04
0.0 0.0 0.0 0.0 0.0 0.0 0.0 0.0 0.0 0.0 0.0 0.0 0.0 0.0 0.0 0.0 0.0 0.0 0.0 0.0 0.0 0.0 0.0 0.0 0.0 0.0 0.0 0.0 76.04 76.04 76.04 76.04 537.04 537.04 640.04 640.04 640.04 640.03 61.03 7.03 7.03 7.03 374.03 374.03 374.04 591.03 591.03 591.04 591.04 248.04 248.04 248.04 248.03 518.03 518.03 0.02 411.03 411.03 411.03 411.03 100.03 100.03 703.04 703.03 763.03 763.03 185.03 185.03 185.03 185.03 185.03 185.03 470.03 470.03 471.03 471.03 471.04 471.04 471.04 747.04 747.04 747.03 747.03 348.04
0.0 0.0 0.0 0.0 0.0 0.0 0.0 0.0 0.0 0.0 0.0 0.0 0.0 0.0 0.0 0.0 0.0 0.0 0.0 0.0 0.0 0.0 0.0 0.0 0.0 0.0 0.0 0.0 76.04 76.04 76.04 537.04 537.04 537.04 640.04 640.03 640.03 640.03 640.03 7.03 7.04 374.03 374.04 374.03 374.03 14.03 14.03 14.03 14.04 248.04 248.04 248.04 248.03 518.03 518.03 515.03 515.03 515.03 411.03 100.04 100.03 100.03 703.03 703.03 763.03 763.03 763.03 0.01 185.03 185.03 185.03 185.03 471.03 471.03 0.02 471.03 471.04 471.04 747.04 747.04 747.04 747.03 747.04 348.03
0.0 0.0 0.0 0.0 0.0 0.0 0.0 0.0 0.0 0.0 0.0 0.0 0.0 0.0 0.0 0.0 0.0 0.0 0.0 0.0 0.0 0.0 0.0 0.0 0.0 0.0 0.0 0.0 0.0 76.04 537.04 537.04 537.04 537.04 600.04 640.03 640.03 429.03 429.03 585.03 585.03 585.03 124.04 0.02 734.03 734.03 14.03 14.04 14.04 248.04 0.02 248.03 248.03 489.03 489.03 0.02 515.03 515.03 0.02 100.04 100.04 100.03 703.04 0.02 763.03 763.03 763.03 0.01 737.03 737.03 737.03 520.03 139.03 139.03 139.04 471.03 0.05 471.03 0.05 0.05 747.04 0.02 747.04 348.04
0.0 0.0 0.0 0.0 0.0 0.0 0.0 0.0 0.0 0.0 0.0 0.0 0.0 0.0 0.0 0.0 0.0 0.0 0.0 0.0 0.0 0.0 0.0 0.0 0.0 0.0 0.0 0.0 0.0 537.04 537.04 537.04 537.04 600.03 600.03 600.03 429.03 429.03 429.03 585.03 585.03 585.04 124.04 124.04 641.03 734.04 734.04 734.04 734.04 248.04 248.03 334.03 489.04 489.04 0.02 489.03 515.03 465.03 465.03 0.01 100.03 100.03 703.04 763.04 763.04 763.03 763.03 737.03 737.03 737.03 520.03 520.03 139.03 139.04 139.04 139.04 139.04 139.03 218.03 218.04 747.04 747.04 747.04 348.04
0.0 0.0 0.0 0.0 0.0 0.0 0.0 0.0 0.0 0.0 0.0 0.0 0.0 0.0 0.0 0.0 0.0 0.0 0.0 0.0 0.0 0.0 0.0 0.0 0.0 0.0 0.0 0.0 0.0 537.04 537.04 0.02 600.04 600.04 600.04 600.04 429.04 429.03 429.03 585.03 585.03 585.04 585.03 641.04 641.04 493.03 493.04 493.04 778.04 334.04 334.03 334.03 0.02 489.04 489.04 489.03 180.03 465.03 0.01 0.01 100.03 0.01 0.01 0.05 763.04 763.04 402.03 599.04 599.04 599.03 520.03 0.05 0.05 139.03 139.04 139.03 139.03 218.03 218.03 218.04 0.05 218.04 498.04 498.04
0.0 0.0 0.0 0.0 0.0 0.0 0.0 0.0 0.0 0.0 0.0 0.0 0.0 0.0 0.0 0.0 0.0 0.0 0.0 0.0 0.0 0.0 0.0 0.0 0.0 0.0 0.0 0.0 661.04 661.04 419.04 419.04 419.04 600.04 600.04 429.04 0.05 429.03 429.03 486.03 742.03 742.04 742.03 641.03 493.03 493.03 778.03 0.02 778.04 334.04 334.03 334.04 334.04 186.04 587.04 587.03 180.03 180.04 0.01 0.01 254.03 254.03 20.04 20.04 20.04 402.03 402.03 599.04 599.03 599.03 520.03 520.04 0.05 139.03 139.04 139.04 139.04 218.04 218.04 218.04 0.05 218.04 498.04 498.04
0.0 0.0 0.0 0.0 0.0 0.0 0.0 0.0 0.0 0.0 0.0 0.0 0.0 0.0 0.0 0.0 0.0 0.0 0.0 0.0 0.0 0.0 0.0 0.0 0.0 0.0 0.0 0.0 661.04 661.04 661.04 419.04 419.04 419.04 419.04 0.05 0.05 429.03 486.03 486.03 486.03 742.03 742.03 742.03 778.03 778.03 778.03 778.04 778.04 334.04 334.04 0.02 334.03 186.03 186.03 587.03 0.02 0.01 0.01 0.02 254.03 254.04 20.04 20.04 402.04 402.03 402.03 339.04 339.04 339.03 520.04 122.04 122.04 122.04 139.04 139.04 139.04 218.04 218.04 218.04 218.04 218.04 731.04 731.04
0.0 0.0 0.0 0.0 0.0 0.0 0.0 0.0 0.0 0.0 0.0 0.0 0.0 0.0 0.0 0.0 0.0 0.0 0.0 0.0 0.0 0.0 0.0 0.0 0.0 0.0 0.0 0.0 0.05 661.03 661.04 419.04 419.04 419.04 534.03 534.03 486.03 486.03 486.03 486.03 486.03 742.03 742.03 742.03 274.04 274.03 778.04 778.04 707.04 104.04 104.04 0.05 334.03 756.03 186.03 587.03 587.03 0.01 0.01 524.03 254.03 254.04 209.03 20.04 402.04 402.03 402.03 339.04 339.04 0.02 122.04 122.04 0.05 122.04 157.04 157.03 218.04 218.04 218.04 218.04 218.04 0.02 731.04 731.04
0.0 0.0 0.0 0.0 0.0 0.0 0.0 0.0 0.0 0.0 0.0 0.0 0.0 0.0 0.0 0.0 0.0 0.0 0.0 0.0 0.0 0.0 0.0 0.0 0.0 0.0 0.0 0.0 661.04 661.04 661.04 661.04 419.04 534.03 534.03 534.03 534.03 44.03 44.03 0.02 44.03 44.03 44.03 274.04 274.04 274.04 0.05 707.04 707.04 104.04 104.03 9.04 9.04 756.03 186.03 587.03 587.03 583.03 583.03 583.03 395.03 395.04 209.04 209.04 209.04 402.03 339.03 0.02 339.04 339.04 122.04 122.04 157.04 157.04 157.03 157.03 157.04 218.04 218.04 218.04 156.04 156.04 156.03 731.04
0.0 0.0 0.0 0.0 0.0 0.0 0.0 0.0 0.0 0.0 0.0 0.0 0.0 0.0 0.0 0.0 0.0 0.0 0.0 0.0 0.0 0.0 0.0 0.0 0.0 0.0 0.0 0.0 476.04 476.04 661.04 54.04 54.04 534.04 534.03 534.03 534.03 44.03 0.05 44.03 44.03 44.04 44.04 546.04 196.04 274.04 707.04 707.04 707.04 104.03 0.02 491.04 491.04 530.03 530.03 530.04 407.03 407.03 407.03 395.03 395.03 0.05 209.04 209.04 209.04 209.03 339.03 0.08 339.03 339.03 122.03 0.01 157.04 157.04 157.03 157.03 157.04 156.04 0.05 0.05 156.04 156.04 156.04 731.04
0.0 0.0 0.0 0.0 0.0 0.0 0.0 0.0 0.0 0.0 0.0 0.0 0.0 0.0 0.0 0.0 0.0 0.0 0.0 0.0 0.0 0.0 0.0 0.0 0.0 0.0 0.0 476.03 476.03 476.04 298.04 298.04 54.04 466.03 466.03 466.03 466.03 0.05 0.05 44.03 44.04 483.04 546.04 546.04 196.04 196.04 196.04 344.04 344.04 344.04 625.04 491.04 314.04 530.03 530.04 0.02 407.04 407.03 407.03 407.03 395.03 395.03 0.05 209.04 209.04 0.01 137.03 339.03 357.03 357.03 157.03 0.02 157.04 157.04 157.04 0.02 32.04 32.04 156.04 156.04 156.04 156.04 695.04 695.04
