InputFiles/GridInputs/LU&ParcGridDiohine20.asc
ncols         307
nrows         336
xllcorner     -1693877.958766256
yllcorner     3174597.0031306315
dx            20.056068005715268
dy            20.02418569930541
[rows 96 to 127 of 336, columns 71 to 141 of 307]
933.03 933.03 933.03 933.04 933.04 933.03 1113.03 1113.03 1113.03 1113.03 1113.03 1113.03 1113.03 686.03 686.03 2239.03 2239.03 2239.03 272.03 272.03 272.03 272.03 3.03 1360.04 1360.04 1838.04 1838.04 1838.04 1838.04 1838.04 1838.04 990.04 990.04 990.04 29.04 29.04 1700.04 1700.03 1700.03 908.03 0.05 908.03 0.08 0.08 0.08 0.08 1829.03 1829.03 1829.03 1829.03 1735.03 0.02 1735.03 2279.03 2279.04 2279.04 2279.04 2279.04 2255.04 1915.04 1915.04 1915.04 1915.04 1915.04 2355.1 2355.1 2355.1 2355.1 2355.1 2355.1 32.1
933.04 933.04 933.04 933.04 933.04 933.04 933.03 1113.03 1113.03 1113.03 1113.03 1113.03 1113.03 1879.03 1879.03 1879.03 2239.03 2239.03 3.03 3.03 3.03 3.03 3.03 3.03 1934.04 582.04 582.04 582.04 582.04 1838.04 990.04 990.04 990.04 990.04 29.04 29.04 1700.04 1700.04 1700.04 0.05 0.05 0.05 908.03 908.03 908.03 908.04 1829.04 1829.03 1829.03 1829.03 1829.03 1735.03 2279.03 2279.03 2279.04 2279.04 2279.04 2279.04 2279.04 1915.04 1915.04 1915.04 1915.04 438.04 438.04 438.1 1868.1 1868.1 1868.1 1868.1 32.1
933.04 933.04 933.03 933.03 933.04 933.04 933.03 1113.03 1113.03 1113.03 1113.03 1113.03 0.02 1879.03 0.02 1879.03 1879.03 3.03 3.03 3.03 3.03 3.03 3.03 0.05 0.05 0.02 582.04 582.04 582.04 582.04 582.04 990.04 990.04 990.04 29.04 1700.04 1700.04 1700.04 1700.04 1700.04 908.04 908.04 908.04 908.04 908.04 908.04 1829.04 1829.03 1829.03 1829.03 1829.03 1829.03 2279.04 2279.04 0.05 0.05 2279.04 2279.04 2279.04 2279.04 1433.04 1433.04 438.04 438.04 438.04 438.04 438.04 1868.1 1868.1 32.1 32.1
933.04 933.04 933.04 933.03 933.04 933.04 933.04 2032.04 2032.04 2032.04 2032.04 2032.04 1879.03 1879.03 1879.03 1879.03 1879.03 1879.04 3.04 3.04 3.03 3.03 0.05 0.02 0.02 582.04 582.04 582.04 582.04 582.04 582.04 990.04 990.04 352.04 352.04 1700.04 1700.04 1700.04 1700.04 1700.04 908.04 908.04 908.04 908.04 908.04 908.04 1829.04 1829.03 1829.03 1829.03 2035.03 2035.04 2035.04 0.05 0.05 2279.04 2279.04 2279.04 1433.04 1433.04 1433.04 1433.04 438.04 438.04 438.04 438.04 438.04 438.04 1868.04 32.1 32.1
933.04 933.04 933.04 513.04 513.04 513.04 899.04 2032.04 2032.04 2032.04 2032.04 2032.04 2032.03 1879.03 1879.03 1879.03 1879.04 1879.04 3.04 3.04 3.04 0.05 0.02 1934.04 1934.04 1934.04 582.04 582.04 582.04 582.04 582.04 352.04 352.04 352.04 352.04 352.04 1700.04 1700.04 1700.04 2246.04 908.04 908.04 908.04 908.04 908.04 908.04 1829.04 2035.04 2035.04 2035.04 2035.04 2035.04 2035.04 2035.04 2279.04 2279.04 2279.04 1433.04 1433.04 1433.04 1433.04 1433.04 1433.03 438.04 438.04 438.04 438.04 438.04 438.04 32.04 32.04
1212.04 513.04 513.04 513.04 513.04 899.04 899.04 899.04 2032.04 2032.04 2032.04 2032.04 2032.03 1879.03 1879.03 1879.04 1879.04 1879.04 3.04 3.04 3.04 808.04 0.02 1934.04 1934.03 702.03 0.02 582.04 582.04 582.04 582.04 352.04 352.04 352.04 352.04 352.04 352.04 2246.04 2246.04 0.02 2246.04 2246.04 908.04 908.03 908.04 908.04 2035.04 2035.04 2035.04 2035.04 2035.04 2035.04 2035.04 2035.04 1564.04 2279.04 1433.03 1433.04 1433.04 1433.04 1433.04 1433.03 232.03 232.03 232.04 438.04 438.04 438.04 438.04 32.04 94.04
1212.04 513.04 0.05 513.04 0.05 899.04 899.04 899.04 2032.04 2032.04 2032.04 2032.04 2032.04 1879.04 1879.04 1879.04 998.04 998.03 998.04 808.04 808.04 808.04 808.03 0.08 0.08 702.04 702.04 702.04 702.04 702.04 582.04 352.04 352.04 352.04 352.04 352.04 352.04 2246.04 2246.04 2246.04 2246.04 2246.04 2246.03 0.08 908.04 2035.04 2035.04 2035.04 2035.04 2035.04 2035.04 2035.04 1564.04 1564.04 1564.04 1564.03 0.02 1433.04 1433.04 1433.04 1433.04 1433.03 232.03 232.03 232.03 232.03 232.04 648.04 648.04 648.04 0.02
1212.04 513.04 513.04 0.05 0.05 899.04 899.04 899.04 2446.04 2446.04 2032.04 2032.04 2032.04 1879.04 998.04 998.04 998.04 998.03 998.04 1289.04 808.04 0.02 0.02 0.08 0.08 0.02 702.03 702.03 702.03 702.04 702.04 352.04 352.04 352.04 352.04 352.03 2246.04 2246.04 2246.04 2246.04 2246.04 0.02 2246.03 0.08 2246.04 1358.04 1358.04 1358.04 2035.04 2035.04 1564.04 1564.04 1564.04 1564.04 1564.03 1564.03 1433.04 1433.04 1433.04 1433.04 1433.04 1433.04 232.03 232.03 232.03 232.03 232.04 648.04 648.04 648.04 648.04
1212.03 1283.04 1283.04 1283.04 0.05 899.04 899.04 2446.04 2446.04 2446.04 2446.04 2446.04 2446.04 998.04 998.04 998.04 998.04 0.02 998.04 1289.04 0.08 808.03 808.03 808.03 702.03 0.02 702.03 702.03 702.03 702.03 1503.03 1503.04 1503.04 1503.03 352.03 392.03 392.04 392.04 2246.04 2246.04 2246.04 2246.03 2246.03 2246.04 1358.04 1358.04 1358.04 1358.04 1358.04 1358.04 1352.04 1564.04 1564.03 1564.03 1564.03 1615.04 1615.04 1433.04 1433.04 1433.04 1433.04 1433.04 232.04 232.03 232.03 232.04 648.04 648.04 648.04 648.04 2441.04
1283.03 1283.03 1283.04 1283.04 1283.04 1283.04 1283.03 2446.04 2446.04 2446.04 2446.04 2446.04 2446.04 998.04 998.04 998.04 998.04 998.04 998.04 1289.04 1289.04 1289.04 0.02 808.03 702.03 702.03 702.03 702.03 702.03 1503.03 1503.03 1503.03 1503.03 1503.03 1503.03 392.03 392.04 392.04 392.04 392.04 392.03 2246.03 2246.04 2246.04 1358.04 1358.04 1358.04 1358.04 1358.04 1358.04 1352.03 0.02 0.02 1352.04 1615.04 1615.04 1615.04 1615.04 1433.04 1433.04 1433.04 1433.04 232.04 0.02 232.04 232.04 648.04 0.02 648.04 2441.04 2441.04
1283.04 1283.04 1283.04 1283.04 1283.04 1283.04 1283.03 2446.04 2446.04 2446.04 2446.03 2446.03 1801.04 1291.04 1291.04 1291.03 1291.03 1291.04 1289.04 1289.04 1289.04 1289.03 0.02 1289.03 702.03 702.03 702.03 702.03 1503.03 1503.03 1503.03 1503.03 1503.03 1503.03 1503.03 1732.04 392.04 392.04 392.04 392.04 392.04 392.04 392.04 2246.04 1358.04 1358.04 1358.04 1358.04 1358.03 1358.03 1358.03 1352.03 0.05 0.05 1615.04 1615.04 1615.04 1615.04 1615.04 1615.04 1433.04 1433.03 232.04 232.04 232.04 232.04 986.04 648.04 1122.04 1122.04 1122.04
454.04 1283.04 1283.04 1283.04 1283.04 927.04 927.03 2446.03 2446.03 2446.03 1801.03 1801.03 1801.03 1291.04 1291.03 1291.04 1291.04 1291.04 0.08 0.02 1289.03 1289.03 1289.03 1289.03 1289.03 702.03 702.03 1200.03 1200.03 1503.03 1503.03 1503.03 1503.03 1503.03 1732.03 1732.04 1151.04 1151.04 392.04 392.04 392.04 392.04 392.04 392.04 1358.04 1358.04 1358.04 0.08 1358.03 1358.03 0.02 1352.03 0.05 0.05 1615.04 1615.04 1615.04 1615.04 1615.04 1615.04 0.02 1260.04 1260.04 1260.04 986.04 986.04 986.04 986.04 1122.04 1122.04 1122.04
454.04 1283.04 927.04 927.04 927.04 927.04 927.03 927.03 1801.03 1801.03 1801.04 1801.03 1801.03 1291.03 1291.04 1291.04 1291.04 1291.04 0.08 0.08 1289.03 1289.03 1289.03 1289.03 1289.03 1200.03 1200.03 1200.03 1200.03 1200.03 1200.03 1503.03 1503.03 1718.03 1732.03 1732.04 1151.04 1151.04 1151.04 1151.04 1151.04 392.04 392.04 392.03 1358.03 1358.03 0.08 0.08 1358.03 0.02 1358.03 0.05 0.02 1615.04 1615.04 1615.04 1615.04 1615.04 1615.04 1615.04 1260.04 1260.04 1260.04 1260.04 1260.04 986.04 986.04 986.04 684.04 684.04 1122.04
454.04 927.04 927.04 927.04 927.04 927.04 927.03 927.03 0.08 0.08 1801.04 1409.04 1409.03 1409.03 1291.04 1291.04 1291.03 1291.04 0.02 1291.03 1289.04 1289.04 1267.03 1267.03 1267.03 1267.03 1200.03 1200.03 1200.03 1200.04 1200.04 1200.03 1718.03 1718.03 1732.03 1732.03 1151.03 1151.03 1151.04 1151.04 1151.04 1151.04 1151.04 392.03 1358.03 1358.03 0.02 0.08 1358.03 0.02 1358.03 1358.03 1615.03 1615.04 1615.04 1615.04 1615.04 1615.04 1615.04 1615.04 1260.04 1260.04 1260.03 1260.04 1260.04 155.04 986.04 986.04 684.04 684.04 684.04
454.04 927.04 927.04 927.04 927.04 927.04 927.03 2133.04 0.02 0.02 1409.04 1409.04 1409.04 778.04 778.04 778.03 1291.03 1291.03 1291.03 1291.03 1267.04 1267.04 1267.03 1267.03 1267.03 1267.03 1200.03 1200.03 1200.03 1200.03 1200.03 1200.03 1718.03 1718.03 1718.04 1732.03 1151.03 1151.03 1151.03 1151.04 1151.04 1151.04 1151.04 1151.03 1358.03 1358.03 0.02 1358.04 1358.04 1358.03 0.02 1178.03 1178.03 543.03 543.04 543.04 543.04 543.04 543.04 543.04 1260.04 1260.03 1260.03 1260.04 1260.04 155.04 155.04 155.04 684.04 684.04 684.04
454.04 1972.04 927.04 927.04 927.04 927.03 2133.03 2133.04 2133.04 2133.04 1409.03 1409.03 1409.03 778.03 778.03 778.03 778.03 778.03 1291.04 1267.04 1267.04 1267.04 1267.04 1267.04 1267.03 1267.03 0.02 1200.03 0.02 1200.03 1200.03 1200.03 0.02 1323.03 1323.04 1323.04 1356.04 1643.04 1643.04 1643.04 1643.04 1643.04 1643.04 1643.04 1358.04 0.08 1358.03 0.02 1178.03 1178.03 1178.03 1178.03 1178.04 543.04 543.04 543.04 543.04 543.04 543.04 543.04 1260.04 1260.03 1260.03 0.05 0.05 155.04 155.04 155.04 2463.04 684.04 684.04
1972.04 1972.04 1972.04 1972.04 927.04 2133.04 2133.03 2133.04 2133.04 2133.04 1409.04 1409.03 778.03 778.03 778.03 778.03 778.03 778.03 778.04 1267.04 1267.04 1267.04 1267.04 1267.04 1267.04 1267.04 1267.04 1200.04 1200.03 1200.03 1200.03 0.02 0.02 1323.04 1323.04 1356.04 1356.04 1643.04 1643.04 1643.04 1643.04 1643.04 1643.04 1643.04 630.03 630.03 0.02 0.02 1178.03 1178.03 0.02 0.08 1178.04 1178.04 543.04 543.04 543.04 543.04 543.04 543.04 1260.04 1260.03 1260.03 1260.03 1260.04 155.04 2463.04 2463.04 2463.04 2463.04 2463.04
1972.04 1972.04 1972.03 1972.04 1972.04 2133.04 2133.04 2133.04 2133.04 2133.04 2133.04 778.03 778.03 778.03 778.03 778.03 778.03 778.03 1462.03 1267.03 1267.04 1267.04 1267.04 1267.04 1267.04 0.02 1267.04 1267.04 1453.04 1453.03 1453.03 0.02 1323.03 1323.04 1323.04 1356.04 1356.04 1643.04 1643.04 1643.04 1643.04 1643.04 1643.04 630.04 630.03 630.03 0.08 1178.03 1178.03 0.02 1178.03 1178.04 1178.03 0.02 543.04 543.04 543.04 543.03 543.04 543.04 1260.04 1260.03 1260.03 1260.03 1260.04 2463.04 2463.04 2463.04 2463.04 2463.04 2463.04
1972.04 1972.03 1972.03 1972.03 1972.04 2133.04 2133.04 2133.04 2133.04 901.04 901.04 1614.04 1614.03 778.03 778.03 778.03 778.03 1462.03 1462.03 1267.03 1267.03 1267.03 1267.03 1267.04 1267.04 1267.03 1267.04 1453.04 1453.04 1453.04 1453.03 1453.04 1323.04 1323.04 1356.04 1356.04 1356.04 1643.04 0.08 1643.04 1643.04 1643.04 1643.04 630.04 630.04 0.08 0.08 0.08 0.08 1178.03 1178.04 1178.04 1178.04 1178.04 1178.04 543.04 543.04 543.04 543.04 543.04 543.04 1260.04 1260.04 1383.03 1383.04 1383.04 1383.04 2463.04 2463.04 2463.04 2463.04
1972.04 1972.03 1972.03 1972.03 1972.04 1972.04 901.04 901.04 901.04 901.04 901.04 1614.04 1614.04 1614.03 1614.03 1614.03 1462.03 1462.03 1462.03 1462.03 1267.03 1267.03 1267.03 1267.04 1267.04 1267.03 1453.04 1453.04 1453.04 1453.03 1453.04 1453.04 1453.04 1323.04 1356.03 0.02 208.03 208.03 208.04 208.04 208.04 208.04 208.04 630.03 630.03 0.02 0.02 0.02 0.02 0.02 1178.04 1178.04 1178.04 1178.04 1178.04 543.04 543.04 543.04 586.04 586.04 586.04 586.04 1383.04 1383.04 1383.04 1383.04 1383.04 1383.04 1383.04 2463.04 2463.04
1972.03 0.02 0.02 1972.04 1972.04 1972.04 901.04 901.04 901.04 901.04 901.04 1614.04 1614.04 1614.04 1614.03 1462.04 1462.04 1462.04 1462.03 378.03 378.03 1267.03 1267.04 1267.04 1267.03 269.04 269.04 1453.04 1453.04 1453.04 1453.04 1453.04 1453.04 1453.03 0.08 208.03 208.03 208.03 208.03 208.04 208.04 208.04 855.04 855.04 630.03 630.03 630.03 630.03 0.02 630.04 1178.04 1178.04 1178.04 1178.04 1178.04 586.04 586.04 586.04 586.04 586.04 586.04 586.04 1383.04 1383.04 1383.04 1383.04 1383.04 1383.04 1383.04 1383.04 2162.04
0.02 0.02 0.02 0.02 1972.04 901.04 901.04 901.04 901.04 901.04 901.04 1614.04 1614.04 1614.04 1614.03 1462.04 1462.04 1462.04 378.03 378.03 378.03 378.03 1267.03 269.04 269.04 269.04 269.04 269.04 1453.04 1453.04 1453.04 1453.04 1453.04 0.02 0.02 2338.04 208.04 208.04 208.03 208.04 208.04 208.04 855.04 855.04 0.08 855.03 0.02 0.02 0.02 630.04 630.04 1178.04 1178.04 1178.04 586.04 586.04 586.04 586.04 586.04 586.04 586.04 426.04 426.04 1383.04 1383.04 1383.04 1383.04 1383.04 2245.04 2245.04 2162.04
1754.03 1972.03 1972.03 1972.03 1972.04 901.03 901.04 901.04 901.04 901.04 901.04 1614.04 1614.04 1614.04 1614.04 1462.04 1462.04 378.04 378.04 378.04 378.03 378.03 269.03 269.04 269.04 269.04 269.03 269.04 2275.04 2275.04 2275.04 2275.04 2275.04 0.08 0.02 2338.04 2338.04 2338.04 2338.04 208.04 208.04 208.04 855.04 855.04 0.02 0.02 0.02 0.02 630.04 630.04 630.04 1178.04 1178.04 1178.04 586.04 586.04 586.04 586.04 586.04 586.04 0.08 0.08 0.02 0.02 1383.04 1383.04 1383.04 1383.04 2245.04 2245.04 2162.04
1754.03 81.04 81.04 81.04 81.03 901.04 901.04 901.04 901.04 901.04 901.04 901.03 1614.04 1555.04 1555.04 1462.04 378.04 378.03 378.04 378.03 1976.03 0.02 269.03 269.04 269.04 269.04 269.04 269.04 2275.04 2275.04 2275.04 2275.04 2275.04 0.05 2338.04 2338.04 2338.04 2338.04 2338.04 2338.04 2338.04 855.04 855.04 855.04 0.02 0.02 0.02 855.04 630.04 1411.04 1411.04 1411.04 1411.04 586.04 586.04 586.04 586.04 586.04 586.04 0.02 0.02 0.08 0.02 426.04 1383.04 1383.04 1383.04 2245.04 2245.04 2245.04 2245.04
81.03 81.03 81.04 81.03 81.03 81.03 901.04 901.04 901.04 901.04 901.04 1555.03 1555.04 1555.04 1555.04 1555.04 378.04 378.03 1976.03 1976.03 1976.03 1976.03 1976.04 269.04 269.04 269.04 269.04 269.04 0.08 0.08 0.02 2275.04 2275.04 2338.03 2338.03 2338.04 2338.04 2338.04 2338.04 0.02 2338.04 1023.04 855.04 855.04 855.04 0.02 855.04 1411.04 1411.04 1411.04 1411.04 1411.04 1411.04 586.04 586.04 586.04 586.04 426.04 426.04 0.02 0.02 0.08 0.08 426.04 1383.04 1383.04 2245.04 1671.04 1671.04 1671.04 1671.04
81.04 81.04 0.02 81.03 81.03 81.03 835.03 835.04 835.04 835.04 835.04 1555.04 1555.04 1555.04 1555.04 1555.04 1555.04 1976.04 1976.04 1976.04 1976.04 1976.03 1976.04 269.04 269.04 269.04 269.04 269.03 0.08 2275.04 2275.04 2275.04 2275.04 2338.03 2338.04 2338.04 2338.04 2338.04 2338.04 1023.04 1023.04 1023.04 1023.04 855.04 855.04 1411.04 1411.04 1411.04 1411.04 1411.04 1411.04 1411.04 1411.04 586.04 586.04 586.04 426.04 426.04 0.08 0.08 0.02 0.08 426.04 426.04 1466.04 494.04 494.04 494.04 494.04 1671.04 1671.04
81.04 81.04 0.08 0.08 0.02 1254.03 835.03 835.04 835.04 835.04 835.04 1555.04 1555.04 1555.04 1555.04 1555.04 1555.04 1976.04 1976.04 1976.04 1976.04 1976.03 1976.04 1976.04 269.04 269.04 269.04 269.04 2275.04 2275.04 2275.04 2275.04 2275.04 1408.04 2338.04 2338.04 2338.04 2338.04 1023.04 1023.04 1023.04 1023.04 1023.04 1023.04 1411.04 1411.04 1411.04 1411.04 1411.04 1411.04 1411.04 1411.04 758.04 758.04 758.04 426.04 426.04 0.02 0.08 0.08 562.04 562.04 562.04 562.04 1466.04 1466.04 494.04 494.04 494.04 494.04 494.04
81.04 81.04 81.04 81.04 1254.04 1254.03 835.03 835.04 835.04 835.04 835.04 2457.04 2457.04 1555.04 1555.04 1555.04 1555.04 1976.04 1976.04 1976.04 1976.04 1976.03 1976.03 1976.03 269.04 269.04 269.04 269.04 2275.04 2275.04 2275.03 260.04 1408.03 1408.04 1408.04 1408.04 1408.04 1023.04 1023.04 1023.04 1023.04 1023.04 1023.04 1023.04 1411.04 1411.04 1411.04 1411.04 1411.04 1411.04 1411.04 0.05 758.04 758.04 758.04 758.04 0.02 0.02 0.08 0.08 562.04 562.04 562.04 562.04 1466.04 1466.04 1466.04 494.04 494.04 494.04 0.05
239.04 81.04 81.04 81.04 1254.04 1254.03 1254.03 835.04 835.04 835.04 835.04 2457.04 2457.04 2457.04 2457.04 2457.04 2457.04 1976.04 1976.04 1976.04 1976.03 1976.04 947.04 947.03 947.03 507.04 507.04 507.04 260.04 260.04 260.03 260.03 1408.03 1408.03 1408.04 1408.04 1408.04 0.05 1023.04 1023.04 1023.04 1023.04 1023.04 1023.04 1411.04 1411.04 1411.04 1411.04 1411.04 1411.04 758.04 0.02 758.04 758.04 758.04 0.05 0.02 0.02 562.04 562.04 562.04 562.04 562.04 1966.04 1466.04 1466.04 1466.04 1466.04 449.04 449.04 307.04
239.04 239.04 81.04 1254.04 1254.04 1254.03 1254.03 835.04 835.04 835.04 835.04 2457.04 2457.04 2457.04 2457.04 2457.04 607.04 607.04 1976.04 1976.04 1976.03 947.03 947.04 947.04 947.03 507.03 0.02 507.04 260.04 260.04 260.03 260.03 260.03 1408.03 1408.04 1408.04 1408.04 1023.04 1023.03 1023.03 1023.03 1023.04 1023.04 1023.04 1494.04 1411.04 1411.04 1411.04 1411.04 758.04 758.04 758.04 758.03 758.04 758.04 758.04 287.04 562.04 562.04 562.04 562.04 1966.04 0.02 1966.04 1466.04 1466.04 1466.04 1466.04 1466.04 449.04 307.04
239.04 239.04 239.04 1254.04 1254.04 1254.04 1254.04 1254.04 835.04 835.04 835.04 2457.04 2457.04 2457.04 2457.04 607.04 607.04 607.04 607.04 607.04 947.03 947.04 947.04 947.03 947.03 0.08 0.02 0.02 507.04 260.03 260.04 260.04 260.04 1750.04 1408.04 1408.04 1408.04 1162.04 1162.04 1162.03 1162.04 1494.04 1494.04 1494.04 1494.04 1494.04 1411.04 1411.04 758.04 758.04 758.04 758.04 758.03 758.03 758.04 287.04 287.04 287.04 562.04 1966.04 1966.04 1966.04 1966.04 1966.04 1466.04 1466.04 1466.04 1466.04 2008.04 2008.04 2008.04
239.04 239.04 239.04 1254.04 1254.04 1254.04 1254.04 1254.04 835.04 835.04 2457.04 2457.04 2457.04 2457.04 607.04 607.04 607.04 607.04 607.04 947.04 947.03 0.08 0.02 0.02 0.02 507.03 0.08 507.04 507.04 260.04 260.04 260.04 1750.04 1750.04 1750.04 1408.03 1408.04 0.02 1162.03 0.08 1494.04 1494.04 1494.04 1494.04 0.02 2049.04 2049.04 2049.04 758.04 758.04 758.04 758.04 0.02 758.03 758.04 287.04 287.04 287.04 287.04 1966.04 1966.04 1966.04 1966.04 1966.04 1966.04 1466.04 1466.04 2008.04 2008.04 2008.04 2008.04
