InputFiles/GridInputs/LU&ParcGridBarry20.asc
ncols         117
nrows         121
xllcorner     -1688447.691606855
yllcorner     3186581.191380518
dx            20.142178273974704
dy            20.15088251829609
[rows 0 to 33 of 121, columns 0 to 76 of 117]
0.0 0.0 0.0 0.0 0.0 0.0 0.0 0.0 0.0 0.0 0.0 0.0 0.0 0.0 0.0 0.0 0.0 0.0 0.0 0.0 0.0 0.0 0.0 0.0 0.0 0.0 0.0 0.0 0.0 0.0 0.0 0.0 0.0 0.0 0.0 0.0 0.0 0.0 0.0 0.0 0.0 0.0 0.0 0.0 0.0 0.0 0.0 0.0 0.0 0.0 0.0 0.0 0.0 0.0 0.0 0.0 86.04 86.04 86.04 86.04 0.0 0.0 0.0 0.0 0.0 0.0 0.0 0.0 0.0 0.0 0.0 0.0 0.0 0.0 0.0 0.0 0.0
0.0 0.0 0.0 0.0 0.0 0.0 0.0 0.0 0.0 0.0 0.0 0.0 0.0 0.0 0.0 0.0 0.0 0.0 0.0 0.0 0.0 0.0 0.0 0.0 0.0 0.0 0.0 0.0 0.0 0.0 0.0 0.0 0.0 0.0 0.0 0.0 0.0 0.0 0.0 0.0 0.0 0.0 0.0 0.0 0.0 0.0 0.0 0.0 0.0 0.0 0.0 0.0 0.0 0.0 0.0 86.04 86.04 86.04 86.04 86.04 140.04 140.04 0.0 0.0 0.0 0.0 0.0 0.0 0.0 0.0 0.0 0.0 0.0 0.0 0.0 0.0 0.0
0.0 0.0 0.0 0.0 0.0 0.0 0.0 0.0 0.0 0.0 0.0 0.0 0.0 0.0 0.0 0.0 0.0 0.0 0.0 0.0 0.0 0.0 0.0 0.0 0.0 0.0 0.0 0.0 0.0 0.0 0.0 0.0 0.0 0.0 0.0 0.0 0.0 0.0 0.0 0.0 0.0 0.0 0.0 0.0 0.0 0.0 0.0 0.0 0.0 0.0 0.0 0.0 0.0 0.0 86.04 86.04 86.04 86.04 86.04 86.04 140.04 140.04 0.05 0.05 0.05 320.04 0.0 0.0 0.0 0.0 0.0 0.0 0.0 0.0 0.0 0.0 0.0
0.0 0.0 0.0 0.0 0.0 0.0 0.0 0.0 0.0 0.0 0.0 0.0 0.0 0.0 0.0 0.0 0.0 0.0 0.0 0.0 0.0 0.0 0.0 0.0 0.0 0.0 0.0 0.0 0.0 0.0 0.0 0.0 0.0 0.0 0.0 0.0 0.0 0.0 0.0 0.0 0.0 0.0 0.0 0.0 0.0 0.0 0.0 0.0 0.0 0.0 0.0 0.0 0.0 86.04 86.04 86.04 86.04 86.04 86.04 140.04 140.04 0.05 0.05 0.05 0.05 0.05 320.04 320.04 49.04 0.0 0.0 0.0 0.0 0.0 0.0 0.0 0.0
0.0 0.0 0.0 0.0 0.0 0.0 0.0 0.0 0.0 0.0 0.0 0.0 0.0 0.0 0.0 0.0 0.0 0.0 0.0 0.0 0.0 0.0 0.0 0.0 0.0 0.0 0.0 0.0 0.0 0.0 0.0 0.0 0.0 0.0 0.0 0.0 0.0 0.0 0.0 0.0 0.0 0.0 0.0 0.0 0.0 0.0 0.0 0.0 0.0 0.0 0.0 12.04 12.04 12.04 12.03 86.04 86.04 86.04 86.04 140.04 0.05 0.05 0.05 0.05 0.05 0.05 320.04 320.04 49.04 49.03 49.03 49.03 49.03 0.0 0.0 0.0 0.0
0.0 0.0 0.0 0.0 0.0 0.0 0.0 0.0 0.0 0.0 0.0 0.0 0.0 0.0 0.0 0.0 0.0 0.0 0.0 0.0 0.0 0.0 0.0 0.0 0.0 0.0 0.0 0.0 0.0 0.0 0.0 0.0 0.0 0.0 0.0 0.0 0.0 0.0 0.0 0.0 0.0 0.0 0.0 0.0 0.0 0.0 0.0 0.0 0.0 0.05 0.05 323.04 12.04 12.04 12.04 12.04 12.04 86.04 86.04 0.05 0.05 0.05 0.05 0.02 320.04 320.04 320.04 49.04 49.04 0.02 49.03 49.03 49.03 49.03 49.03 49.04 49.04
0.0 0.0 0.0 0.0 0.0 0.0 0.0 0.0 0.0 0.0 0.0 0.0 0.0 0.0 0.0 0.0 0.0 0.0 0.0 0.0 0.0 0.0 0.0 0.0 0.0 0.0 0.0 0.0 0.0 0.0 0.0 0.0 0.0 0.0 0.0 0.0 0.0 0.0 0.0 0.0 0.0 0.0 0.0 0.0 0.0 0.0 0.0 0.0 0.02 323.03 323.04 323.04 12.04 12.04 12.04 12.04 12.04 12.04 0.05 0.05 0.05 0.05 0.05 178.03 320.04 320.04 320.04 49.04 49.04 49.04 0.02 49.03 49.03 49.03 49.03 49.04 49.04
0.0 0.0 0.0 0.0 0.0 0.0 0.0 0.0 0.0 0.0 0.0 0.0 0.0 0.0 0.0 0.0 0.0 0.0 0.0 0.0 0.0 0.0 0.0 0.0 0.0 0.0 0.0 0.0 0.0 0.0 0.0 0.0 0.0 0.0 0.0 0.0 0.0 0.0 0.0 0.0 0.0 0.0 0.0 0.0 0.0 0.0 323.03 323.03 0.02 323.04 323.04 323.04 323.04 12.04 12.04 12.04 12.04 0.05 0.05 0.05 0.05 140.03 178.03 178.04 178.04 178.04 320.04 49.03 49.03 49.03 49.03 0.01 0.01 49.03 49.03 49.04 271.04
0.0 0.0 0.0 0.0 0.0 0.0 0.0 0.0 0.0 0.0 0.0 0.0 0.0 0.0 0.0 0.0 0.0 0.0 0.0 0.0 0.0 0.0 0.0 0.0 0.0 0.0 0.0 0.0 0.0 0.0 0.0 0.0 0.0 0.0 0.0 0.0 0.0 0.0 0.0 0.0 0.0 0.0 0.0 0.0 330.03 330.03 0.01 323.03 323.03 323.03 323.04 323.04 323.04 323.04 12.04 12.04 12.04 0.05 0.05 0.05 0.05 44.03 178.04 178.04 178.03 178.03 178.03 178.03 49.03 0.02 49.03 0.01 0.01 49.03 49.04 49.04 271.04
0.0 0.0 0.0 0.0 0.0 0.0 0.0 0.0 0.0 0.0 0.0 0.0 0.0 0.0 0.0 0.0 0.0 0.0 0.0 0.0 0.0 0.0 0.0 0.0 0.0 0.0 0.0 0.0 0.0 0.0 0.0 0.0 0.0 0.0 0.0 0.0 0.0 0.0 0.0 0.0 0.0 0.0 330.03 330.03 0.01 0.01 0.01 0.01 0.01 323.03 323.04 323.04 323.04 323.04 0.05 12.04 12.04 0.05 0.05 0.05 0.05 44.04 13.04 13.04 13.03 13.03 0.02 184.04 184.03 184.03 0.02 0.02 49.03 49.03 49.04 43.04 43.04
0.0 0.0 0.0 0.0 0.0 0.0 0.0 0.0 0.0 0.0 0.0 0.0 0.0 0.0 0.0 0.0 0.0 0.0 0.0 0.0 0.0 0.0 0.0 0.0 0.0 0.0 0.0 0.0 0.0 0.0 0.0 0.0 0.0 0.0 0.0 0.0 0.0 0.0 0.0 0.0 0.0 330.03 330.03 0.01 0.01 0.01 0.01 0.01 0.01 323.04 323.04 323.04 323.04 323.04 0.05 0.02 189.04 44.04 0.02 0.05 0.05 44.04 13.04 13.04 13.04 13.03 184.04 184.03 184.03 0.02 184.04 184.04 184.03 43.04 43.04 43.04 43.04
0.0 0.0 0.0 0.0 0.0 0.0 0.0 0.0 0.0 0.0 0.0 0.0 0.0 0.0 0.0 0.0 0.0 0.0 0.0 0.0 0.0 0.0 0.0 0.0 0.0 0.0 0.0 0.0 0.0 0.0 0.0 0.0 0.0 0.0 0.0 0.0 0.0 0.0 0.0 108.03 330.03 330.03 330.03 0.01 0.01 0.01 0.01 0.01 0.01 0.01 323.04 323.04 323.04 0.05 0.05 189.04 189.04 189.04 44.04 0.02 44.04 44.04 328.04 13.04 13.04 13.04 0.02 184.03 0.02 184.04 184.04 184.04 184.03 43.04 43.04 43.04 43.04
0.0 0.0 0.0 0.0 0.0 0.0 0.0 0.0 0.0 0.0 0.0 0.0 0.0 0.0 0.0 0.0 0.0 0.0 0.0 0.0 0.0 0.0 0.0 0.0 0.0 0.0 0.0 0.0 0.0 0.0 0.0 0.0 0.0 0.0 0.0 0.0 0.0 0.0 0.0 108.03 108.03 0.02 0.01 0.01 0.01 0.01 0.01 0.01 0.01 0.02 330.04 330.04 205.04 205.04 189.04 189.04 189.04 189.04 44.04 44.04 44.04 328.04 328.04 0.02 13.04 13.04 0.02 0.02 0.02 184.04 184.04 184.03 0.02 43.04 43.04 43.03 43.03
0.0 0.0 0.0 0.0 0.0 0.0 0.0 0.0 0.0 0.0 0.0 0.0 0.0 0.0 0.0 0.0 0.0 0.0 0.0 0.0 0.0 0.0 0.0 0.0 0.0 0.0 0.0 0.0 0.0 0.0 0.0 0.0 0.0 0.0 0.0 0.0 0.0 0.0 0.0 0.01 0.01 0.01 0.01 0.01 0.01 0.01 0.01 0.01 330.03 330.04 330.04 324.04 205.04 205.04 189.04 189.04 189.04 189.04 168.04 168.04 328.04 328.04 328.04 328.04 136.04 13.03 184.03 0.02 184.04 184.04 184.03 279.03 279.03 43.04 43.04 43.03 43.03
0.0 0.0 0.0 0.0 0.0 0.0 0.0 0.0 0.0 0.0 0.0 0.0 0.0 0.0 0.0 0.0 0.0 0.0 0.0 0.0 0.0 0.0 0.0 0.0 0.0 0.0 0.0 0.0 0.0 0.0 0.0 0.0 0.0 0.0 0.0 0.0 0.0 0.0 108.03 0.01 0.01 0.01 0.01 0.01 0.01 0.01 0.01 0.01 330.03 330.04 324.03 324.04 205.04 205.04 205.04 189.04 189.04 168.04 168.04 168.04 168.04 328.04 328.04 136.04 136.03 0.02 136.03 184.03 184.04 279.04 279.03 279.03 279.03 20.03 0.02 43.03 43.03
0.0 0.0 0.0 0.0 0.0 0.0 0.0 0.0 0.0 0.0 0.0 0.0 0.0 0.0 0.0 0.0 0.0 0.0 0.0 0.0 0.0 0.0 0.0 0.0 0.0 0.0 0.0 0.0 0.0 0.0 0.0 0.0 0.0 0.0 0.0 0.0 0.0 0.0 108.03 108.03 0.01 0.01 0.01 0.01 0.01 0.01 0.01 0.01 330.03 324.03 324.03 324.04 205.04 205.04 205.04 205.04 189.04 168.04 168.04 168.04 168.04 168.04 136.04 136.04 136.03 136.03 136.03 136.03 279.04 279.03 279.03 279.03 279.03 20.03 0.02 43.03 43.03
0.0 0.0 0.0 0.0 0.0 0.0 0.0 0.0 0.0 0.0 0.0 0.0 0.0 0.0 0.0 0.0 0.0 0.0 0.0 0.0 0.0 0.0 0.0 0.0 0.0 0.0 0.0 0.0 0.0 0.0 0.0 0.0 0.0 0.0 0.0 0.0 0.0 0.0 108.03 108.03 0.01 0.01 0.01 0.01 0.01 0.01 0.01 0.02 324.03 0.02 0.02 324.04 205.04 205.04 205.04 205.04 205.04 168.03 168.03 168.03 0.02 21.04 136.04 136.03 136.03 136.03 136.03 0.02 0.05 279.03 279.03 279.03 279.03 20.03 20.03 20.03 43.03
0.0 0.0 0.0 0.0 0.0 0.0 0.0 0.0 0.0 0.0 0.0 0.0 0.0 0.0 0.0 0.0 0.0 0.0 0.0 0.0 0.0 0.0 0.0 0.0 0.0 0.0 0.0 0.0 0.0 0.0 0.0 0.0 0.0 0.0 0.0 0.0 108.03 108.03 108.03 108.03 108.03 0.01 0.01 0.01 0.01 0.01 0.01 324.03 324.03 324.03 0.02 0.02 228.03 205.03 205.03 205.04 205.04 168.04 168.03 21.03 0.02 21.04 0.05 136.03 136.03 136.03 136.03 136.03 279.03 279.03 279.03 279.03 279.03 20.03 20.03 20.03 43.03
0.0 0.0 0.0 0.0 0.0 0.0 0.0 0.0 0.0 0.0 0.0 0.0 0.0 0.0 0.0 0.0 0.0 0.0 0.0 0.0 0.0 0.0 0.0 0.0 0.0 0.0 0.0 0.0 0.0 0.0 0.0 0.0 0.0 0.0 0.0 108.03 108.03 108.03 108.03 108.03 46.03 0.01 0.01 0.01 0.01 0.01 0.01 25.03 25.03 228.03 228.03 0.02 228.03 228.03 228.03 205.03 205.03 0.02 0.02 21.04 21.04 21.04 21.03 21.03 136.03 136.03 136.04 0.05 187.03 279.03 279.03 279.03 279.03 20.03 20.03 20.03 20.03
0.0 0.0 0.0 0.0 0.0 0.0 0.0 0.0 0.0 0.0 0.0 0.0 0.0 0.0 0.0 0.0 0.0 0.0 0.0 0.0 0.0 0.0 0.0 0.0 0.0 0.0 0.0 0.0 0.0 0.0 0.0 0.0 0.0 212.03 212.03 108.03 108.03 108.03 108.03 108.03 46.03 46.03 0.01 0.01 0.01 0.01 25.03 25.03 25.03 228.03 228.03 228.03 228.03 228.03 228.03 228.03 109.03 109.04 21.03 21.03 21.04 21.04 21.03 21.03 48.03 48.03 187.04 0.05 187.03 187.03 263.03 263.03 263.03 263.04 263.04 20.04 94.04
0.0 0.0 0.0 0.0 0.0 0.0 0.0 0.0 0.0 0.0 0.0 0.0 0.0 0.0 0.0 0.0 0.0 0.0 0.0 0.0 0.0 0.0 0.0 0.0 0.0 0.0 0.0 0.0 0.0 0.0 0.0 212.03 212.03 212.03 212.03 212.03 108.03 108.03 108.03 0.02 46.03 46.03 46.03 197.03 197.03 197.03 25.03 25.03 25.03 25.03 228.03 228.03 228.04 228.04 228.03 228.03 0.05 109.04 109.03 109.03 21.04 21.04 21.03 48.03 48.03 48.03 48.04 0.05 187.04 187.03 0.02 263.03 263.03 263.04 263.04 263.04 94.04
0.0 0.0 0.0 0.0 0.0 0.0 0.0 0.0 0.0 0.0 0.0 0.0 0.0 0.0 0.0 0.0 0.0 0.0 0.0 0.0 0.0 0.0 0.0 0.0 0.0 0.0 0.0 0.0 0.0 0.0 0.02 212.03 212.03 212.03 212.03 212.03 212.03 108.03 108.04 0.02 46.03 46.03 46.03 197.03 197.03 197.03 197.03 25.03 25.03 25.03 228.03 228.03 228.03 228.04 0.02 109.04 109.03 109.03 109.03 109.03 109.04 109.04 48.04 48.03 48.03 48.03 48.03 187.03 187.04 187.04 263.03 263.03 263.03 263.03 263.03 263.04 94.04
0.0 0.0 0.0 0.0 0.0 0.0 0.0 0.0 0.0 0.0 0.0 0.0 0.0 0.0 0.0 0.0 0.0 0.0 0.0 0.0 0.0 0.0 0.0 0.0 0.0 0.0 0.0 0.0 212.03 212.03 0.02 212.03 212.03 212.03 212.03 212.03 212.03 0.02 108.04 46.04 46.04 46.03 46.03 197.03 197.03 197.03 197.03 25.03 25.03 25.03 25.03 228.03 0.02 228.04 228.04 109.03 0.02 109.03 109.03 109.03 109.04 109.04 109.04 48.03 48.03 48.03 48.03 187.03 187.04 187.04 263.04 263.03 263.03 263.03 0.02 263.04 94.04
0.0 0.0 0.0 0.0 0.0 0.0 0.0 0.0 0.0 0.0 0.0 0.0 0.0 0.0 0.0 0.0 0.0 0.0 0.0 0.0 0.0 0.0 0.0 0.0 0.0 0.0 0.0 71.03 71.03 212.03 212.03 212.03 212.03 212.03 212.03 212.03 212.03 0.02 244.04 244.04 244.03 244.03 0.02 197.03 197.03 197.03 197.03 0.02 25.03 25.03 25.03 41.03 0.02 228.03 331.03 331.03 331.03 109.03 109.03 109.03 109.04 109.04 109.04 48.04 48.03 48.03 277.03 277.04 195.04 195.04 195.04 263.03 263.03 265.03 0.02 265.03 265.03
0.0 0.0 0.0 0.0 0.0 0.0 0.0 0.0 0.0 0.0 0.0 0.0 0.0 0.0 0.0 0.0 0.0 0.0 0.0 0.0 0.0 0.0 0.0 0.0 0.0 167.03 71.03 71.03 71.03 71.03 212.03 212.03 212.03 212.03 212.03 212.03 212.03 244.04 244.04 244.04 244.04 244.04 244.03 197.03 197.03 197.03 197.04 197.03 25.03 0.02 41.03 41.03 41.03 152.03 152.03 331.03 331.03 331.03 331.03 109.03 109.03 0.01 0.01 48.03 277.03 277.03 277.03 277.03 195.04 195.04 195.04 265.03 265.03 265.03 265.04 265.03 265.03
0.0 0.0 0.0 0.0 0.0 0.0 0.0 0.0 0.0 0.0 0.0 0.0 0.0 0.0 0.0 0.0 0.0 0.0 0.0 0.0 0.0 0.0 0.0 0.0 167.03 167.03 167.03 71.03 71.03 71.03 71.03 212.03 212.03 212.03 212.03 212.03 212.03 244.04 244.04 244.04 244.04 283.04 283.03 283.03 0.02 197.03 197.03 41.03 41.03 0.02 41.03 41.03 41.03 152.03 152.03 331.03 331.03 331.03 331.03 331.03 0.01 0.01 0.01 0.01 277.03 277.03 277.03 277.03 195.03 195.04 195.04 265.03 265.03 0.02 265.03 265.03 265.03
0.0 0.0 0.0 0.0 0.0 0.0 0.0 0.0 0.0 0.0 0.0 0.0 0.02 0.02 0.01 0.01 90.03 0.0 0.0 0.0 0.0 0.0 0.0 167.03 167.03 167.03 167.03 71.03 71.03 71.03 71.03 71.03 212.04 212.04 212.04 212.04 0.02 244.04 0.05 0.05 283.04 283.04 0.02 283.03 0.02 101.03 101.03 0.08 41.03 41.03 41.03 0.02 41.03 152.03 152.03 152.03 331.03 331.03 331.03 331.03 0.02 0.02 0.01 0.01 56.03 277.03 277.03 277.03 195.03 195.04 265.04 265.04 265.04 265.04 265.03 265.03 0.02
0.0 0.0 0.0 0.0 0.0 0.0 0.0 0.0 0.0 0.0 0.0 303.03 0.02 303.03 0.02 90.03 90.03 90.03 90.03 0.0 0.0 0.0 167.03 167.03 167.03 167.03 0.02 71.03 71.04 71.04 71.04 71.04 71.03 212.03 212.04 212.04 212.04 283.04 0.05 283.04 283.04 283.04 283.03 283.03 283.03 101.03 101.03 101.03 101.03 41.03 41.03 41.03 152.03 152.03 152.03 152.03 0.01 0.01 0.01 331.03 0.02 56.03 56.03 0.02 56.03 56.03 277.03 277.03 277.04 84.04 84.04 265.04 265.04 0.05 265.03 265.03 265.03
0.0 0.0 0.0 0.0 0.0 0.0 0.0 0.0 0.0 303.03 303.03 303.03 303.03 303.03 90.03 90.03 90.03 90.03 90.03 192.03 192.03 167.03 167.03 0.02 167.03 167.03 71.03 0.05 71.04 71.04 71.04 71.04 0.02 238.04 238.04 54.04 54.03 283.04 283.04 283.03 283.03 283.03 0.02 283.03 101.03 101.03 101.03 0.02 101.03 41.03 41.03 41.03 152.03 152.03 152.03 0.02 0.01 0.01 0.01 56.03 56.03 56.03 56.03 0.01 0.01 0.01 0.01 23.03 23.03 84.04 84.04 84.03 0.05 0.05 0.05 0.05 265.03
0.0 0.0 0.0 0.0 0.0 0.0 0.0 0.0 303.03 0.02 303.03 303.03 303.03 303.03 303.03 90.03 90.03 90.03 90.03 192.03 192.03 167.03 167.03 167.03 167.03 167.03 71.03 71.04 71.04 71.04 71.04 0.05 238.04 238.04 238.04 54.04 54.03 54.04 283.04 27.03 27.03 0.02 27.03 27.03 101.03 101.03 101.03 101.03 101.03 0.02 41.03 0.02 152.03 111.03 111.03 111.03 111.03 0.01 331.03 56.03 56.03 56.03 56.03 0.01 0.01 0.01 0.02 23.03 23.03 84.04 84.04 0.02 84.03 84.03 0.05 0.05 242.03
0.0 0.0 0.0 0.0 0.0 0.0 0.0 303.03 303.03 303.03 303.04 303.03 303.03 303.03 303.04 0.02 90.03 90.03 192.03 192.03 192.03 167.03 167.03 167.03 167.03 167.03 71.03 71.03 71.04 71.04 71.04 238.04 238.04 238.04 285.04 0.05 0.02 54.03 54.04 27.03 27.03 27.03 27.03 27.03 101.03 0.05 101.03 101.03 0.02 101.03 221.03 221.03 221.03 221.03 111.03 111.03 111.03 0.01 56.03 56.03 56.03 52.03 0.02 0.02 0.02 52.03 23.03 23.03 23.03 23.03 84.04 0.02 84.03 84.03 242.03 242.03 242.03
0.0 0.0 0.0 0.0 0.0 0.0 303.03 303.03 303.03 303.03 303.04 303.04 303.04 303.04 303.04 142.03 142.03 142.03 142.03 142.03 192.03 192.03 80.03 0.02 80.03 80.04 80.03 71.03 71.03 71.03 238.04 238.04 238.04 0.05 0.05 0.05 0.02 54.03 54.04 27.04 27.04 27.03 27.03 27.03 65.03 0.05 101.03 101.04 101.04 101.04 221.04 221.04 221.03 221.03 221.03 111.03 0.01 0.01 341.03 76.03 52.03 52.03 52.03 52.03 0.02 52.03 23.03 23.03 23.03 11.03 84.04 0.02 84.03 242.03 242.03 242.03 242.03
0.0 0.0 0.0 0.0 0.0 150.03 150.03 303.03 303.03 303.03 303.04 303.04 303.04 303.04 303.04 142.04 142.04 142.04 0.02 142.03 142.03 80.03 80.04 0.02 80.04 80.04 80.04 71.03 238.03 238.03 238.03 238.03 285.04 285.04 0.05 54.03 0.02 54.03 54.04 27.04 27.04 27.03 0.01 0.02 65.03 65.03 65.03 65.04 101.04 101.04 221.04 221.04 0.05 221.03 221.03 341.03 341.03 341.03 341.03 76.03 76.03 52.03 52.03 52.03 0.02 161.03 23.03 11.03 11.03 11.03 11.03 11.03 242.03 242.03 242.03 242.03 242.03
0.0 0.0 0.0 0.0 150.03 150.03 150.03 150.03 150.03 303.04 303.04 303.04 303.03 303.04 303.04 142.04 142.04 142.04 142.03 142.03 142.04 80.04 80.04 80.04 80.04 80.04 80.04 11.04 11.03 238.03 238.03 285.03 285.03 285.03 285.03 54.03 54.03 54.03 54.04 107.04 316.04 316.03 316.03 66.03 65.03 65.03 65.03 65.03 65.04 65.04 221.04 221.04 0.05 221.03 341.03 341.03 341.03 341.03 76.03 76.03 76.03 76.03 139.03 161.03 161.03 161.03 161.03 11.03 11.04 11.03 11.03 11.03 242.03 242.03 242.04 242.03 242.03
