InputFiles/GridInputs/LU&ParcGridSob20.asc
ncols         177
nrows         257
xllcorner     -1684940.3713166039
yllcorner     3170668.0308883013
dx            20.099826346325166
dy            20.01721326890492
[rows 185 to 221 of 257, columns 84 to 167 of 177]
0.0 0.0 0.0 0.0 0.0 0.0 0.0 289.04 289.04 289.04 338.03 338.03 338.03 0.05 338.04 0.02 631.04 631.04 631.04 631.04 631.04 631.04 0.12 0.12 0.12 0.12 445.03 728.03 728.03 728.03 728.03 728.03 728.03 707.04 0.02 30.04 30.04 30.04 30.04 30.04 30.03 464.03 339.03 201.03 0.02 649.03 649.03 649.03 649.03 287.03 0.02 287.04 287.04 301.04 301.04 301.04 301.04 301.04 301.04 301.04 501.04 501.03 501.03 501.03 501.03 0.02 590.03 0.05 0.05 153.04 153.04 153.03 153.03 259.03 259.04 259.03 259.03 0.0 0.0 0.0 0.0 0.0 0.0 0.0
0.0 0.0 0.0 0.0 0.0 0.0 0.0 34.04 34.04 34.04 421.03 338.03 338.03 0.05 338.04 338.04 631.04 631.04 631.04 631.04 631.03 0.12 0.12 0.12 0.12 0.12 445.03 728.03 728.03 728.03 728.03 728.03 728.03 728.03 707.04 707.04 30.04 30.04 30.04 0.02 0.02 339.03 339.03 339.03 201.03 201.03 201.03 649.03 649.03 649.03 0.02 60.04 60.04 60.04 301.04 301.04 301.04 301.04 301.04 301.03 386.04 386.04 386.03 386.03 386.03 214.03 590.03 0.05 0.05 153.04 153.04 0.02 153.03 259.04 0.12 0.12 0.12 0.0 0.0 0.0 0.0 0.0 0.0 0.0
0.0 0.0 0.0 0.0 0.0 0.0 0.0 34.04 34.04 34.04 421.03 421.03 338.03 0.05 338.04 474.04 474.03 474.04 474.04 474.04 474.04 0.12 0.12 0.12 0.12 0.12 445.03 445.03 728.03 728.03 728.03 0.02 728.04 728.03 707.03 0.02 0.02 707.04 30.03 30.03 30.03 0.02 0.02 339.03 201.03 201.03 201.03 201.03 649.03 0.02 60.03 60.03 60.04 60.04 301.04 301.04 301.04 301.04 301.04 301.04 386.04 386.04 386.03 386.03 214.03 214.03 590.03 0.05 0.05 590.04 590.03 153.03 0.12 0.12 0.12 0.12 0.0 0.0 0.0 0.0 0.0 0.0 0.0 0.0
0.0 0.0 0.0 0.0 0.0 0.0 0.0 34.04 34.04 421.04 421.03 421.03 421.03 526.03 526.03 474.03 474.04 474.04 474.04 0.02 0.12 0.12 0.12 0.12 0.12 0.12 445.03 445.03 728.03 728.03 728.03 728.03 728.03 728.03 728.03 0.02 0.02 0.02 628.03 628.03 339.03 339.03 339.03 339.03 339.03 201.03 0.02 201.04 60.04 60.04 0.02 0.02 60.04 60.04 60.04 301.04 301.04 301.04 301.04 301.04 386.04 386.04 386.04 386.04 0.02 214.03 590.03 590.03 590.03 0.02 0.12 0.12 0.12 0.12 0.12 0.12 0.0 0.0 0.0 0.0 0.0 0.0 0.0 0.0
0.0 0.0 0.0 0.0 0.0 0.0 0.0 34.04 34.04 421.04 421.04 421.04 526.04 526.04 526.03 474.04 474.04 474.04 474.04 0.02 0.12 0.12 0.12 0.12 0.12 0.12 445.03 445.03 445.03 728.03 728.03 728.03 728.03 728.03 728.03 707.04 628.04 0.02 628.03 0.02 628.03 339.03 339.03 339.03 339.03 339.03 201.04 201.04 60.04 60.04 60.04 60.04 60.04 60.04 60.04 301.04 301.04 301.04 301.03 767.03 386.04 386.04 386.04 214.04 214.03 214.03 590.03 590.04 590.04 0.12 0.12 0.12 0.12 0.12 0.12 0.0 0.0 0.0 0.0 0.0 0.0 0.0 0.0 0.0
0.0 0.0 0.0 0.0 0.0 0.0 0.0 801.04 801.04 235.04 235.04 235.03 526.04 526.04 526.03 474.03 474.03 474.04 776.04 776.04 0.12 0.12 0.12 0.12 0.12 0.12 445.03 445.03 445.03 728.03 728.03 728.03 728.03 728.03 728.03 0.02 628.04 0.02 628.03 0.02 239.03 339.03 339.03 339.03 339.03 339.04 201.03 60.04 60.04 60.04 60.04 60.04 60.04 60.04 60.04 60.04 301.03 301.04 767.03 767.04 767.04 767.04 767.04 767.03 214.03 214.03 590.03 590.04 0.12 0.12 0.12 0.12 0.12 0.12 0.0 0.0 0.0 0.0 0.0 0.0 0.0 0.0 0.0 0.0
0.0 0.0 0.0 0.0 0.0 0.0 801.03 801.04 801.04 235.04 235.03 0.02 526.04 526.04 0.02 474.04 474.04 0.02 776.04 776.04 0.12 0.12 0.12 0.12 0.12 445.03 445.03 445.03 445.03 445.03 728.03 728.03 728.03 728.03 728.03 728.03 0.02 0.02 239.03 239.04 239.03 239.03 239.03 339.03 339.03 339.04 339.04 60.04 60.04 60.04 60.04 60.04 60.04 60.04 60.04 60.03 614.04 614.04 614.04 767.04 767.04 0.05 0.05 767.03 767.03 214.03 590.03 0.12 0.12 0.12 0.12 0.12 0.12 0.0 0.0 0.0 0.0 0.0 0.0 0.0 0.0 0.0 0.0 0.0
0.0 0.0 0.0 0.0 0.0 0.0 801.03 801.03 801.03 235.04 235.04 235.04 235.04 526.04 526.04 474.03 776.03 776.03 776.04 776.03 0.12 0.12 0.12 0.12 0.12 0.02 445.03 445.03 445.04 445.04 728.04 728.04 728.03 728.03 728.03 0.05 0.02 239.04 0.02 239.04 239.04 239.03 239.03 239.03 339.03 536.04 536.04 536.04 60.04 60.04 60.04 60.04 60.04 60.03 60.03 60.03 614.04 614.04 614.04 614.04 614.04 0.05 767.03 767.03 767.03 767.03 0.12 0.12 0.12 0.12 0.12 0.12 0.0 0.0 0.0 0.0 0.0 0.0 0.0 0.0 0.0 0.0 0.0 0.0
0.0 0.0 0.0 0.0 0.0 0.0 801.03 801.03 801.03 801.04 235.04 235.04 235.04 526.04 133.04 133.03 776.03 776.03 776.03 0.02 776.03 0.12 0.12 0.12 0.12 445.03 445.03 445.03 445.04 445.04 445.04 728.04 0.02 458.03 458.03 458.03 458.04 239.04 239.04 239.04 239.04 239.03 239.03 0.02 536.03 536.04 536.04 536.04 536.04 60.04 60.03 60.03 60.03 60.03 60.03 0.02 614.04 614.04 0.08 614.04 614.04 614.03 767.03 767.03 767.03 0.12 0.12 0.12 0.12 0.12 0.0 0.0 0.0 0.0 0.0 0.0 0.0 0.0 0.0 0.0 0.0 0.0 0.0 0.0
0.0 0.0 0.0 0.0 0.0 0.02 801.03 801.03 801.04 801.04 235.04 692.04 692.04 0.02 133.04 133.04 0.02 776.04 0.02 776.03 776.03 0.12 0.12 0.12 445.04 445.03 445.03 445.04 445.04 445.04 445.04 458.04 458.03 458.03 458.03 458.04 458.04 458.04 239.04 239.04 239.03 239.03 239.03 536.04 536.03 536.04 536.04 536.04 536.04 536.04 0.02 60.03 60.03 60.03 60.03 614.03 614.03 614.04 614.04 614.04 614.04 614.04 614.04 614.03 0.12 0.12 0.12 0.12 0.12 0.0 0.0 0.0 0.0 0.0 0.0 0.0 0.0 0.0 0.0 0.0 0.0 0.0 0.0 0.0
0.0 0.0 0.0 0.02 0.05 801.04 801.04 801.03 801.04 692.04 692.04 692.04 692.04 692.04 133.04 260.04 260.04 260.04 260.04 776.04 776.04 0.12 0.12 0.12 445.03 445.03 445.03 445.04 445.04 445.04 445.04 458.04 458.03 458.03 458.03 458.04 458.04 458.04 28.04 239.04 239.04 239.03 239.03 536.03 0.05 536.03 536.04 536.04 536.04 0.0 0.0 0.0 0.0 60.03 614.03 614.03 614.04 614.04 614.04 614.04 614.04 614.04 614.03 0.12 0.12 0.12 0.12 0.12 0.0 0.0 0.0 0.0 0.0 0.0 0.0 0.0 0.0 0.0 0.0 0.0 0.0 0.0 0.0 0.0
0.0 801.03 801.03 801.03 801.04 801.04 801.04 801.04 801.04 692.04 692.04 692.04 692.04 692.04 0.05 260.03 260.03 260.04 260.04 260.04 260.04 445.03 0.12 445.03 445.04 445.04 445.03 445.04 445.04 445.04 445.04 458.03 458.03 458.03 0.02 458.04 458.04 28.04 0.02 28.04 28.03 28.03 536.03 536.03 536.03 536.03 0.05 0.05 0.0 0.0 0.0 0.0 0.0 0.0 0.0 614.03 614.04 614.04 614.04 614.04 614.04 0.12 0.12 0.12 0.12 0.12 0.0 0.0 0.0 0.0 0.0 0.0 0.0 0.0 0.0 0.0 0.0 0.0 0.0 0.0 0.0 0.0 0.0 0.0
620.03 620.03 620.03 801.03 801.04 801.04 801.04 801.04 692.04 0.12 0.12 0.12 0.12 692.04 0.05 260.03 260.03 260.04 0.05 0.05 260.04 0.12 0.12 0.12 445.03 445.03 445.04 445.03 445.03 445.03 407.03 407.03 458.03 458.03 458.03 458.04 458.04 28.04 28.04 0.08 28.03 272.03 536.03 536.03 536.03 536.03 536.03 536.03 0.05 0.0 0.0 0.0 0.0 0.0 0.0 0.0 614.04 614.04 614.04 0.12 0.12 0.12 0.12 0.12 0.0 0.0 0.0 0.0 0.0 0.0 0.0 0.0 0.0 0.0 0.0 0.0 0.0 0.0 0.0 0.0 0.0 0.0 0.0 0.0
620.03 0.02 620.03 620.03 620.04 620.04 801.04 692.04 0.12 0.12 0.12 0.12 0.12 0.12 0.05 260.03 260.03 260.03 260.03 0.02 0.12 0.12 0.12 0.12 0.12 445.04 445.04 445.04 445.04 407.04 407.04 407.03 407.03 407.03 407.03 458.04 28.04 28.04 28.03 272.03 272.03 272.03 272.03 536.03 536.03 536.03 0.12 0.02 536.03 0.0 0.0 0.0 0.0 0.0 0.0 0.0 0.0 614.04 0.12 0.12 0.12 0.12 0.12 0.0 0.0 0.0 0.0 0.0 0.0 0.0 0.0 0.0 0.0 0.0 0.0 0.0 0.0 0.0 0.0 0.0 0.0 0.0 0.0 0.0
620.03 620.03 620.03 620.03 620.04 620.04 620.04 692.04 0.12 0.12 0.12 0.12 0.12 0.12 0.12 0.02 260.03 260.03 0.12 0.12 0.12 0.12 0.12 0.12 0.12 445.03 445.04 445.04 445.04 407.04 407.04 407.04 407.03 407.03 407.03 407.03 28.04 272.04 272.03 272.03 272.03 272.03 0.05 536.03 0.12 0.12 0.12 0.12 0.12 536.03 0.0 0.0 0.0 0.0 0.0 0.0 0.0 0.0 0.0 0.12 0.12 0.12 0.0 0.0 0.0 0.0 0.0 0.0 0.0 0.0 0.0 0.0 0.0 0.0 0.0 0.0 0.0 0.0 0.0 0.0 0.0 0.0 0.0 0.0
620.03 620.03 620.03 0.02 620.04 620.04 620.04 620.04 692.04 0.12 0.12 0.12 0.12 0.12 0.12 0.12 0.12 0.12 0.12 0.12 0.12 0.12 0.12 0.12 0.12 445.04 445.04 445.04 407.04 407.04 407.04 407.03 407.03 407.03 407.03 407.03 407.04 272.04 272.03 272.03 272.03 272.03 272.03 0.12 0.12 0.12 0.12 0.12 0.12 0.12 0.0 0.0 0.0 0.0 0.0 0.0 0.0 0.0 0.0 0.0 0.0 0.0 0.0 0.0 0.0 0.0 0.0 0.0 0.0 0.0 0.0 0.0 0.0 0.0 0.0 0.0 0.0 0.0 0.0 0.0 0.0 0.0 0.0 0.0
620.04 620.04 620.04 620.04 620.04 620.03 620.04 620.04 620.04 0.12 0.12 0.12 0.12 0.12 0.12 0.12 0.12 0.12 0.12 0.12 0.12 0.12 0.12 0.12 0.12 445.04 445.04 407.04 407.04 407.04 407.04 407.03 407.03 407.03 0.02 407.03 407.03 107.03 107.03 107.03 272.03 272.03 0.12 0.12 0.12 0.12 0.12 0.12 0.12 0.12 0.0 0.0 0.0 0.0 0.0 0.0 0.0 0.0 0.0 0.0 0.0 0.0 0.0 0.0 0.0 0.0 0.0 0.0 0.0 0.0 0.0 0.0 0.0 0.0 0.0 0.0 0.0 0.0 0.0 0.0 0.0 0.0 0.0 0.0
620.04 620.04 620.03 620.03 620.03 620.03 620.03 620.04 620.03 0.12 0.12 0.12 0.12 0.12 0.12 0.12 0.12 0.12 0.12 0.12 0.12 0.12 0.12 0.12 0.12 445.04 407.04 407.04 407.04 407.03 407.03 407.03 407.03 407.03 407.03 407.03 407.03 107.03 107.03 107.03 107.03 107.03 0.12 0.12 0.12 0.12 0.12 0.12 0.12 0.12 0.0 0.0 0.0 0.0 0.0 0.0 0.0 0.0 0.0 0.0 0.0 0.0 0.0 0.0 0.0 0.0 0.0 0.0 0.0 0.0 0.0 0.0 0.0 0.0 0.0 0.0 0.0 0.0 0.0 0.0 0.0 0.0 0.0 0.0
620.03 620.03 620.03 620.03 620.03 620.03 620.04 620.03 620.03 0.12 0.12 0.12 0.12 0.12 0.12 0.12 0.12 0.12 0.12 0.12 0.12 0.12 0.12 0.12 0.12 0.12 407.04 407.04 407.04 407.03 407.03 407.03 407.03 407.03 407.03 407.03 107.03 107.03 107.03 107.03 107.03 0.12 0.12 0.12 0.12 0.12 0.12 0.12 0.12 0.12 0.0 0.0 0.0 0.0 0.0 0.0 0.0 0.0 0.0 0.0 0.0 0.0 0.0 0.0 0.0 0.0 0.0 0.0 0.0 0.0 0.0 0.0 0.0 0.0 0.0 0.0 0.0 0.0 0.0 0.0 0.0 0.0 0.0 0.0
620.03 620.03 620.03 620.03 0.02 620.04 620.03 620.03 620.03 0.12 0.12 0.12 0.12 0.12 0.12 0.12 0.12 0.12 0.12 0.12 0.12 0.12 0.12 0.12 0.12 0.12 0.12 0.12 407.04 407.04 407.04 407.03 407.04 407.03 407.03 605.03 0.02 107.03 107.03 107.03 0.12 0.12 0.12 0.12 0.12 0.12 0.12 0.12 0.12 0.12 0.0 0.0 0.0 0.0 0.0 0.0 0.0 0.0 0.0 0.0 0.0 0.0 0.0 0.0 0.0 0.0 0.0 0.0 0.0 0.0 0.0 0.0 0.0 0.0 0.0 0.0 0.0 0.0 0.0 0.0 0.0 0.0 0.0 0.0
620.03 0.02 620.03 620.04 620.04 620.03 180.03 180.03 0.12 0.12 0.12 0.12 0.12 0.12 0.12 0.12 0.12 0.12 0.12 0.12 0.12 0.12 0.12 0.12 0.12 0.12 0.12 0.12 0.12 0.12 407.04 407.04 407.04 605.03 605.03 605.03 605.03 605.03 107.03 0.05 0.12 0.12 0.12 0.12 0.12 0.12 0.12 0.12 0.12 0.0 0.0 0.0 0.0 0.0 0.0 0.0 0.0 0.0 0.0 0.0 0.0 0.0 0.0 0.0 0.0 0.0 0.0 0.0 0.0 0.0 0.0 0.0 0.0 0.0 0.0 0.0 0.0 0.0 0.0 0.0 0.0 0.0 0.0 0.0
449.04 449.04 449.04 449.03 449.03 180.03 0.12 0.12 0.12 0.12 0.12 0.12 0.12 0.12 0.12 0.12 0.12 0.12 0.12 0.12 0.12 0.12 0.12 0.12 0.12 0.12 0.12 0.12 0.12 0.12 0.12 605.04 605.04 605.03 605.03 605.03 605.03 605.03 605.03 0.12 0.12 0.12 0.12 0.12 0.12 0.12 0.12 0.12 0.12 0.0 0.0 0.0 0.0 0.0 0.0 0.0 0.0 0.0 0.0 0.0 0.0 0.0 0.0 0.0 0.0 0.0 0.0 0.0 0.0 0.0 0.0 0.0 0.0 0.0 0.0 0.0 0.0 0.0 0.0 0.0 0.0 0.0 0.0 0.0
449.03 449.04 449.04 449.04 180.03 0.12 0.12 0.12 0.12 0.12 0.12 0.12 0.12 0.12 0.12 0.12 0.12 0.12 0.12 0.12 0.12 0.12 0.12 0.12 0.12 0.12 0.12 0.12 0.12 0.12 0.12 605.03 605.03 605.03 605.03 605.03 605.03 605.03 605.03 605.03 0.12 0.12 0.12 0.12 0.12 0.12 0.12 0.0 0.0 0.0 0.0 0.0 0.0 0.0 0.0 0.0 0.0 0.0 0.0 0.0 0.0 0.0 0.0 0.0 0.0 0.0 0.0 0.0 0.0 0.0 0.0 0.0 0.0 0.0 0.0 0.0 0.0 0.0 0.0 0.0 0.0 0.0 0.0 0.0
449.03 449.04 449.04 449.04 0.12 0.12 0.12 0.12 0.12 0.12 0.12 0.12 0.12 0.12 0.12 0.12 0.12 0.12 0.12 0.12 0.12 0.12 0.12 0.12 0.12 0.12 0.12 0.12 0.12 0.12 0.12 0.12 0.12 0.12 0.12 605.03 605.03 605.03 0.0 0.0 0.0 0.0 0.0 0.0 0.12 0.0 0.0 0.0 0.0 0.0 0.0 0.0 0.0 0.0 0.0 0.0 0.0 0.0 0.0 0.0 0.0 0.0 0.0 0.0 0.0 0.0 0.0 0.0 0.0 0.0 0.0 0.0 0.0 0.0 0.0 0.0 0.0 0.0 0.0 0.0 0.0 0.0 0.0 0.0
443.04 449.04 449.04 0.12 0.12 0.12 0.12 0.12 0.12 0.12 0.12 0.12 0.12 0.12 0.12 0.12 0.12 0.12 0.12 0.12 0.12 0.12 0.12 0.12 0.12 0.12 0.12 0.12 0.12 0.12 0.12 0.12 0.12 0.12 0.12 0.12 0.12 0.0 0.0 0.0 0.0 0.0 0.0 0.0 0.0 0.0 0.0 0.0 0.0 0.0 0.0 0.0 0.0 0.0 0.0 0.0 0.0 0.0 0.0 0.0 0.0 0.0 0.0 0.0 0.0 0.0 0.0 0.0 0.0 0.0 0.0 0.0 0.0 0.0 0.0 0.0 0.0 0.0 0.0 0.0 0.0 0.0 0.0 0.0
443.04 443.04 0.12 0.12 0.12 0.12 0.12 0.12 0.12 0.12 0.12 0.12 0.12 0.12 0.12 0.12 0.12 0.12 0.12 0.12 0.12 0.12 0.12 0.12 0.12 0.12 0.12 0.12 0.12 0.12 0.12 0.12 0.12 0.12 0.12 0.12 0.0 0.0 0.0 0.0 0.0 0.0 0.0 0.0 0.0 0.0 0.0 0.0 0.0 0.0 0.0 0.0 0.0 0.0 0.0 0.0 0.0 0.0 0.0 0.0 0.0 0.0 0.0 0.0 0.0 0.0 0.0 0.0 0.0 0.0 0.0 0.0 0.0 0.0 0.0 0.0 0.0 0.0 0.0 0.0 0.0 0.0 0.0 0.0
443.04 443.04 0.12 0.12 0.12 0.12 0.12 0.12 0.12 0.12 0.12 0.12 0.12 0.12 0.12 0.12 0.12 0.12 64.04 0.12 0.12 0.12 0.12 0.12 0.12 0.12 0.12 0.12 0.12 0.12 0.12 0.12 0.12 0.12 0.12 0.12 0.0 0.0 0.0 0.0 0.0 0.0 0.0 0.0 0.0 0.0 0.0 0.0 0.0 0.0 0.0 0.0 0.0 0.0 0.0 0.0 0.0 0.0 0.0 0.0 0.0 0.0 0.0 0.0 0.0 0.0 0.0 0.0 0.0 0.0 0.0 0.0 0.0 0.0 0.0 0.0 0.0 0.0 0.0 0.0 0.0 0.0 0.0 0.0
443.04 0.12 0.12 0.12 0.12 0.12 0.12 0.12 0.12 0.12 0.12 0.12 0.12 0.12 0.12 0.12 0.12 64.03 64.04 64.04 64.04 64.03 0.12 0.12 0.12 0.12 0.12 0.12 0.12 0.12 0.12 0.12 0.12 0.12 0.12 0.12 0.0 0.0 0.0 0.0 0.0 0.0 0.0 0.0 0.0 0.0 0.0 0.0 0.0 0.0 0.0 0.0 0.0 0.0 0.0 0.0 0.0 0.0 0.0 0.0 0.0 0.0 0.0 0.0 0.0 0.0 0.0 0.0 0.0 0.0 0.0 0.0 0.0 0.0 0.0 0.0 0.0 0.0 0.0 0.0 0.0 0.0 0.0 0.0
443.04 0.12 0.12 0.12 0.12 0.12 0.12 0.12 0.12 0.12 0.12 0.12 0.12 0.12 0.12 0.05 0.05 0.05 64.04 64.04 64.04 64.04 64.03 64.03 0.12 0.12 0.12 0.12 0.12 0.12 0.12 0.12 0.12 0.12 0.12 0.12 0.12 0.0 0.0 0.0 0.0 0.0 0.0 0.0 0.0 0.0 0.0 0.0 0.0 0.0 0.0 0.0 0.0 0.0 0.0 0.0 0.0 0.0 0.0 0.0 0.0 0.0 0.0 0.0 0.0 0.0 0.0 0.0 0.0 0.0 0.0 0.0 0.0 0.0 0.0 0.0 0.0 0.0 0.0 0.0 0.0 0.0 0.0 0.0
0.12 0.12 0.12 0.12 0.12 361.04 361.04 361.04 361.04 0.12 0.12 0.12 0.12 0.05 0.05 0.05 0.02 64.04 64.04 64.04 64.04 64.04 64.04 0.02 0.02 0.12 0.12 0.12 0.12 0.12 0.12 0.12 0.12 0.12 0.12 0.12 0.12 0.12 0.0 0.0 0.0 0.0 0.0 0.0 0.0 0.0 0.0 0.0 0.0 0.0 0.0 0.0 0.0 0.0 0.0 0.0 0.0 0.0 0.0 0.0 0.0 0.0 0.0 0.0 0.0 0.0 0.0 0.0 0.0 0.0 0.0 0.0 0.0 0.0 0.0 0.0 0.0 0.0 0.0 0.0 0.0 0.0 0.0 0.0
0.12 0.12 0.12 0.12 361.04 361.04 361.04 361.04 361.04 413.04 186.04 0.05 0.05 0.05 186.04 186.04 0.02 64.04 64.04 64.04 64.04 64.03 64.03 64.03 247.03 247.04 247.04 0.12 0.12 0.12 0.12 0.12 0.12 0.12 0.12 0.12 0.12 0.12 0.12 0.0 0.0 0.0 0.0 0.0 0.0 0.0 0.0 0.0 0.0 0.0 0.0 0.0 0.0 0.0 0.0 0.0 0.0 0.0 0.0 0.0 0.0 0.0 0.0 0.0 0.0 0.0 0.0 0.0 0.0 0.0 0.0 0.0 0.0 0.0 0.0 0.0 0.0 0.0 0.0 0.0 0.0 0.0 0.0 0.0
0.12 0.12 0.12 361.04 361.04 361.04 361.04 361.04 413.03 0.02 413.03 186.03 0.05 186.04 186.04 186.04 186.04 64.04 64.04 64.04 64.04 64.04 64.03 247.03 247.04 247.04 247.04 247.04 0.05 0.12 0.12 0.12 0.12 0.12 0.12 0.12 0.12 0.12 0.12 0.0 0.0 0.0 0.0 0.0 0.0 0.0 0.0 0.0 0.0 0.0 0.0 0.0 0.0 0.0 0.0 0.0 0.0 0.0 0.0 0.0 0.0 0.0 0.0 0.0 0.0 0.0 0.0 0.0 0.0 0.0 0.0 0.0 0.0 0.0 0.0 0.0 0.0 0.0 0.0 0.0 0.0 0.0 0.0 0.0
0.12 0.12 0.12 361.03 361.03 361.04 361.04 413.03 413.03 413.03 413.03 186.03 186.03 186.03 186.03 0.02 186.04 64.04 64.04 64.04 0.02 0.02 247.03 247.04 247.04 247.04 247.04 247.04 0.05 247.03 247.03 247.04 0.12 0.12 0.12 0.12 0.12 0.12 0.0 0.0 0.0 0.0 0.0 0.0 0.0 0.0 0.0 0.0 0.0 0.0 0.0 0.0 0.0 0.0 0.0 0.0 0.0 0.0 0.0 0.0 0.0 0.0 0.0 0.0 0.0 0.0 0.0 0.0 0.0 0.0 0.0 0.0 0.0 0.0 0.0 0.0 0.0 0.0 0.0 0.0 0.0 0.0 0.0 0.0
0.12 0.12 617.03 617.03 617.03 361.03 361.03 413.03 413.03 413.03 413.03 413.03 186.03 186.03 186.03 0.02 113.04 113.04 113.04 113.03 0.02 0.02 247.03 247.03 247.04 247.04 0.05 0.05 0.05 0.05 247.03 247.03 247.03 0.02 0.12 0.12 0.12 0.12 0.0 0.0 0.0 0.0 0.0 0.0 0.0 0.0 0.0 0.0 0.0 0.0 0.0 0.0 0.0 0.0 0.0 0.0 0.0 0.0 0.0 0.0 0.0 0.0 0.0 0.0 0.0 0.0 0.0 0.0 0.0 0.0 0.0 0.0 0.0 0.0 0.0 0.0 0.0 0.0 0.0 0.0 0.0 0.0 0.0 0.0
0.12 0.12 617.03 617.03 617.03 519.03 519.03 413.03 413.03 413.03 0.02 413.03 413.03 113.03 113.03 113.03 113.04 113.04 113.04 113.03 217.03 247.03 247.03 247.03 247.04 0.05 0.05 0.05 0.05 247.03 247.03 247.03 247.03 247.04 247.04 247.03 247.03 0.12 0.0 0.0 0.0 0.0 0.0 0.0 0.0 0.0 0.0 0.0 0.0 0.0 0.0 0.0 0.0 0.0 0.0 0.0 0.0 0.0 0.0 0.0 0.0 0.0 0.0 0.0 0.0 0.0 0.0 0.0 0.0 0.0 0.0 0.0 0.0 0.0 0.0 0.0 0.0 0.0 0.0 0.0 0.0 0.0 0.0 0.0
0.12 444.03 617.03 617.03 617.03 519.03 0.05 413.03 413.03 413.03 0.02 413.03 113.03 113.03 113.03 113.03 113.03 113.03 217.04 217.04 217.04 247.03 247.03 247.03 247.04 0.05 0.05 0.05 0.05 247.03 247.03 247.03 247.03 247.04 247.04 247.04 247.03 0.0 0.0 0.0 0.0 0.0 0.0 0.0 0.0 0.0 0.0 0.0 0.0 0.0 0.0 0.0 0.0 0.0 0.0 0.0 0.0 0.0 0.0 0.0 0.0 0.0 0.0 0.0 0.0 0.0 0.0 0.0 0.0 0.0 0.0 0.0 0.0 0.0 0.0 0.0 0.0 0.0 0.0 0.0 0.0 0.0 0.0 0.0
0.02 444.03 617.04 0.02 519.03 519.03 0.02 519.03 413.03 413.03 413.04 413.03 113.03 113.03 113.03 113.03 51.03 51.03 217.04 217.04 217.04 247.04 247.04 247.04 247.04 247.04 247.04 247.04 0.05 0.05 0.05 0.05 0.0 0.0 0.0 0.0 0.0 0.0 0.0 0.0 0.0 0.0 0.0 0.0 0.0 0.0 0.0 0.0 0.0 0.0 0.0 0.0 0.0 0.0 0.0 0.0 0.0 0.0 0.0 0.0 0.0 0.0 0.0 0.0 0.0 0.0 0.0 0.0 0.0 0.0 0.0 0.0 0.0 0.0 0.0 0.0 0.0 0.0 0.0 0.0 0.0 0.0 0.0 0.0
