InputFiles/GridInputs/LU&ParcGridDiohine30.asc
ncols         205
nrows         224
xllcorner     -1693877.958766256
yllcorner     3174597.0031306315
dx            30.035184769534574
dy            30.036278548958112
[rows 32 to 63 of 224, columns 0 to 71 of 205]
0.0 0.0 0.0 0.0 0.0 0.0 0.0 0.0 0.0 0.0 0.0 0.0 0.0 0.0 0.0 0.0 0.0 0.0 0.0 0.0 0.0 0.0 0.0 0.0 0.0 0.0 0.0 0.0 0.0 0.0 0.0 0.0 0.0 0.0 0.0 0.0 0.0 0.0 0.0 0.0 0.0 0.0 0.13 0.13 0.13 872.03 872.03 2215.03 2215.03 2215.03 726.04 726.04 726.04 726.04 0.05 0.02 1956.03 1956.03 43.04 43.04 1484.04 1484.04 1484.04 1378.03 106.03 1004.04 1004.04 1004.03 121.03 121.03 121.03 1417.03
0.0 0.0 0.0 0.0 0.0 0.0 0.0 0.0 0.0 0.0 0.0 0.0 0.0 0.0 0.0 0.0 0.0 0.0 0.0 0.0 0.0 0.0 0.0 0.0 0.0 0.0 0.0 0.0 0.0 0.0 0.0 0.0 0.0 0.0 0.0 0.0 0.0 0.0 0.0 0.0 0.0 0.13 0.13 0.13 0.05 872.03 872.03 1556.03 2215.03 2215.03 0.01 726.04 726.04 726.04 726.04 1956.03 43.04 43.04 43.04 43.04 43.04 1378.04 1378.04 1378.04 1378.04 1004.04 1004.04 1004.04 1004.03 121.03 1417.03 1417.03
0.0 0.0 0.0 0.0 0.0 0.0 0.0 0.0 0.0 0.0 0.0 0.0 0.0 0.0 0.0 0.0 0.0 0.0 0.0 0.0 0.0 0.0 0.0 0.0 0.0 0.0 0.0 0.0 0.0 0.0 0.0 0.0 0.0 0.0 0.0 0.0 0.0 0.0 0.0 0.0 0.13 0.13 0.13 872.03 872.03 872.03 872.03 1556.03 1556.03 0.01 0.01 0.01 726.04 726.04 726.04 2448.03 2448.04 43.04 43.04 43.04 43.04 1378.04 1378.04 1378.04 1378.04 2360.04 2360.04 2360.04 2360.04 2360.03 1417.03 0.02
0.0 0.0 0.0 0.0 0.0 0.0 0.0 0.0 0.0 0.0 0.0 0.0 0.0 0.0 0.0 0.0 0.0 0.0 0.0 0.0 0.0 0.0 0.0 0.0 0.0 0.0 0.0 0.0 0.0 0.0 0.0 0.0 0.0 0.0 0.0 0.0 0.0 0.0 0.0 0.13 0.13 898.03 898.03 872.03 872.03 872.03 0.01 2291.03 2291.03 1677.03 1677.03 1677.03 726.03 726.03 2088.03 2448.03 2448.04 2448.04 43.04 43.04 1325.04 1325.04 1378.04 1378.04 1378.04 2360.04 2360.04 2360.04 2360.04 2360.03 162.03 162.04
0.0 0.0 0.0 0.0 0.0 0.0 0.0 0.0 0.0 0.0 0.0 0.0 0.0 0.0 0.0 0.0 0.0 0.0 0.0 0.0 0.0 0.0 0.0 0.0 0.0 0.0 0.0 0.0 0.0 0.0 0.0 0.0 0.0 0.0 0.0 0.0 0.0 0.0 0.13 0.13 0.02 898.03 898.03 898.03 872.03 2291.03 0.01 2291.03 2291.03 1677.03 1677.03 1677.03 1677.03 2088.03 2088.03 2088.03 2448.03 2448.04 2448.04 43.03 1325.03 1325.04 1325.04 1378.04 1378.04 2360.04 2360.04 2360.04 2360.04 162.04 162.04 162.04
0.0 0.0 0.0 0.0 0.0 0.0 0.0 0.0 0.0 0.0 0.0 0.0 0.0 0.0 0.0 0.0 0.0 0.0 0.0 0.0 0.0 0.0 0.0 0.0 0.0 0.0 0.0 0.0 0.0 0.0 0.0 0.0 0.0 0.0 0.0 0.0 0.13 0.13 898.03 0.02 898.03 898.03 898.03 0.02 384.03 2005.03 2005.03 2005.03 1178.03 2397.03 2397.03 2397.03 2397.03 2088.03 2088.03 2088.03 2448.04 2448.04 2448.03 2448.03 1325.03 1325.03 1325.04 1325.04 933.04 933.04 2360.04 2360.04 2360.04 162.04 162.04 162.03
0.0 0.0 0.0 0.0 0.0 0.0 0.0 0.0 0.0 0.0 0.0 0.0 0.0 0.0 0.0 0.0 0.0 0.0 0.0 0.0 0.0 0.0 0.0 0.0 0.0 0.0 0.0 0.0 0.0 0.0 0.0 0.0 0.0 0.0 969.04 969.04 0.05 969.03 898.03 898.03 898.03 898.03 898.03 898.03 384.03 384.03 2005.03 2005.03 2005.03 2397.03 2397.03 449.03 449.03 2088.03 2088.03 2088.03 1643.03 2448.04 2448.04 566.04 566.03 566.03 566.03 933.04 933.04 933.04 933.04 933.03 0.02 162.03 162.03 162.03
0.0 0.0 0.0 0.0 0.0 0.0 0.0 0.0 0.0 0.0 0.0 0.0 0.0 0.0 0.0 0.0 0.0 0.0 0.0 0.0 0.0 0.0 0.0 0.0 0.0 0.0 0.0 0.0 0.0 0.0 0.0 0.0 0.0 0.05 969.04 969.04 969.03 969.03 969.03 898.03 898.03 0.01 898.03 0.01 0.01 384.03 384.03 384.03 2005.03 2397.03 449.03 449.03 449.03 449.03 2088.04 1643.04 1643.03 1238.04 1238.04 566.04 566.04 566.03 566.03 933.04 933.04 933.04 0.02 0.08 162.04 162.03 1.03 1.03
0.0 0.0 0.0 0.0 0.0 0.0 0.0 0.0 0.0 0.0 0.0 0.0 0.0 0.0 0.0 0.0 0.0 0.0 0.0 0.0 0.0 0.0 0.0 0.0 0.0 0.0 0.0 0.0 0.0 0.0 0.0 0.13 0.13 0.05 969.04 969.04 969.03 969.03 969.03 969.03 0.01 0.01 0.01 0.01 0.01 384.03 1749.03 1749.03 1749.03 449.03 449.03 449.03 449.03 63.03 63.04 1643.04 1643.04 1238.04 1238.04 1607.04 566.04 566.04 566.03 933.03 933.04 933.04 933.04 0.08 577.04 577.04 1.03 1787.03
0.0 0.0 0.0 0.0 0.0 0.0 0.0 0.0 0.0 0.0 0.0 0.0 0.0 0.0 0.0 0.0 0.0 0.0 0.0 0.0 0.0 0.0 0.0 0.0 0.0 0.0 0.0 0.0 0.0 0.0 0.13 0.13 0.13 64.04 969.04 969.04 969.04 969.04 969.03 450.03 450.03 450.03 0.01 1749.03 1749.03 1749.03 1749.03 1749.03 1749.03 449.03 449.03 449.03 449.03 63.03 63.04 63.04 63.04 1607.04 1607.04 1607.04 566.04 0.05 0.05 933.04 933.04 933.03 933.03 2108.04 577.04 577.04 577.04 1787.03
0.0 0.0 0.0 0.0 0.0 0.0 0.0 0.0 0.0 0.0 0.0 0.0 0.0 0.0 0.0 0.0 0.0 0.0 0.0 0.0 0.0 0.0 0.0 0.0 0.0 0.0 0.0 0.0 0.0 0.13 0.13 64.03 64.03 64.04 2472.04 2472.04 969.04 969.04 0.01 450.03 450.03 0.02 450.03 667.03 667.03 1749.03 1749.03 1749.03 1749.03 1749.03 449.03 1295.03 1295.03 1295.03 63.03 63.04 63.04 1607.03 1607.04 1607.04 1903.03 0.05 1903.04 933.04 933.04 933.04 2108.04 2108.04 577.04 577.04 577.04 1787.04
0.0 0.0 0.0 0.0 0.0 0.0 0.0 0.0 0.0 0.0 0.0 0.0 0.0 0.0 0.0 0.0 0.0 0.0 0.0 0.0 0.0 0.0 0.0 0.0 0.0 0.0 0.0 0.0 0.05 0.13 64.04 64.03 64.04 64.04 2472.04 2472.04 2472.04 0.05 1960.03 0.01 0.02 0.02 667.03 667.03 667.03 667.03 1749.03 1749.03 1749.03 1295.03 1295.03 1295.03 1295.03 1295.03 1295.03 63.03 63.03 1607.03 1607.04 1903.04 1903.04 0.05 1903.04 922.04 997.04 997.04 2108.04 2108.04 2108.04 577.04 577.04 577.04
0.0 0.0 0.0 0.0 0.0 0.0 0.0 0.0 0.0 0.0 0.0 0.0 0.0 0.0 0.0 0.0 0.0 0.0 0.0 0.0 0.0 0.0 0.0 0.0 0.0 0.0 0.0 0.05 0.05 0.05 64.03 64.03 64.04 2472.04 2472.04 2472.04 1523.03 0.05 1960.04 1960.04 450.03 1510.03 667.03 667.03 667.03 667.03 1733.03 0.08 0.08 2451.03 61.03 61.03 0.02 1295.04 1295.03 1295.04 63.04 1903.04 1903.04 1903.04 0.08 1903.03 922.04 922.04 997.04 997.04 997.04 2108.04 2108.04 2320.04 2320.04 577.04
0.0 0.0 0.0 0.0 0.0 0.0 0.0 0.0 0.0 0.0 0.0 0.0 0.0 0.0 0.0 0.0 0.0 0.0 0.0 0.0 0.0 0.0 0.0 0.0 0.0 0.0 0.05 0.05 0.05 245.03 245.03 245.03 245.04 2472.04 2472.04 2472.04 1523.04 1523.04 1523.04 1960.04 1647.03 1647.03 1510.03 667.03 667.03 1733.03 1733.03 1733.03 2451.03 2451.03 2451.03 61.03 61.03 0.02 0.02 61.04 61.03 1903.03 1903.03 1903.03 1903.03 1903.03 922.04 922.04 997.04 997.04 997.03 2320.03 2320.03 2320.04 2320.04 2320.04
0.0 0.0 0.0 0.0 0.0 0.0 0.0 0.0 0.0 0.0 0.0 0.0 0.0 0.0 0.0 0.0 0.0 0.0 0.0 0.0 0.0 0.0 0.0 0.0 0.0 0.05 0.05 0.13 0.05 245.03 245.03 245.03 245.04 2472.04 2472.04 2472.04 1523.04 1523.04 0.02 1628.03 1647.04 1647.03 1510.03 1510.03 667.03 1733.03 1733.03 1733.03 2451.03 2451.03 2201.03 752.03 752.03 752.03 752.03 752.03 752.03 1903.03 1903.03 1903.03 1903.03 835.03 835.04 922.04 272.04 272.04 997.03 2320.03 2320.03 0.05 2320.04 2320.04
0.0 0.0 0.0 0.0 0.0 0.0 0.0 0.0 0.0 0.0 0.0 0.0 0.0 0.0 0.0 0.0 0.0 0.0 0.0 0.0 0.0 0.0 0.0 0.0 0.05 0.05 0.13 0.05 1846.03 1936.03 1690.03 1690.03 1690.04 1690.04 2472.04 1628.04 1628.04 1628.04 1628.04 1628.04 1647.04 1647.04 1647.04 1510.04 910.04 910.04 910.03 1869.03 2451.03 2451.03 2201.03 2201.03 752.03 752.03 752.03 752.03 752.03 1548.03 1548.03 835.03 835.03 835.04 0.05 769.03 272.04 0.05 0.05 0.05 0.05 0.05 0.05 2320.04
0.0 0.0 0.0 0.0 0.0 0.0 0.0 0.0 0.0 0.0 0.0 0.0 0.0 0.0 0.0 0.0 0.0 0.0 0.0 0.0 0.0 0.0 0.0 0.0 0.13 0.13 0.05 1846.03 142.03 1936.03 1936.03 1936.03 1690.04 1690.04 1678.04 1628.04 1628.04 1628.04 1628.04 1299.04 1299.04 44.04 44.04 44.04 29.04 29.04 910.03 1869.03 1869.03 2201.03 2201.03 2201.03 752.03 752.03 752.03 752.03 1548.03 1548.03 1548.03 1548.03 835.04 769.04 769.04 769.03 0.02 0.05 0.05 272.03 2320.04 2320.04 2320.04 2320.03
0.0 0.0 0.0 0.0 0.0 0.0 0.0 0.0 0.0 0.0 0.0 0.0 0.0 0.0 0.0 0.0 0.0 0.0 0.0 0.0 0.0 0.0 0.0 0.0 0.05 1846.04 1846.03 2032.03 142.03 142.03 1936.03 1976.03 1976.03 1976.04 1678.04 1678.04 1628.04 1628.04 1628.04 1299.04 1299.04 1860.04 44.04 44.04 29.04 29.04 29.04 1869.03 1869.03 2201.03 0.11 0.11 0.11 752.03 948.03 948.03 1548.03 1548.04 1548.04 1548.04 1548.04 769.04 769.04 769.04 769.04 272.04 0.02 2164.04 2164.04 317.04 2320.04 2016.04
0.0 0.0 0.0 0.0 0.0 0.0 0.0 0.0 0.0 0.0 0.0 0.0 0.0 0.0 0.0 0.0 0.0 0.0 0.0 0.0 0.0 0.13 0.13 0.13 0.05 1846.03 2032.03 2032.03 142.03 142.03 1976.04 1976.04 1976.04 1678.04 1678.04 1678.04 1678.04 0.05 1299.04 1299.04 1299.04 1860.03 1860.04 44.04 29.04 29.04 29.03 1379.03 1379.03 2201.03 2201.03 2201.03 0.11 948.03 948.03 948.03 1548.03 1548.03 1548.03 1548.04 1548.04 1547.04 1547.04 1547.04 1547.04 1547.03 2164.03 2164.04 2164.04 317.04 317.04 2016.04
0.0 0.0 0.0 0.0 0.0 0.0 0.0 0.0 0.0 0.0 0.0 0.0 0.0 0.0 0.0 0.0 0.0 0.0 0.0 0.13 0.05 0.05 1129.03 0.05 1104.03 1104.03 1104.03 1557.03 1557.04 1239.04 1239.04 1976.04 1330.04 1330.04 1678.04 1678.04 1678.04 373.03 1299.04 1299.04 1860.04 1860.03 1860.03 1860.04 2246.04 2246.04 1379.03 1379.03 1379.03 1379.03 1379.03 2201.03 948.03 948.03 948.03 948.03 948.03 1548.03 1548.03 1548.03 0.05 173.04 1547.04 1547.04 1547.04 1547.04 2164.03 2164.04 317.04 317.04 317.04 317.04
0.0 0.0 0.0 0.0 0.0 0.0 0.0 0.0 0.0 0.0 0.0 0.0 0.0 0.0 0.0 0.0 1887.03 0.13 0.13 0.05 0.05 0.05 1129.04 1129.03 1104.03 1104.03 1104.03 1557.03 1239.03 1239.03 1909.04 1909.04 1330.04 1330.03 0.05 0.05 373.04 373.03 0.05 1299.04 1860.03 1860.03 2246.03 2246.03 2246.03 2246.03 1379.03 1379.03 1379.03 1379.03 2068.03 2068.04 948.04 948.04 948.04 948.04 948.04 1548.04 1548.03 1548.03 1548.04 173.04 173.04 173.04 1547.04 2164.04 2164.04 2164.04 317.03 317.04 317.04 702.04
0.0 0.0 0.0 0.0 0.0 0.0 0.0 0.0 0.0 0.0 0.0 0.0 0.0 0.0 0.05 0.05 0.05 0.05 0.05 2361.03 2361.03 0.05 1129.03 1129.03 1104.03 1104.03 2393.03 2393.03 1515.04 170.04 1909.04 1909.04 0.05 0.05 0.05 373.03 373.03 373.03 373.03 410.03 410.03 410.03 410.03 2246.03 2246.03 2246.03 1379.03 1379.03 2068.03 2068.04 2068.04 353.04 353.04 948.04 948.04 948.04 948.04 948.04 1548.04 1548.04 798.04 173.04 173.04 173.04 173.04 1659.04 1659.04 2164.04 317.03 317.04 317.04 702.04
0.0 0.0 0.0 0.0 0.0 0.0 0.0 0.0 0.0 0.0 0.0 0.0 0.0 0.13 0.05 0.05 1887.04 1887.03 2361.03 2361.03 2361.03 233.03 233.03 125.03 125.03 2393.03 0.05 2393.04 1515.04 1515.04 1909.04 0.05 1909.03 1330.03 373.03 373.03 0.05 1272.03 1272.03 410.03 410.03 410.03 410.03 2246.03 2246.03 643.03 2068.03 2068.03 2068.03 2068.03 2068.04 353.04 353.04 353.04 353.04 948.04 948.03 948.04 1548.04 798.04 798.04 798.04 798.04 798.04 1659.04 1659.04 1659.04 1659.04 317.03 317.04 317.03 702.03
0.0 0.0 0.0 0.0 0.0 0.0 0.0 0.0 0.0 0.0 0.0 0.0 0.0 0.13 0.05 0.05 0.05 0.05 0.05 2361.03 233.03 233.03 233.03 125.03 125.03 0.05 0.05 2370.04 2370.04 2370.04 1909.04 1909.03 1909.03 459.03 459.03 459.04 1272.03 1272.03 1272.03 0.11 0.11 0.11 0.11 643.03 643.04 643.03 643.03 2068.03 2068.03 2068.03 1419.03 1419.03 353.04 353.04 1766.04 1766.04 948.04 948.04 2063.04 2063.04 2063.04 798.03 798.04 798.04 1659.04 1659.04 1659.04 1659.04 317.04 317.04 1229.04 702.04
0.0 0.0 0.0 0.0 0.0 0.0 0.0 0.0 0.0 0.0 0.0 0.0 0.0 0.13 0.05 0.05 0.05 0.05 0.05 2185.03 233.03 233.03 233.03 125.03 0.05 0.05 0.05 0.05 2370.03 2370.03 2370.03 2370.03 459.03 0.05 0.05 459.03 459.03 1272.03 1272.03 0.11 0.11 0.11 0.11 643.03 643.03 643.03 643.03 2068.03 2068.03 1419.03 1419.04 1419.04 1419.04 1766.04 1766.03 1766.04 664.04 664.04 2063.04 2063.04 2063.04 0.02 798.04 798.04 235.04 235.04 235.04 1659.04 1229.04 1229.04 1229.04 1229.04
0.0 0.0 0.0 0.0 0.0 0.0 0.0 0.0 0.0 0.0 0.0 0.0 0.0 0.0 0.05 0.05 0.05 0.05 0.05 0.05 233.03 233.03 2003.03 0.05 0.05 2365.03 2365.04 2370.03 2370.03 2370.03 2370.03 1972.03 1972.03 459.03 459.03 459.03 459.03 459.03 789.03 410.03 410.03 0.11 0.11 643.03 643.03 643.03 643.03 643.03 1419.03 1419.03 1419.04 1419.04 1419.04 1766.04 1766.04 664.04 664.04 664.04 2063.03 0.08 2063.04 2063.04 765.04 765.04 235.04 235.04 235.04 235.04 1229.04 1229.03 1229.04 1229.04
0.0 0.0 0.0 0.0 0.0 0.0 0.0 0.0 0.0 0.0 0.0 0.0 0.0 0.0 0.05 2103.04 0.05 0.05 0.05 2022.04 0.05 2003.03 2003.03 2003.03 1046.04 1767.03 1767.04 1767.04 1275.03 1275.03 1972.03 1972.03 1972.03 62.03 1586.03 459.03 789.03 789.03 789.03 789.03 789.03 915.03 915.03 643.03 643.03 643.04 643.04 643.03 1419.03 1419.03 1419.03 1419.03 1419.03 1419.04 664.04 664.04 664.04 664.04 2063.03 2063.04 2063.04 2063.04 765.04 765.04 235.04 235.04 235.04 2401.04 1229.03 1229.03 1229.03 1229.04
0.0 0.0 0.0 0.0 0.0 0.0 0.0 0.0 0.0 0.0 0.0 0.0 0.0 0.0 0.0 0.13 0.13 2022.04 0.05 0.05 0.05 2003.04 0.05 0.05 1046.03 0.05 1767.04 1275.04 1275.04 1275.04 1972.04 1972.03 62.03 1586.03 1586.03 1586.03 789.03 789.03 789.03 789.03 915.03 915.04 915.04 915.04 915.04 915.04 643.04 643.03 2102.03 2102.03 2102.03 2102.03 2102.03 2102.04 664.04 664.04 664.03 664.03 1253.03 1253.04 2063.04 765.04 765.04 765.04 1047.04 1047.03 2401.04 2401.03 553.03 2098.03 2098.04 2098.04
0.0 0.0 0.0 0.0 0.0 0.0 0.0 0.0 0.0 0.0 0.0 0.0 0.0 0.0 0.0 0.0 0.13 0.05 0.05 0.05 0.05 0.05 2003.03 1046.03 0.05 0.05 1046.04 1275.04 1275.04 1275.03 1972.03 1972.03 62.03 1586.03 1586.03 1586.03 789.03 789.03 789.03 789.03 1593.03 915.04 915.04 915.04 915.04 915.04 915.04 915.04 2102.03 2102.03 2102.03 2102.03 2102.03 2102.03 664.04 664.03 664.03 1253.03 1253.03 1253.04 1253.04 1253.04 0.05 0.05 1047.04 1047.03 2401.04 2401.04 553.03 0.08 2098.03 2098.03
0.0 0.0 0.0 0.0 0.0 0.0 0.0 0.0 0.0 0.0 0.0 0.0 0.0 0.0 0.0 0.0 0.05 0.05 0.05 1357.03 1357.03 0.05 0.05 0.05 1147.03 1147.04 1275.04 1275.04 0.05 1275.03 1275.03 62.03 62.03 1586.03 1586.03 1586.03 789.03 789.03 789.03 1593.03 1593.04 1593.04 915.04 915.04 915.04 915.04 915.04 915.04 2102.04 2102.04 2102.03 2102.03 2102.03 2102.03 1324.03 1324.03 1324.03 1324.03 1253.03 1253.03 1253.04 909.04 909.04 0.05 1047.04 1047.03 2401.04 2401.03 553.03 553.03 2098.03 2098.03
0.0 0.0 0.0 0.0 0.0 0.0 0.0 0.0 0.0 0.0 0.0 0.0 0.0 0.0 0.0 0.0 0.0 0.05 1357.03 0.05 0.05 0.05 0.05 0.05 1147.04 1147.04 1147.04 2466.04 2466.03 2466.03 1338.03 1338.03 1338.03 1586.03 1586.03 1586.03 789.03 789.03 789.03 1593.03 1593.03 1593.04 915.04 915.04 915.04 915.04 915.04 347.04 347.04 2102.03 2102.04 2102.04 0.02 0.02 1324.03 1324.03 1324.03 1929.03 1929.03 1929.03 745.04 745.04 909.04 909.04 909.04 891.04 891.04 891.03 553.03 553.03 1181.03 1181.03
0.0 0.0 0.0 0.0 0.0 0.0 0.0 0.0 0.0 0.0 0.0 0.0 0.0 0.0 0.0 0.0 0.0 0.05 0.05 0.05 0.05 0.05 0.05 0.05 0.05 0.05 0.05 2466.03 2466.03 2466.03 1338.03 1338.03 1338.04 2017.03 2017.03 1586.03 789.03 789.03 1232.03 1232.03 1232.03 1232.03 1232.04 915.04 915.04 915.04 347.04 347.04 347.03 347.04 2102.04 2102.04 2102.03 1085.03 1085.03 1324.03 1324.03 1929.03 1929.03 1929.03 745.04 745.04 909.04 909.04 909.04 891.04 891.04 891.03 330.04 330.04 1181.04 1181.03
