Inputs/GridInputs/LU&ParcGridDiohine40.asc
ncols         153
nrows         168
xllcorner     -1693877.958766256
yllcorner     3174597.0031306315
cellsize      40
[rows 64 to 95 of 168, columns 73 to 145 of 153]
2083.04 318.04 318.04 318.04 953.04 953.04 2299.04 743.04 743.04 743.04 359.04 359.04 771.04 1585.04 1585.04 1256.03 0.05 106.04 106.04 503.04 375.04 375.04 527.04 527.04 1959.04 2453.04 1025.04 1025.04 125.04 1882.04 1882.04 885.04 885.04 428.04 428.04 20.04 2301.03 0.08 0.08 0.08 1674.04 0.11 1674.04 1674.04 2040.04 2040.04 769.03 791.04 791.04 1325.04 239.04 239.04 1516.04 1516.03 1516.04 2082.04 2082.04 440.04 440.03 440.03 0.02 0.0 0.0 0.0 0.0 0.0 0.0 0.0 0.0 0.0 0.0 0.0 0.0
2083.04 318.04 318.04 318.04 953.04 953.04 953.04 743.04 743.04 2451.04 2451.04 1767.04 1767.04 1767.04 1532.04 1256.04 1256.04 1256.04 503.04 503.04 375.04 375.04 375.04 1959.04 1959.04 2453.04 2453.04 125.04 125.04 1882.04 1882.04 428.04 428.04 428.04 20.04 20.04 0.08 0.08 0.08 0.08 1674.03 1674.04 1674.04 961.04 2040.04 2040.04 2040.04 951.04 575.04 575.03 239.04 239.04 1516.04 1516.03 1516.04 1800.04 1800.04 1800.04 440.04 440.03 440.03 0.01 1832.03 1832.03 1566.03 1566.03 1566.04 1566.04 1374.04 1374.04 1890.04 0.02 0.0
318.04 318.04 318.04 78.04 78.04 953.04 953.04 999.04 999.04 2451.04 2451.04 1767.04 1767.03 1532.04 1532.04 815.04 1256.04 0.05 1256.04 503.04 375.04 375.04 375.04 1959.04 1959.04 1959.04 125.04 125.04 1590.04 2207.04 2207.04 1949.04 2129.04 624.04 20.04 0.08 0.08 0.08 0.08 1615.03 1615.03 1615.03 961.04 961.04 1489.04 1489.04 2368.04 951.04 575.04 575.04 575.04 239.04 392.04 392.04 392.04 2435.04 1800.04 1800.04 1800.03 440.03 0.02 1832.03 1832.03 1832.03 1566.03 1566.03 1566.04 1374.03 1374.03 1374.03 1890.03 1890.03 1771.03
113.04 547.04 547.04 78.04 78.04 78.04 1347.04 999.04 999.04 2451.04 2451.03 666.04 1532.04 1532.04 1532.04 815.04 0.05 2149.04 931.04 931.04 375.04 375.04 1514.04 1514.04 1959.04 1959.04 1590.04 1590.04 1590.04 639.04 1665.04 1665.04 624.04 624.04 20.04 0.08 0.08 0.08 0.08 1615.03 1615.03 1615.04 961.04 961.04 1570.03 1570.04 2368.04 951.03 951.03 2296.04 2296.04 2296.04 392.03 392.03 2435.04 2435.04 1800.04 1800.03 2058.03 2072.03 1832.03 0.01 1832.03 1832.03 1033.03 5.03 5.03 1518.03 1374.03 1890.03 1890.03 1890.03 1771.04
113.04 113.04 547.04 547.04 1156.04 1347.04 1347.04 1347.04 999.04 1.03 1.04 0.05 666.04 1532.04 815.04 815.04 2404.04 2149.04 931.04 931.04 931.04 1514.04 1514.03 1514.03 1514.04 1943.04 1943.04 0.05 0.05 1902.04 1665.04 1665.04 624.03 624.03 20.03 20.03 0.08 1107.04 1107.03 1107.04 1615.03 1615.04 1441.04 1441.04 1406.03 1570.03 2368.03 2368.04 2296.03 2296.03 2296.03 1864.04 1864.04 2435.03 2435.04 2435.03 2058.03 0.01 2058.03 0.02 2072.03 2095.03 2095.03 247.03 1033.03 1033.03 5.03 0.01 0.01 0.01 1890.03 1890.03 1890.03
113.04 113.04 1156.04 1156.04 1156.04 437.04 1347.04 1347.04 0.02 323.03 2012.04 0.05 529.04 779.04 779.04 2404.04 1054.04 1054.04 1386.04 1386.04 1425.04 0.05 1425.03 1514.03 29.04 1943.04 1943.04 1730.04 0.05 1902.04 1902.04 1665.04 624.04 20.04 20.04 20.04 1107.04 1107.04 1107.04 0.02 0.02 1441.04 1441.04 1441.04 1406.04 1406.04 1162.04 2296.04 2296.04 2296.04 2296.04 1864.04 1864.03 1864.04 2435.03 2435.03 0.01 1165.03 2058.03 2072.03 2072.03 2095.03 1294.04 247.03 1333.03 1033.03 0.01 0.01 0.01 0.01 1237.03 1237.03 1890.03
113.04 113.04 1156.04 1156.04 1156.04 2413.04 437.04 437.03 323.03 2012.04 2012.04 0.05 529.03 529.03 779.04 779.04 1054.04 1386.03 1386.04 1386.04 525.04 1425.04 0.02 1425.04 29.04 29.04 1943.04 1730.04 2377.04 2377.04 2377.04 2377.04 624.04 549.04 1272.04 1272.04 1272.04 1107.04 1107.04 728.04 728.04 168.04 168.04 1441.04 1406.04 1162.04 1162.04 2294.04 2294.04 456.04 456.04 1864.04 1864.03 1864.03 0.02 1160.03 0.01 1165.03 1165.04 2072.03 723.03 1294.03 1294.03 1895.03 1333.03 948.03 948.03 0.01 784.03 1237.03 1237.03 1237.03 0.12
1186.04 113.04 1156.04 1156.04 2413.04 0.05 2413.04 2413.04 323.04 2012.04 1457.04 1457.04 0.05 529.03 779.04 779.04 2406.04 1386.04 1386.04 525.04 525.04 525.04 1425.04 1425.04 1427.04 1427.04 1427.04 337.04 2377.04 2377.04 2377.04 2377.03 1763.04 1763.04 549.04 1272.04 1272.04 1272.04 1343.04 728.04 728.04 168.04 168.04 115.04 1162.04 1162.04 1162.04 2294.04 2294.04 2294.04 456.04 456.04 1864.03 1864.03 2234.03 1160.03 1160.03 1358.03 1358.04 723.03 723.04 723.04 2184.03 1895.03 1820.03 948.03 948.03 1872.03 784.03 65.03 65.03 0.12 0.12
175.04 111.04 2269.04 0.05 0.05 0.05 173.04 173.04 173.04 799.04 1457.04 1457.04 2092.04 2092.04 1790.04 0.11 0.11 2406.04 2406.04 525.04 525.04 525.04 525.04 1427.04 1427.03 1427.04 337.04 337.04 337.04 329.04 329.04 1763.04 1763.04 1763.04 1763.04 549.04 222.04 222.04 0.02 728.04 728.04 115.04 115.04 115.04 434.03 1162.03 1162.03 580.04 2294.04 2294.04 1450.03 1450.03 1450.03 2234.03 2234.03 2234.03 1160.03 1358.03 1358.03 1358.03 723.04 2184.04 2184.04 1622.03 1820.03 1820.03 929.03 929.03 929.03 65.03 65.03 0.12 0.12
1668.04 111.04 111.04 0.05 0.05 0.05 173.04 0.05 0.05 799.04 799.04 2092.04 2092.04 1790.04 1790.04 1790.04 2406.04 2406.04 2406.04 1998.04 1998.04 1680.04 1680.04 633.03 932.04 932.04 932.04 0.02 329.04 329.04 329.04 1763.04 1763.03 1763.03 1763.04 1854.04 1854.04 0.02 222.03 0.01 728.04 115.04 115.04 434.04 434.03 434.03 0.01 0.01 580.04 1450.03 1450.03 1450.03 1450.03 2234.03 2234.03 2234.03 2234.03 2123.03 2123.03 2123.03 0.01 1642.03 1642.03 1622.04 1820.04 929.03 929.03 929.03 1324.03 1324.03 0.12 0.12 0.12
1668.04 111.04 111.04 2269.04 2269.04 0.05 173.04 173.04 799.04 799.04 799.04 799.04 2092.04 1790.03 1261.04 1261.04 2406.04 2406.04 21.04 21.04 1998.04 1680.04 633.04 633.04 633.04 932.04 0.05 1142.04 1142.04 329.04 1037.04 14.03 14.03 1763.03 1763.03 1854.04 1854.03 0.02 0.01 0.01 0.01 0.01 871.03 871.03 0.01 1154.03 580.03 580.03 0.01 0.01 1450.03 1450.03 0.02 2234.04 2234.04 2234.04 2234.04 153.04 153.03 0.02 1642.03 1642.03 1642.04 1642.04 914.04 929.04 929.03 929.03 1324.03 1324.03 0.12 0.12 0.0
1668.04 111.04 1595.04 0.05 842.04 2105.04 2105.04 799.04 799.04 0.02 63.04 63.04 1009.03 1261.04 1261.04 1261.03 1261.03 21.04 21.04 21.04 1950.04 1950.03 633.03 633.04 633.04 1603.04 1603.04 1603.04 741.04 1037.04 0.05 14.03 14.03 14.03 14.03 1061.03 1061.03 1061.03 0.01 710.03 0.01 0.01 871.03 0.01 0.01 1154.03 1154.03 580.03 0.01 0.01 1129.03 1450.03 1450.03 2234.04 2234.04 2234.04 153.04 153.04 153.03 1204.03 1204.03 1642.03 1642.04 914.04 914.04 914.04 1825.03 1825.03 1765.03 1765.03 0.12 0.12 0.0
768.04 768.04 1595.04 1595.04 842.04 2105.04 2105.04 2105.04 63.04 63.04 63.04 2313.03 1009.03 1009.04 1017.03 1017.03 430.03 430.04 21.04 1034.04 1018.03 1018.03 1836.03 633.04 633.04 0.05 0.05 0.05 0.05 1037.04 1037.03 14.03 14.03 14.03 1236.03 1061.03 1061.03 710.03 0.01 0.01 0.01 0.01 0.01 0.01 0.01 1154.03 0.01 580.03 1129.03 1129.03 1129.03 1129.04 1129.04 1129.04 2234.04 153.04 153.03 153.03 1204.03 1204.03 1204.03 1204.03 914.03 914.03 914.03 466.03 1825.03 1825.03 1825.03 412.03 0.12 0.12 0.12
39.04 0.05 0.05 329.04 2421.04 2105.04 2105.04 2105.04 63.04 63.04 63.04 2313.04 0.02 1009.04 1017.04 1017.04 430.03 430.04 1364.03 1034.03 1034.03 1018.03 0.02 197.04 0.02 0.05 0.05 0.05 0.05 484.03 545.03 545.03 0.02 736.04 1236.03 1236.03 710.03 0.02 2174.03 0.01 0.01 0.01 0.01 0.01 1154.03 0.01 0.01 1822.03 1822.03 1129.03 1129.03 1129.04 1004.04 56.04 56.03 0.01 0.01 153.03 1204.03 1204.03 1204.03 1204.03 914.03 914.03 466.03 466.03 1825.03 1825.03 412.03 412.03 0.12 0.12 2080.03
244.04 39.04 329.04 329.04 2421.04 2421.04 2421.04 856.04 856.04 0.02 2313.04 2313.04 2313.03 1009.03 51.04 51.04 51.04 430.03 1364.03 1364.03 1034.03 0.02 1836.04 0.02 0.02 0.05 0.05 0.05 0.02 0.02 0.02 545.03 0.02 736.03 1236.03 1236.03 0.02 0.01 2174.03 0.01 0.01 354.03 354.03 0.02 0.02 0.01 1971.03 1971.03 1822.03 1822.03 1822.03 0.02 1004.04 56.04 56.03 2208.03 0.01 2206.03 2206.03 2206.03 2206.03 2206.03 1180.03 466.03 466.03 466.04 1825.04 1825.03 412.03 0.12 0.12 2100.03 2100.03
244.04 2261.04 2261.04 329.04 0.05 0.05 1862.04 0.05 0.05 0.02 856.04 1781.04 1841.04 1841.04 1841.04 2201.04 2201.03 2201.03 1364.03 1364.03 1364.03 1034.03 1836.03 197.03 0.02 1139.04 1139.03 717.03 1131.04 12.03 12.03 545.03 545.03 736.03 736.03 1236.03 0.01 0.01 114.03 0.01 0.01 354.03 0.02 354.04 1971.04 1971.03 1971.03 1971.03 1971.03 1822.03 1004.03 1004.03 56.04 56.03 56.03 0.02 2208.03 2208.03 2206.03 2206.03 2206.03 2206.03 1180.03 1180.03 1180.03 195.04 195.04 195.04 0.12 2169.04 2169.03 2169.03 1394.03
880.04 880.04 2261.04 2261.04 0.05 0.05 1862.04 856.03 0.02 856.04 1781.04 1781.04 1781.04 1841.04 1841.04 107.03 2201.03 0.02 1558.03 1558.03 1558.03 1558.03 0.01 2061.03 2061.03 717.03 717.03 717.03 1131.03 121.03 121.03 121.03 545.03 736.03 736.03 0.01 0.01 0.01 944.03 944.03 354.04 0.02 0.01 2193.04 1971.03 1971.03 1971.03 1971.03 699.03 699.03 699.03 56.04 56.04 56.04 2208.03 2208.03 0.01 2208.03 180.03 2206.03 2206.04 2206.03 1180.03 1180.03 1180.03 2033.03 2033.03 0.12 0.12 2169.04 2169.04 2169.03 1394.03
880.04 880.04 2035.04 1862.04 1862.04 1862.04 1862.04 174.03 856.04 856.04 1781.04 1781.04 1781.04 1841.04 107.04 0.05 2190.03 0.02 1558.03 1558.03 1558.03 0.01 0.01 2061.03 0.01 2061.04 717.04 717.03 1131.03 1131.03 121.03 121.03 0.02 545.03 1941.03 0.01 0.01 0.01 0.01 0.01 2193.03 2193.03 2193.03 2193.03 541.03 1971.03 1971.03 1971.03 699.03 699.03 1174.04 465.04 465.04 56.04 0.02 2208.03 2208.03 0.02 180.03 0.02 0.01 2206.03 1180.03 1180.03 898.04 2033.04 2033.03 0.12 0.12 2169.04 2169.04 2169.04 156.03
2035.04 2035.04 2035.04 1626.04 1626.04 1626.04 174.04 174.04 1749.04 1749.04 1370.04 1781.04 765.04 765.04 1188.03 1188.03 855.04 513.04 1558.03 1558.03 1558.03 0.01 0.01 0.01 2061.03 2061.04 2061.03 717.03 1131.03 1131.03 121.03 2036.03 0.02 0.01 0.01 0.01 0.01 0.01 0.01 0.01 2193.04 2193.04 2193.03 541.03 541.03 541.03 541.03 1847.03 1847.03 1174.04 1174.04 465.04 2419.04 2419.04 1214.04 608.03 608.03 180.03 180.03 180.03 0.01 2341.04 2341.03 2341.04 898.04 898.04 2033.03 0.12 0.12 0.12 1191.04 1191.03 1753.04
0.11 0.11 2035.04 1626.04 1626.04 1626.04 824.04 824.04 916.04 916.04 1370.04 1370.04 765.04 765.04 1188.03 855.03 855.03 513.03 513.03 1558.03 1752.03 1752.03 0.01 0.01 0.02 2061.03 2061.03 2259.03 1131.03 2036.03 0.01 2036.03 2036.03 0.01 0.01 0.01 0.01 0.01 1941.03 0.01 2193.03 2193.03 0.01 2223.03 541.03 541.03 541.04 1847.03 1847.03 1911.04 1911.04 240.04 240.04 1214.04 1214.04 608.03 608.03 0.02 180.03 180.03 180.03 2341.04 2341.03 2341.03 2341.04 898.04 0.02 618.04 0.12 0.12 1191.04 1191.04 270.04
0.11 986.04 2035.04 2035.04 1626.04 824.04 824.04 824.04 916.04 916.04 1370.04 1370.04 765.04 765.04 1026.03 377.03 377.03 1809.03 1809.03 1867.03 0.02 1752.03 1752.03 0.01 2061.03 2061.03 2259.03 2259.03 2259.03 2036.03 0.01 2036.03 2036.03 2036.03 0.01 0.01 0.01 0.01 2288.03 2288.03 2288.03 2288.03 2223.03 0.01 0.01 0.01 541.03 1847.03 1847.03 1911.03 1092.04 1092.04 48.04 48.04 1214.04 608.04 608.03 608.03 608.03 925.03 1542.03 1542.04 1206.03 1206.03 1206.03 1206.04 618.04 618.04 1342.04 0.12 270.04 270.04 270.04
0.11 0.11 1707.04 1817.04 1817.04 1817.04 824.04 824.04 0.02 0.11 1874.03 1874.03 1874.03 1026.03 1026.03 1026.03 377.03 0.02 0.02 0.01 1780.03 1780.03 1752.03 1752.03 373.03 0.01 0.01 2259.03 2259.03 2118.03 1964.03 2036.03 0.01 0.01 0.01 0.01 0.01 2204.03 2288.03 2288.03 0.02 1716.03 2223.03 0.01 2307.03 0.01 182.03 182.03 182.03 1092.03 1092.04 1092.04 48.04 48.04 134.04 2138.04 2138.04 2138.04 925.04 925.03 1542.03 1542.04 1542.03 393.03 393.03 618.03 618.04 618.04 1342.04 0.12 0.12 270.04 1927.04
986.04 0.11 0.11 1707.04 1817.04 1817.04 1817.04 1817.04 1939.03 0.11 0.11 1874.03 1874.03 1874.03 1026.03 1026.03 1026.03 1867.03 0.02 0.02 0.01 0.01 1780.03 0.02 373.03 0.01 0.02 0.02 2259.03 0.02 0.02 1964.03 825.03 0.01 0.01 0.01 2204.03 17.03 17.03 2288.03 1372.03 1716.03 0.01 0.01 949.03 949.03 182.03 182.03 182.03 1092.04 1092.04 1175.04 0.05 134.04 134.04 2138.04 2138.04 925.04 925.04 925.04 1542.03 1542.03 1542.03 393.04 393.03 393.03 1598.04 950.04 950.04 0.12 0.0 0.0 0.0
566.04 1707.04 1707.04 1707.04 1817.04 1817.04 1817.04 1939.04 1939.03 0.11 0.11 1874.03 1874.03 1874.03 1026.03 1026.03 1285.03 1285.03 181.03 706.03 0.02 0.01 0.02 373.03 373.04 373.03 2205.03 2259.03 0.02 2118.03 1964.03 1664.03 825.03 825.03 0.01 0.01 0.01 0.02 17.03 1372.03 1372.03 1372.03 0.02 2433.03 949.03 949.03 949.03 182.03 182.03 1055.04 1175.04 1175.04 1175.04 1175.04 134.04 2138.04 2138.03 1449.03 925.04 925.04 925.04 1542.03 1542.04 1104.04 1104.04 1598.04 1598.04 0.12 0.0 0.0 0.0 0.0 0.0
2121.04 2121.04 1707.04 1707.04 1707.04 1817.04 501.04 1939.04 1939.04 1939.03 1620.03 1620.03 1874.03 1164.04 1164.04 0.05 1285.03 1285.03 181.03 777.03 777.03 0.01 0.02 0.01 2205.03 2205.03 2205.03 2205.03 2118.03 2118.03 0.02 0.02 825.03 0.01 0.01 17.03 17.03 0.01 17.03 1372.03 1372.03 1372.03 0.01 634.03 0.02 949.03 949.03 388.03 1055.03 1055.03 1055.03 1175.03 1175.03 1928.03 1928.03 846.03 1449.03 1449.03 969.03 969.03 742.04 742.04 742.04 1104.04 2127.04 2127.04 0.12 0.0 0.0 0.0 0.0 0.0 0.0
2121.04 2121.03 1159.03 1707.04 2219.04 501.04 501.04 357.04 357.04 357.03 1620.03 1620.03 1620.03 1164.04 1164.04 1164.04 1164.03 1285.03 977.03 977.03 777.03 0.01 1651.03 438.03 0.01 0.01 2205.04 0.02 2097.03 0.02 1664.04 1664.03 1136.03 0.01 0.01 0.02 17.03 0.01 0.01 177.03 177.03 26.03 634.03 634.03 571.03 571.03 0.01 388.03 388.03 1055.03 1055.03 1055.03 259.03 1928.03 1928.03 846.03 605.03 1694.03 969.03 969.03 213.04 742.04 742.04 532.04 2127.04 0.12 0.12 0.12 0.0 0.0 0.0 0.0 0.0
2121.04 2121.03 1159.04 1159.04 2219.04 1067.04 501.04 357.04 357.03 1620.03 1620.03 1620.03 459.04 1164.04 1164.04 1164.03 1164.03 805.03 805.03 805.03 977.03 1651.03 0.01 485.03 0.01 0.01 2205.03 2097.04 0.02 2097.03 0.02 79.03 0.01 1136.03 0.01 0.01 0.01 0.01 0.01 177.03 158.03 26.03 26.03 26.03 571.03 0.05 571.03 388.03 388.03 1055.03 1055.03 259.03 259.03 1928.03 1928.03 378.03 378.03 1694.04 969.03 813.04 813.04 213.04 407.04 407.04 407.04 0.12 0.12 0.12 0.0 0.0 0.0 0.0 0.0
2121.04 2121.04 1159.04 1159.04 2219.04 1067.04 1067.04 357.04 357.04 1620.03 1620.04 459.03 459.04 459.04 2209.04 2209.04 206.04 206.03 206.03 770.03 0.01 1651.03 485.03 485.03 0.02 485.03 0.02 2097.04 0.02 0.02 79.03 0.01 0.02 1171.03 2440.03 0.01 0.01 0.01 1120.03 158.03 0.02 0.02 26.03 1761.03 1761.03 571.03 388.03 0.01 388.03 388.03 259.03 259.03 259.03 1367.03 1367.03 2177.04 2177.03 2177.04 37.04 37.04 813.04 213.04 407.04 407.04 407.04 0.12 0.12 0.0 0.0 0.0 0.0 0.0 0.0
1273.04 1991.04 1159.04 2219.04 1067.04 1067.04 1067.04 1067.04 357.04 1620.04 1400.04 1400.04 1400.04 2209.04 2209.04 2209.04 206.04 0.02 206.03 206.03 0.01 0.01 0.01 0.01 84.03 0.01 0.01 0.02 2051.03 0.02 79.03 0.01 1171.03 0.01 0.01 0.01 2440.03 0.01 8.03 0.01 158.03 2385.03 1003.03 1003.03 0.01 0.01 388.03 1980.03 1980.03 1980.03 1980.03 311.03 311.04 1367.03 1367.03 2177.03 2177.03 1637.04 37.04 37.04 37.04 37.04 407.04 407.04 0.12 0.12 0.0 0.0 0.0 0.0 0.0 0.0 0.0
0.05 0.05 0.11 1991.04 1067.03 1067.04 1067.04 1067.04 1197.04 1400.04 1400.04 1400.04 1400.04 677.04 677.04 677.04 677.04 206.04 206.03 206.03 206.03 0.01 0.01 0.01 0.01 0.01 0.01 2051.03 960.03 960.03 0.01 0.01 0.02 0.01 0.01 2147.03 0.01 8.03 8.03 8.03 1411.03 1411.03 2385.03 2385.03 1003.03 0.01 0.01 1980.03 1980.03 1980.03 1980.03 311.04 1784.04 1784.03 1479.03 1390.04 1390.04 1637.04 1637.03 37.03 37.04 37.04 407.04 0.12 0.12 0.0 0.0 0.0 0.0 0.0 0.0 0.0 0.0
0.05 0.05 0.11 0.11 0.11 1485.04 1485.04 1197.04 1197.04 1636.04 1636.03 2279.03 2279.04 677.04 677.04 677.03 1706.03 1706.03 206.03 206.03 0.02 976.03 0.01 84.03 0.01 1357.03 1357.03 1189.03 816.03 0.01 0.01 0.01 0.01 0.01 0.02 2147.03 0.01 1316.03 8.03 8.03 2347.03 1411.03 2385.03 0.01 0.01 0.02 1980.03 1980.03 1980.03 1980.03 1980.03 1784.04 1784.04 1784.04 1479.04 1479.04 1390.04 0.05 2292.03 2292.03 453.04 453.04 0.12 0.12 0.0 0.0 0.0 0.0 0.0 0.0 0.0 0.0 0.0
0.05 1991.04 423.04 423.03 1485.03 1485.04 1485.04 1197.04 1197.04 1636.04 1636.04 2279.04 2279.04 626.04 626.04 1706.03 1706.03 1706.03 1513.03 1513.03 0.01 0.01 0.01 0.01 0.01 1357.03 1141.03 1189.03 816.03 0.01 0.01 0.01 0.01 0.01 2147.03 2147.03 1316.03 0.02 0.02 2347.03 2347.03 2347.03 2347.03 0.01 0.01 2385.03 221.03 221.03 1980.03 1980.03 1784.03 1784.04 1784.04 1479.04 1479.04 1479.04 1479.04 0.05 2292.04 2292.04 453.03 453.04 0.12 0.12 0.0 0.0 0.0 0.0 0.0 0.0 0.0 0.0 0.0
