Inputs/GridInputs/LU&ParcGridSob40.asc
ncols         88
nrows         128
xllcorner     -1684940.3713166039
yllcorner     3170668.0308883013
cellsize      40
[rows 38 to 75 of 128, columns 0 to 84 of 88]
128.04 128.04 771.04 0.0 0.0 637.04 637.04 637.04 672.04 672.04 672.04 672.04 403.04 403.04 385.04 362.04 362.04 353.04 353.04 0.05 0.05 435.04 435.04 646.04 646.04 645.04 645.04 74.04 74.04 74.04 430.04 623.04 390.04 241.04 0.05 549.04 549.04 312.04 312.04 312.03 312.04 761.04 761.04 761.04 761.04 129.04 129.04 129.04 510.03 540.03 0.01 0.01 0.01 0.01 0.02 593.03 701.03 701.03 0.02 98.03 98.04 598.04 598.04 21.04 0.05 13.04 13.04 695.03 695.04 256.04 212.04 212.04 267.04 267.04 55.04 0.0 0.0 0.0 0.0 0.0 0.0 0.0 0.0 0.0 0.0
0.0 0.0 0.0 0.0 0.0 0.0 0.0 0.0 455.04 455.04 455.04 323.04 323.04 403.04 385.04 385.04 353.04 353.04 72.04 0.05 435.04 435.04 435.04 683.04 683.04 591.03 411.03 411.03 411.04 430.04 430.04 430.04 38.04 390.04 0.05 262.04 236.04 142.04 142.03 312.03 312.04 761.04 761.04 761.04 492.04 129.04 129.04 129.04 497.03 540.03 102.03 0.02 0.01 0.01 0.01 593.03 593.03 593.03 98.03 98.04 598.04 598.04 598.04 0.05 548.04 548.04 13.04 0.02 256.04 256.04 212.04 212.04 267.04 267.04 267.04 0.0 0.0 0.0 0.0 0.0 0.0 0.0 0.0 0.0 0.0
0.0 0.0 0.0 0.0 0.0 0.0 0.0 0.0 0.0 455.04 455.04 323.04 323.04 556.04 556.04 213.04 353.03 0.02 72.04 72.03 60.03 60.04 60.04 683.03 683.04 591.04 591.03 411.03 411.04 632.04 430.04 430.04 38.04 498.04 262.04 236.04 236.04 142.04 142.04 142.04 481.04 481.04 481.04 492.04 492.04 0.02 129.04 129.04 497.03 497.03 0.01 0.01 0.01 0.01 0.01 593.03 593.03 593.03 413.03 250.04 598.04 598.04 598.04 598.04 463.04 463.04 717.04 717.04 256.04 256.04 488.04 212.04 267.04 267.04 0.02 0.0 0.0 0.0 0.0 0.0 0.0 0.0 0.0 0.0 0.0
0.0 0.0 0.0 0.0 0.0 0.0 0.0 0.0 0.0 0.0 455.04 323.04 323.04 754.04 754.04 213.04 213.03 72.04 72.04 72.03 0.02 0.02 60.04 683.04 683.04 591.03 591.03 411.03 417.03 632.04 632.03 498.03 498.04 498.03 236.04 236.04 236.04 142.04 142.04 142.04 481.04 481.04 481.03 550.03 492.04 492.04 217.04 217.03 497.03 497.03 0.01 0.01 0.01 0.01 0.01 0.01 413.04 413.03 413.03 250.04 250.04 250.04 250.04 237.04 0.08 0.08 0.02 717.04 611.04 611.04 488.04 488.04 693.04 693.04 693.04 0.0 0.0 0.0 0.0 0.0 0.0 0.0 0.0 0.0 0.0
0.0 0.0 0.0 0.0 0.0 0.0 0.0 0.0 0.0 0.0 0.0 323.04 754.04 754.04 754.04 517.03 517.03 0.02 0.01 0.01 60.03 60.03 60.03 60.03 366.04 366.04 366.03 417.03 417.04 417.04 151.03 151.03 498.03 498.03 236.04 236.04 236.04 142.04 142.04 531.04 481.04 481.04 0.05 550.04 550.04 492.04 217.04 217.03 67.03 0.08 0.02 0.01 0.01 0.02 0.01 0.01 413.04 413.04 413.04 500.04 250.04 250.04 250.04 0.08 0.08 0.02 160.03 508.03 0.05 611.04 488.04 488.04 693.04 693.04 0.05 0.05 0.05 0.0 0.0 0.0 0.0 0.0 0.0 0.0 0.0
0.0 0.0 0.0 0.0 0.0 0.0 0.0 0.0 0.0 0.0 0.0 0.0 0.0 0.0 517.04 517.04 139.04 139.03 0.01 0.01 355.03 355.03 511.03 511.04 305.04 305.04 527.04 527.03 527.04 417.04 3.04 3.04 0.02 498.04 236.04 236.04 0.02 588.04 531.04 531.04 481.04 0.05 550.03 550.04 0.02 550.03 217.03 67.03 67.03 0.08 0.01 0.01 0.01 758.03 758.03 0.01 413.04 500.04 500.04 500.04 250.04 250.04 250.04 367.04 160.04 160.03 160.03 508.04 508.04 0.05 488.04 26.04 26.04 693.04 0.05 0.05 258.04 258.04 258.04 0.0 0.0 0.0 0.0 0.0 0.0
0.0 0.0 0.0 0.0 0.0 0.0 0.0 0.0 0.0 0.0 0.0 0.0 0.0 0.0 0.0 139.03 139.04 259.03 192.03 355.03 355.03 511.03 511.04 511.04 305.04 305.04 305.04 527.04 527.04 527.04 3.04 3.04 3.04 3.04 576.03 304.04 304.04 588.04 588.04 531.04 254.04 254.04 550.04 550.04 550.03 0.01 0.01 0.01 0.01 0.01 0.01 436.03 758.03 758.03 0.01 0.01 0.01 500.04 500.04 500.04 367.04 367.03 367.04 633.04 633.04 322.04 322.03 567.04 528.03 528.03 26.04 26.04 26.04 26.04 0.05 258.03 258.03 258.04 552.04 552.04 0.0 0.0 0.0 0.0 0.0
0.0 0.0 0.0 0.0 0.0 0.0 0.0 0.0 0.0 0.0 0.0 0.0 0.0 0.0 0.0 0.0 259.04 720.03 192.03 192.03 355.03 511.03 511.03 511.03 218.04 218.04 10.04 10.04 10.04 3.04 3.04 3.04 185.04 185.04 576.03 576.04 304.04 304.04 254.04 254.04 254.04 254.04 254.03 46.03 46.03 46.03 0.01 0.01 0.01 0.01 0.01 31.03 31.03 758.03 0.01 0.01 309.03 309.03 309.04 309.04 367.03 367.03 0.02 633.04 633.04 322.04 322.04 528.03 528.03 528.04 26.04 26.04 26.04 26.04 722.04 722.03 722.04 552.04 552.04 552.04 352.04 0.0 0.0 0.0 0.0
0.0 0.0 0.0 0.0 0.0 0.0 0.0 0.0 0.0 0.0 0.0 0.0 0.0 0.0 0.0 0.0 0.0 0.0 192.03 192.03 355.04 77.04 77.03 678.03 218.04 218.04 10.04 10.04 696.04 642.04 185.04 185.04 185.04 185.04 576.03 576.03 576.03 279.04 279.04 254.03 254.03 254.03 626.03 46.03 46.03 46.03 46.03 0.01 0.01 0.01 0.01 31.03 31.03 334.03 736.03 736.03 309.03 309.03 309.03 309.03 579.03 579.04 633.04 633.04 633.04 652.03 652.04 528.04 0.05 528.04 307.04 26.04 26.04 0.05 222.04 722.04 722.04 552.04 552.04 352.04 352.04 352.04 0.0 0.0 0.0
0.0 0.0 0.0 0.0 0.0 0.0 0.0 0.0 0.0 0.0 0.0 0.0 0.0 0.0 0.0 0.0 0.0 0.0 0.0 0.0 169.04 169.04 169.04 0.05 218.04 218.04 705.04 705.04 696.04 642.04 642.04 185.04 185.03 243.03 243.03 576.04 279.04 279.04 279.04 608.04 608.04 608.03 626.04 626.03 46.03 0.08 46.03 46.03 0.01 0.01 31.03 334.03 334.03 334.03 736.03 736.03 309.03 309.03 309.04 579.04 579.04 579.04 579.04 633.04 327.04 327.04 327.04 733.04 733.04 638.04 307.04 0.05 307.04 222.04 222.04 722.04 62.04 62.04 772.04 352.04 352.04 648.04 648.04 0.0 0.0
0.0 0.0 0.0 0.0 0.0 0.0 0.0 0.0 0.0 0.0 0.0 0.0 0.0 0.0 0.0 0.0 0.0 0.0 0.0 0.0 169.04 169.04 169.04 169.04 452.04 341.04 341.04 705.04 696.04 642.04 642.03 109.03 109.03 243.03 243.03 243.04 279.04 178.04 178.04 608.04 608.03 608.03 626.03 626.03 626.03 46.03 450.04 450.04 0.01 0.01 404.03 0.02 334.03 334.03 736.03 113.03 113.03 113.03 309.04 579.04 579.03 579.03 579.04 579.04 327.04 327.04 327.04 733.04 733.04 638.04 307.04 307.03 307.04 222.04 222.04 748.04 748.04 772.04 772.04 507.04 507.04 648.04 648.04 0.02 0.0
0.0 0.0 0.0 0.0 0.0 0.0 0.0 0.0 0.0 0.0 0.0 0.0 0.0 0.0 0.0 0.0 0.0 0.0 0.0 0.0 0.0 169.04 169.04 452.04 452.04 341.04 341.03 341.03 341.03 642.04 642.03 0.05 109.03 119.03 119.03 243.04 178.04 178.04 178.04 608.03 608.03 16.03 626.03 626.03 390.03 390.03 450.03 450.03 252.03 252.03 404.03 404.03 404.03 404.03 113.03 113.03 113.03 113.04 113.04 572.04 572.03 572.03 555.04 37.04 37.04 327.04 541.04 541.04 733.04 638.04 638.04 0.05 307.04 680.04 680.04 680.04 748.04 772.04 281.04 507.04 507.04 648.04 648.04 648.04 648.04
0.0 0.0 0.0 0.0 0.0 0.0 0.0 0.0 0.0 0.0 0.0 0.0 0.0 0.0 0.0 0.0 0.0 0.0 0.0 0.0 0.0 169.04 452.04 452.04 452.04 205.04 341.03 341.03 393.03 22.03 22.03 354.04 354.03 625.03 119.03 119.04 119.04 178.03 178.03 349.03 349.03 349.03 16.03 16.03 390.04 390.03 450.04 0.02 252.03 252.03 0.01 506.03 506.03 300.03 284.03 113.04 113.03 0.05 0.05 0.02 572.04 572.04 555.04 37.04 37.04 0.05 87.04 87.04 87.04 0.02 220.04 665.04 0.05 0.05 680.04 680.04 281.04 281.04 281.04 281.04 507.04 648.04 648.04 648.04 387.04
0.0 0.0 0.0 0.0 0.0 0.0 0.0 0.0 0.0 0.0 0.0 0.0 0.0 0.0 0.0 0.0 0.0 0.0 0.0 0.0 0.0 452.04 452.04 452.04 205.04 205.03 205.03 0.05 393.03 22.03 22.04 354.04 354.04 414.04 597.04 625.04 625.04 409.03 409.03 349.04 349.04 349.03 148.03 148.03 0.01 390.03 450.04 252.04 252.04 252.03 506.03 506.03 300.03 300.04 284.03 284.04 284.04 284.03 381.03 381.04 572.04 572.04 555.04 37.04 37.04 345.04 345.04 87.04 87.04 220.04 220.04 665.04 79.04 156.03 0.02 607.04 0.05 281.04 281.03 281.04 387.04 387.04 387.04 387.04 387.04
0.0 0.0 0.0 0.0 0.0 0.0 0.0 0.0 0.0 0.0 0.0 0.0 0.0 0.0 0.0 0.0 0.0 0.0 0.0 0.0 0.0 288.04 358.04 358.04 205.04 205.04 205.04 0.05 393.03 22.03 22.04 39.03 414.03 597.03 597.03 427.04 427.04 409.03 409.04 409.04 349.04 770.03 460.03 0.01 0.01 172.03 0.01 194.04 626.04 626.03 95.04 95.03 300.03 0.05 0.05 284.04 284.04 284.04 381.03 0.05 381.04 147.04 147.04 147.04 147.04 345.04 345.04 345.04 630.04 220.04 491.04 491.04 491.04 156.03 607.04 628.04 628.04 628.04 281.03 281.04 387.04 387.04 387.04 387.04 0.12
0.0 0.0 0.0 0.0 0.0 0.0 0.0 0.0 0.0 0.0 0.0 0.0 0.0 0.0 0.0 0.0 0.0 0.0 0.0 0.0 0.0 288.04 288.04 358.04 358.04 358.04 0.05 393.03 313.03 313.03 39.03 39.03 39.03 427.03 427.03 427.04 427.04 409.04 409.04 409.03 50.03 770.03 0.02 0.01 172.03 172.03 194.04 194.04 626.04 626.03 107.04 107.03 300.04 32.04 32.04 284.04 284.04 381.04 381.04 381.04 381.04 658.04 147.04 147.04 282.04 282.03 282.04 630.04 630.04 630.04 19.04 19.04 19.04 156.04 628.03 628.04 628.04 628.03 766.03 766.04 387.04 387.04 0.12 0.12 0.12
0.0 0.0 0.0 0.0 0.0 0.0 0.0 0.0 0.0 0.0 0.0 0.0 0.0 0.0 0.0 0.0 0.0 0.0 0.0 0.0 0.0 288.04 288.04 358.04 358.04 582.03 582.03 313.03 313.03 313.03 391.03 39.03 39.03 465.04 0.05 474.04 679.04 679.04 8.04 115.03 50.03 770.03 770.03 0.01 327.03 172.04 6.04 6.04 626.04 626.03 107.04 107.04 32.04 32.04 32.04 768.04 768.03 381.04 381.04 381.04 381.04 658.04 658.04 658.04 282.04 282.04 282.04 630.04 630.03 197.03 197.03 19.04 19.04 19.04 219.04 219.04 219.04 766.03 766.04 766.04 387.04 387.04 0.12 0.12 387.03
0.0 0.0 0.0 0.0 0.0 0.0 0.0 0.0 0.0 0.0 0.0 0.0 0.0 0.0 0.0 0.0 0.0 0.0 0.0 0.0 368.04 368.04 288.04 471.04 582.04 582.03 582.03 391.03 391.03 391.03 391.03 391.04 465.04 465.04 474.04 474.04 679.04 0.02 101.04 8.04 154.03 154.03 111.03 327.03 520.03 520.03 6.04 6.04 6.03 107.03 0.08 107.03 32.04 768.03 768.04 768.03 768.03 381.04 612.04 612.04 612.04 612.04 658.04 658.04 282.04 282.04 282.03 630.03 197.03 197.03 389.03 389.03 19.04 219.04 219.04 219.04 479.04 766.03 766.04 766.04 0.12 0.12 387.04 387.04 0.0
0.0 0.0 0.0 0.0 0.0 0.0 0.0 0.0 0.0 0.0 0.0 0.0 0.0 0.0 0.0 0.0 0.0 0.0 0.0 0.0 368.03 368.04 651.04 651.04 524.04 524.03 524.03 524.03 0.05 391.03 391.04 319.04 319.04 40.04 40.04 136.04 136.04 682.04 101.04 154.03 154.03 154.04 111.03 111.03 111.03 520.03 6.03 6.04 0.02 0.01 107.03 458.03 458.03 768.03 768.04 768.04 0.05 442.04 612.04 612.04 612.04 612.04 525.04 525.03 0.05 0.05 282.03 630.04 197.04 389.03 389.04 389.04 389.04 219.04 219.04 219.04 479.04 479.04 0.12 0.12 0.12 0.0 0.0 0.0 0.0
0.0 0.0 0.0 0.0 0.0 0.0 0.0 0.0 0.0 0.0 0.0 0.0 0.0 0.0 0.0 0.0 0.0 0.0 0.0 0.0 368.03 368.03 651.04 651.04 524.04 524.03 524.04 0.05 401.03 401.04 401.04 120.04 319.04 40.04 40.04 136.04 136.04 457.04 457.04 75.04 154.03 375.03 111.04 111.03 111.03 520.04 6.04 496.04 496.04 496.03 458.03 458.03 458.03 360.04 360.04 386.04 442.04 442.04 442.04 94.04 94.04 525.04 525.04 525.03 525.03 585.04 57.04 57.04 57.04 389.04 389.04 389.04 716.04 716.04 716.04 219.04 479.04 0.12 0.12 766.04 0.0 0.0 0.0 0.0 0.0
0.0 0.0 0.0 0.0 0.0 0.0 0.0 0.0 0.0 0.0 0.0 0.0 0.0 0.0 0.0 0.0 0.0 0.0 0.0 0.0 713.03 713.03 0.05 713.04 0.02 524.04 524.04 524.04 401.03 401.04 401.04 401.04 319.04 40.04 40.04 136.04 136.04 0.01 0.01 75.03 375.03 375.03 375.03 111.03 111.03 221.04 221.04 496.04 0.01 496.03 458.03 458.03 270.03 360.04 360.03 386.04 442.04 442.04 442.04 94.04 0.02 94.04 525.04 724.03 724.04 585.04 315.04 57.04 57.04 57.04 519.04 519.04 716.03 716.03 716.03 716.03 0.12 54.04 54.04 766.04 0.0 0.0 0.0 0.0 0.0
0.0 0.0 0.0 0.0 0.0 0.0 0.0 0.0 0.0 0.0 0.0 0.0 0.0 0.0 0.0 0.0 0.0 0.0 0.0 0.0 713.04 713.04 0.0 0.0 0.0 0.0 0.0 0.0 0.0 401.04 401.04 401.03 319.04 319.04 40.04 136.04 457.04 0.01 0.01 75.03 375.03 375.03 375.03 375.03 221.03 221.04 221.04 221.03 0.01 496.03 0.01 270.03 270.03 360.04 360.03 386.04 442.04 442.04 442.04 94.04 94.03 724.03 724.04 0.05 0.05 0.05 315.04 57.04 57.04 519.04 519.04 519.03 716.03 716.03 0.12 0.12 54.03 54.04 54.04 0.0 0.0 0.0 0.0 0.0 0.0
0.0 0.0 0.0 0.0 0.0 0.0 0.0 0.0 0.0 0.0 0.0 0.0 0.0 0.0 0.0 0.0 0.0 0.0 0.0 0.0 0.0 0.0 0.0 0.0 0.0 0.0 0.0 0.0 0.0 0.0 0.0 0.0 0.0 0.0 40.04 136.04 457.03 0.0 0.0 0.0 0.0 375.03 0.05 375.03 221.03 221.03 221.04 631.04 631.03 337.03 337.03 337.03 675.04 71.04 647.04 647.04 647.04 478.04 478.04 28.03 28.03 724.03 724.03 277.04 0.05 0.05 315.04 278.04 604.04 629.04 519.04 519.04 519.03 716.03 0.12 0.12 54.04 54.04 0.0 0.0 0.0 0.0 0.0 0.0 0.0
0.0 0.0 0.0 0.0 0.0 0.0 0.0 0.0 0.0 0.0 0.0 0.0 0.0 0.0 0.0 0.0 0.0 0.0 0.0 0.0 0.0 0.0 0.0 0.0 0.0 0.0 0.0 0.0 0.0 0.0 0.0 0.0 0.0 0.0 0.0 0.0 0.0 0.0 0.0 0.0 0.0 0.0 375.04 221.04 0.02 221.04 631.04 631.04 631.03 337.03 337.03 675.04 675.04 71.04 71.04 647.04 478.04 478.04 28.04 28.03 28.03 421.03 277.03 277.04 0.05 392.04 392.04 278.04 629.04 629.04 0.05 519.04 519.04 0.12 0.12 54.04 54.04 0.0 0.0 0.0 0.0 0.0 0.0 0.0 0.0
0.0 0.0 0.0 0.0 0.0 0.0 0.0 0.0 0.0 0.0 0.0 0.0 0.0 0.0 0.0 0.0 0.0 0.0 0.0 0.0 0.0 0.0 0.0 0.0 0.0 0.0 0.0 0.0 0.0 0.0 0.0 0.0 0.0 0.0 0.0 0.0 0.0 0.0 0.0 0.0 0.0 0.0 774.04 68.03 68.03 631.04 631.04 631.04 398.04 398.04 398.04 675.04 545.04 71.03 71.04 466.04 466.04 187.04 187.04 28.03 421.04 421.04 173.04 173.04 661.04 392.04 392.04 502.04 629.04 629.04 629.04 629.04 0.12 0.12 54.03 54.04 54.04 0.0 0.0 0.0 0.0 0.0 0.0 0.0 0.0
0.0 0.0 0.0 0.0 0.0 0.0 0.0 0.0 0.0 0.0 0.0 0.0 0.0 0.0 0.0 0.0 0.0 0.0 0.0 0.0 0.0 0.0 0.0 0.0 0.0 0.0 0.0 0.0 0.0 0.0 0.0 0.0 0.0 0.0 0.0 0.0 0.0 0.0 0.0 0.0 0.0 0.0 0.0 68.04 68.03 68.04 68.04 398.04 398.04 398.04 398.04 545.04 545.04 545.04 86.04 86.04 466.04 466.04 187.04 725.04 725.04 421.04 421.04 661.04 661.04 392.04 502.04 502.04 502.04 96.04 96.04 96.04 0.12 0.12 484.03 484.03 54.03 0.0 0.0 0.0 0.0 0.0 0.0 0.0 0.0
0.0 0.0 0.0 0.0 0.0 0.0 0.0 0.0 0.0 0.0 0.0 0.0 0.0 0.0 0.0 0.0 0.0 0.0 0.0 0.0 0.0 0.0 0.0 0.0 0.0 0.0 0.0 0.0 0.0 0.0 0.0 0.0 0.0 0.0 0.0 0.0 0.0 0.0 0.0 0.0 0.0 0.0 774.04 774.04 68.04 68.04 68.04 398.04 398.04 398.04 398.04 0.02 545.04 545.04 773.04 86.04 466.04 466.04 725.04 725.04 725.04 656.04 656.04 661.04 661.04 534.04 534.04 534.04 96.04 96.04 96.04 96.04 0.12 484.04 484.03 484.03 484.03 0.0 0.0 0.0 0.0 0.0 0.0 0.0 0.0
0.0 0.0 0.0 0.0 0.0 0.0 0.0 0.0 0.0 0.0 0.0 0.0 0.0 0.0 0.0 0.0 0.0 0.0 0.0 0.0 0.0 0.0 0.0 0.0 0.0 0.0 0.0 0.0 0.0 0.0 0.0 0.0 0.0 0.0 0.0 0.0 0.0 0.0 0.0 0.0 0.0 0.0 774.04 774.04 171.04 171.04 590.04 152.03 398.04 398.04 398.04 776.04 776.03 80.03 773.03 773.03 773.04 338.04 338.04 725.04 605.03 289.03 0.05 0.05 534.04 534.04 534.03 534.04 96.04 96.04 96.04 96.04 0.12 0.05 484.03 484.03 484.04 0.0 0.0 0.0 0.0 0.0 0.0 0.0 0.0
0.0 0.0 0.0 0.0 0.0 0.0 0.0 0.0 0.0 0.0 0.0 0.0 0.0 0.0 0.0 0.0 0.0 0.0 0.0 0.0 0.0 0.0 0.0 0.0 0.0 0.0 0.0 0.0 0.0 0.0 0.0 0.0 0.0 0.0 0.0 0.0 0.0 0.0 0.0 0.0 0.0 0.0 0.0 690.04 690.03 590.04 152.04 152.03 756.03 756.04 265.04 265.04 80.04 80.04 773.03 773.03 400.04 338.04 338.04 338.03 605.03 605.03 477.04 477.04 477.04 534.04 534.04 534.04 420.04 420.04 420.04 420.04 0.12 745.03 745.03 745.03 484.03 0.0 0.0 0.0 0.0 0.0 0.0 0.0 0.0
0.0 0.0 0.0 0.0 0.0 0.0 0.0 0.0 0.0 0.0 0.0 0.0 0.0 0.0 0.0 0.0 0.0 0.0 0.0 0.0 0.0 0.0 0.0 0.0 0.0 0.0 0.0 0.0 0.0 0.0 0.0 0.0 0.0 0.0 0.0 0.0 0.0 0.0 0.0 0.0 0.0 0.0 0.0 0.0 690.03 590.03 152.03 152.03 756.03 756.03 265.04 265.04 494.03 494.03 408.04 400.04 400.04 400.03 338.03 100.03 100.03 587.03 477.03 477.04 477.03 477.04 534.04 534.04 420.04 420.03 420.04 420.04 0.12 745.03 745.03 745.04 745.04 0.0 0.0 0.0 0.0 0.0 0.0 0.0 0.0
0.0 0.0 0.0 0.0 0.0 0.0 0.0 0.0 0.0 0.0 0.0 0.0 0.0 0.0 0.0 0.0 0.0 0.0 0.0 0.0 0.0 0.0 0.0 0.0 0.0 0.0 0.0 0.0 0.0 0.0 0.0 0.0 0.0 0.0 0.0 0.0 0.0 0.0 0.0 0.0 0.0 0.0 0.0 0.0 690.03 451.03 451.03 451.03 756.03 756.03 265.03 265.04 112.03 408.03 408.04 408.04 400.04 0.02 395.03 395.03 100.03 587.03 477.03 477.04 477.04 477.04 534.04 534.04 58.04 58.04 58.04 58.04 0.12 0.12 599.04 230.04 230.04 0.0 0.0 0.0 0.0 0.0 0.0 0.0 0.0
0.0 0.0 0.0 0.0 0.0 0.0 0.0 0.0 0.0 0.0 0.0 0.0 0.0 0.0 0.0 0.0 0.0 0.0 0.0 0.0 0.0 0.0 0.0 0.0 0.0 0.0 0.0 0.0 0.0 0.0 0.0 0.0 0.0 0.0 0.0 0.0 0.0 0.0 0.0 0.0 0.0 0.0 0.0 0.0 0.0 451.03 451.03 182.03 182.03 182.03 112.03 112.03 112.04 137.04 137.04 137.04 382.04 382.04 382.03 395.03 363.03 363.03 363.03 59.03 59.03 59.04 320.04 58.04 58.04 58.04 58.04 58.04 0.12 0.12 230.04 230.04 230.04 0.12 0.0 0.0 0.0 0.0 0.0 0.0 0.0
0.0 0.0 0.0 0.0 0.0 0.0 0.0 0.0 0.0 0.0 0.0 0.0 0.0 0.0 0.0 0.0 0.0 0.0 0.0 0.0 0.0 0.0 0.0 0.0 0.0 0.0 0.0 0.0 0.0 0.0 0.0 0.0 0.0 0.0 0.0 0.0 0.0 0.0 0.0 0.0 0.0 0.0 0.0 0.0 0.0 0.0 182.03 182.03 182.03 182.03 112.03 112.03 112.03 137.04 137.04 137.04 382.04 382.04 382.03 383.03 363.03 363.03 59.04 59.04 59.04 59.04 320.04 320.04 58.04 58.04 58.04 58.04 58.04 0.12 0.12 230.03 0.12 0.12 0.12 0.0 0.0 0.0 0.0 0.0 0.0
0.0 0.0 0.0 0.0 0.0 0.0 0.0 0.0 0.0 0.0 0.0 0.0 0.0 0.0 0.0 0.0 0.0 0.0 0.0 0.0 0.0 0.0 0.0 0.0 0.0 0.0 0.0 0.0 0.0 0.0 0.0 0.0 0.0 0.0 0.0 0.0 0.0 0.0 0.0 0.0 0.0 0.0 0.0 0.0 0.0 0.0 182.03 182.03 182.03 20.03 20.03 20.04 112.04 137.04 137.04 137.04 137.04 383.04 383.03 383.03 383.03 468.04 468.04 59.04 59.04 532.04 320.03 320.04 777.04 777.04 777.04 58.04 0.12 0.12 0.12 0.12 0.12 0.12 0.12 0.12 0.0 0.0 0.0 0.0 0.0
0.0 0.0 0.0 0.0 0.0 0.0 0.0 0.0 0.0 0.0 0.0 0.0 0.0 0.0 0.0 0.0 0.0 0.0 0.0 0.0 0.0 0.0 0.0 0.0 0.0 0.0 0.0 0.0 0.0 0.0 0.0 0.0 0.0 0.0 0.0 0.0 0.0 0.0 0.0 0.0 0.0 0.0 0.0 0.0 0.0 0.0 0.0 182.03 20.03 20.04 20.04 20.04 20.04 676.04 676.04 577.04 577.04 383.04 383.03 383.03 134.04 468.04 468.04 657.04 688.04 532.03 320.03 320.04 777.04 777.04 777.04 777.03 0.12 0.12 0.12 0.12 0.12 0.12 0.12 170.03 0.0 0.0 0.0 0.0 0.0
0.0 0.0 0.0 0.0 0.0 0.0 0.0 0.0 0.0 0.0 0.0 0.0 0.0 0.0 0.0 0.0 0.0 0.0 0.0 0.0 0.0 0.0 0.0 0.0 0.0 0.0 0.0 0.0 0.0 0.0 0.0 0.0 0.0 0.0 0.0 0.0 0.0 0.0 0.0 0.0 0.0 0.0 0.0 0.0 0.0 0.0 0.0 20.03 20.03 20.03 20.04 554.04 554.04 676.04 676.04 577.04 577.04 577.04 134.04 134.04 544.04 443.04 657.04 657.04 688.03 532.03 320.03 320.04 777.04 0.12 0.12 0.12 0.12 0.12 0.12 0.12 0.12 613.04 170.04 170.04 0.0 0.0 0.0 0.0 0.0
0.0 0.0 0.0 0.0 0.0 0.0 0.0 0.0 0.0 0.0 0.0 0.0 0.0 0.0 0.0 0.0 0.0 0.0 0.0 0.0 0.0 0.0 0.0 0.0 0.0 0.0 0.0 0.0 0.0 0.0 0.0 0.0 0.0 0.0 0.0 0.0 0.0 0.0 0.0 0.0 0.0 0.0 0.0 0.0 0.0 0.0 0.0 238.04 238.04 689.03 689.03 554.04 106.04 676.04 676.04 577.03 577.04 589.04 544.04 544.04 443.04 443.04 443.04 657.04 657.03 688.03 320.04 320.04 0.12 0.12 0.12 0.12 0.12 711.03 711.04 613.04 613.04 613.04 170.04 170.04 0.0 0.0 0.0 0.0 0.0
0.0 0.0 0.0 0.0 0.0 0.0 0.0 0.0 0.0 0.0 0.0 0.0 0.0 0.0 0.0 0.0 0.0 0.0 0.0 0.0 0.0 0.0 0.0 0.0 0.0 0.0 0.0 0.0 0.0 0.0 0.0 0.0 0.0 0.0 0.0 0.0 0.0 0.0 0.0 0.0 0.0 0.0 0.0 0.0 0.0 0.0 0.0 238.04 238.04 689.04 689.04 454.04 127.03 106.04 388.04 577.03 589.03 589.03 589.04 190.04 190.04 293.04 293.04 657.04 244.04 244.03 0.12 0.12 0.12 0.12 0.12 0.12 744.03 155.04 155.04 155.04 613.04 613.04 170.04 0.05 0.0 0.0 0.0 0.0 0.0
