Inputs/GridInputs/LU&ParcGridSob10.asc
ncols         355
nrows         514
xllcorner     -1684940.3713166039
yllcorner     3170668.0308883013
dx            10.021603558590295
dy            10.00860663445246
[rows 76 to 113 of 514, columns 0 to 84 of 355]
0.0 0.0 0.0 0.0 0.0 0.0 0.0 0.0 0.0 0.0 0.0 0.0 0.0 0.0 0.0 0.0 0.0 0.0 0.0 0.0 0.0 0.0 0.0 0.0 0.0 0.0 0.0 0.0 0.0 0.0 0.0 0.0 0.0 0.0 0.0 0.0 0.0 0.0 0.0 0.0 0.0 0.0 701.04 701.04 701.04 701.04 701.04 0.05 0.05 0.05 701.04 798.04 798.04 798.04 798.04 0.02 798.04 798.04 274.04 0.02 0.02 274.04 0.02 0.05 0.02 0.02 274.04 274.04 274.04 655.04 655.04 404.04 404.04 404.04 404.04 57.04 0.02 57.04 57.04 57.04 122.04 122.04 122.04 122.04 122.03
0.0 0.0 0.0 0.0 0.0 0.0 0.0 0.0 0.0 0.0 0.0 0.0 0.0 0.0 0.0 0.0 0.0 0.0 0.0 0.0 0.0 0.0 0.0 0.0 0.0 0.0 0.0 0.0 0.0 0.0 0.0 0.0 0.0 0.0 0.0 0.0 0.0 0.0 0.0 0.0 0.0 0.0 701.04 701.04 701.04 701.04 0.05 701.04 0.05 701.04 701.04 798.04 798.04 798.04 798.04 798.04 798.04 274.04 274.04 274.04 274.04 274.04 0.02 0.05 274.04 274.04 274.04 274.04 274.04 274.04 404.04 404.04 404.04 404.04 404.04 404.04 0.02 57.04 57.04 57.04 122.04 122.04 122.04 122.03 122.03
0.0 0.0 0.0 0.0 0.0 0.0 0.0 0.0 0.0 0.0 0.0 0.0 0.0 0.0 0.0 0.0 0.0 0.0 0.0 0.0 0.0 0.0 0.0 0.0 0.0 0.0 0.0 0.0 0.0 0.0 0.0 0.0 0.0 0.0 0.0 0.0 0.0 0.0 0.0 0.0 0.0 0.0 701.04 701.04 701.04 701.04 0.05 0.05 0.05 701.04 701.04 798.04 798.04 798.04 798.04 798.04 798.04 274.04 274.04 274.04 274.04 274.04 0.05 0.05 274.04 274.04 274.04 274.04 274.04 274.04 0.02 404.04 404.04 404.04 404.04 404.04 404.04 404.04 404.04 57.04 57.04 122.04 122.04 0.02 122.03
0.0 0.0 0.0 0.0 0.0 0.0 0.0 0.0 0.0 0.0 0.0 0.0 0.0 0.0 0.0 0.0 0.0 0.0 0.0 0.0 0.0 0.0 0.0 0.0 0.0 0.0 0.0 0.0 0.0 0.0 0.0 0.0 0.0 0.0 0.0 0.0 0.0 0.0 0.0 0.0 0.0 0.0 0.0 701.04 701.04 701.04 701.04 701.04 701.04 701.04 701.04 798.04 798.04 798.04 798.04 798.04 274.04 274.04 274.04 274.04 274.04 274.04 274.04 0.05 0.02 0.02 274.04 274.04 274.04 274.04 404.03 404.03 404.03 404.03 404.04 404.04 0.02 0.02 404.04 404.04 57.04 122.04 122.04 122.03 122.03
0.0 0.0 0.0 0.0 0.0 0.0 0.0 0.0 0.0 0.0 0.0 0.0 0.0 0.0 0.0 0.0 0.0 0.0 0.0 0.0 0.0 0.0 0.0 0.0 0.0 0.0 0.0 0.0 0.0 0.0 0.0 0.0 0.0 0.0 0.0 0.0 0.0 0.0 0.0 0.0 0.0 0.0 0.0 626.04 626.04 626.04 626.04 626.04 626.04 626.04 626.04 626.04 626.04 798.03 798.03 0.02 274.04 274.04 274.04 274.04 274.04 274.04 274.04 0.05 0.02 0.02 274.04 274.04 482.04 482.03 404.03 404.03 404.03 404.04 0.02 0.02 0.02 404.04 0.02 404.04 404.04 122.03 122.03 122.03 122.03
0.0 0.0 0.0 0.0 0.0 0.0 0.0 0.0 0.0 0.0 0.0 0.0 0.0 0.0 0.0 0.0 0.0 0.0 0.0 0.0 0.0 0.0 0.0 0.0 0.0 0.0 0.0 0.0 0.0 0.0 0.0 0.0 0.0 0.0 0.0 0.0 0.0 0.0 0.0 0.0 0.0 0.0 0.0 626.04 626.04 626.04 626.04 626.04 626.04 626.04 626.04 626.04 626.04 686.04 0.02 0.02 0.02 274.04 274.04 274.04 274.04 274.04 274.04 0.05 482.04 0.02 482.04 482.04 482.03 482.03 482.03 404.03 404.03 404.04 404.04 0.02 404.04 404.04 404.04 404.04 404.04 404.03 0.02 122.03 122.03
0.0 0.0 0.0 0.0 0.0 0.0 0.0 0.0 0.0 0.0 0.0 0.0 0.0 0.0 0.0 0.0 0.0 0.0 0.0 0.0 0.0 0.0 0.0 0.0 0.0 0.0 0.0 0.0 0.0 0.0 0.0 0.0 0.0 0.0 0.0 0.0 0.0 0.0 0.0 0.0 0.0 0.0 0.0 626.04 626.04 626.04 626.04 626.04 626.04 626.04 626.04 626.04 626.04 686.04 0.02 0.02 0.02 686.04 686.04 686.04 482.04 482.04 482.04 482.04 482.04 482.04 482.04 482.04 0.02 482.03 0.02 404.04 404.04 404.04 404.04 404.04 404.04 404.04 404.04 0.02 404.03 0.02 0.02 122.03 406.03
0.0 0.0 0.0 0.0 0.0 0.0 0.0 0.0 0.0 0.0 0.0 0.0 0.0 0.0 0.0 0.0 0.0 0.0 0.0 0.0 0.0 0.0 0.0 0.0 0.0 0.0 0.0 0.0 0.0 0.0 0.0 0.0 0.0 0.0 0.0 0.0 0.0 0.0 0.0 0.0 0.0 0.0 0.0 626.04 626.04 626.04 626.04 626.04 0.02 626.04 626.04 626.04 626.04 686.04 0.02 686.04 686.04 686.04 686.04 686.04 686.04 482.04 482.04 0.05 482.03 482.04 482.04 482.04 482.04 482.04 482.04 0.02 404.04 404.04 0.02 404.04 0.02 404.04 404.04 0.02 404.03 404.03 359.03 359.03 406.03
0.0 0.0 0.0 0.0 0.0 0.0 0.0 0.0 0.0 0.0 0.0 0.0 0.0 0.0 0.0 0.0 0.0 0.0 0.0 0.0 0.0 0.0 0.0 0.0 0.0 0.0 0.0 0.0 0.0 0.0 0.0 0.0 0.0 0.0 0.0 0.0 0.0 0.0 0.0 0.0 0.0 0.0 626.04 626.04 626.04 626.04 626.04 626.04 0.02 0.02 626.04 626.04 626.04 686.04 686.04 686.04 686.04 686.04 686.04 0.02 686.04 686.04 482.04 482.04 482.03 482.03 482.03 482.03 482.04 482.04 482.04 482.04 482.04 404.04 0.02 404.04 404.04 404.04 404.04 359.03 359.03 359.03 359.03 359.03 406.03
0.0 0.0 0.0 0.0 0.0 0.0 0.0 0.0 0.0 0.0 0.0 0.0 0.0 0.0 0.0 0.0 0.0 0.0 0.0 0.0 0.0 0.0 0.0 0.0 0.0 0.0 0.0 0.0 0.0 0.0 0.0 0.0 0.0 0.0 0.0 0.0 0.0 0.0 0.0 0.0 626.04 626.04 626.04 626.04 626.04 626.04 626.04 626.04 626.04 626.04 626.04 626.04 0.02 686.04 686.04 686.04 686.04 686.04 686.04 686.04 686.04 686.04 482.04 482.04 482.04 482.03 482.03 482.03 482.04 482.04 482.04 482.04 482.04 404.04 404.04 404.04 404.04 359.04 359.03 359.03 0.02 359.03 359.03 0.02 359.03
0.0 0.0 0.0 0.0 0.0 0.0 0.0 0.0 0.0 0.0 0.0 0.0 0.0 0.0 0.0 0.0 0.0 0.0 0.0 0.0 0.0 0.0 0.0 0.0 0.0 0.0 0.0 0.0 0.0 0.0 0.0 0.0 0.0 0.0 0.0 0.0 0.0 0.0 0.02 0.02 626.04 626.04 626.04 626.04 626.04 626.04 626.04 626.04 626.04 626.04 626.04 626.04 626.04 686.04 686.04 686.04 686.04 686.04 686.04 686.04 686.04 686.04 0.05 0.05 482.04 482.03 0.02 0.02 482.04 482.04 482.04 482.04 482.04 482.04 404.04 359.04 359.04 359.03 359.03 359.03 359.03 0.02 359.03 359.03 359.03
0.0 0.0 0.0 0.0 0.0 0.0 0.0 0.0 0.0 0.0 0.0 0.0 0.0 0.0 0.0 0.0 0.0 0.0 0.0 0.0 0.0 0.0 0.0 0.0 0.0 0.0 0.0 0.0 0.0 0.0 0.0 0.0 0.0 0.0 0.0 345.04 345.04 345.04 626.04 0.02 626.04 626.04 626.04 626.04 626.04 626.04 626.04 626.04 0.02 626.04 626.04 626.04 626.04 686.04 686.04 686.04 686.04 686.04 686.04 686.04 686.04 686.04 0.05 686.04 482.03 482.03 482.03 482.03 482.04 482.04 482.04 482.04 84.04 84.04 359.04 359.04 359.03 359.03 359.03 359.03 0.05 359.04 359.03 359.03 359.03
0.0 0.0 0.0 0.0 0.0 0.0 0.0 0.0 0.0 0.0 0.0 0.0 0.0 0.0 0.0 0.0 0.0 0.0 0.0 0.0 0.0 0.0 0.0 0.0 0.0 0.0 0.0 0.0 0.0 0.0 0.0 0.0 0.0 0.02 0.02 345.04 345.04 345.04 345.04 0.02 626.04 626.04 626.04 626.04 626.04 626.04 626.04 626.04 0.02 626.04 0.02 626.04 626.04 686.04 686.04 686.04 686.04 686.04 686.04 686.04 686.04 686.04 686.04 0.02 482.03 482.04 482.04 482.04 482.04 482.04 84.04 84.04 84.04 84.04 84.04 359.04 359.03 0.02 0.02 359.04 359.03 359.03 359.03 359.03 359.03
0.0 0.0 0.0 0.0 0.0 0.0 0.0 0.0 0.0 0.0 0.0 0.0 0.0 0.0 0.0 0.0 0.0 0.0 0.0 0.0 0.0 0.0 0.0 0.0 0.0 0.0 0.0 0.0 0.0 0.0 0.0 0.0 345.04 345.04 0.02 345.04 345.04 345.04 345.04 626.04 626.04 626.04 626.04 626.04 626.04 626.04 626.04 626.04 626.04 626.04 626.04 626.04 626.04 686.04 0.02 686.04 686.04 686.04 686.04 686.04 686.04 686.04 0.02 686.04 686.04 482.04 482.04 482.04 482.04 84.04 0.02 84.04 84.04 84.04 84.04 359.04 359.03 359.03 359.03 359.03 359.03 0.02 359.04 359.03 359.03
0.0 0.0 0.0 0.0 0.0 0.0 0.0 0.0 0.0 0.0 0.0 0.0 0.0 0.0 0.0 0.0 0.0 0.0 0.0 0.0 0.0 0.0 0.0 0.0 0.0 0.0 0.0 0.0 0.0 0.0 0.0 345.04 345.04 345.04 0.02 345.04 345.04 345.04 345.04 345.04 626.04 626.04 626.04 626.04 626.04 626.04 626.04 626.04 626.04 626.04 626.04 626.04 626.04 686.04 0.02 0.02 686.04 686.04 686.04 686.04 686.04 686.04 0.02 0.02 686.04 686.04 482.04 84.04 84.04 84.04 84.04 0.02 84.04 84.04 84.04 647.03 359.03 359.03 359.03 359.03 359.03 0.02 359.04 359.03 359.03
0.0 0.0 0.0 0.0 0.0 0.0 0.0 0.0 0.0 0.0 0.0 0.0 0.0 0.0 0.0 0.0 0.0 0.0 0.0 0.0 0.0 0.0 0.0 0.0 0.0 0.0 0.0 0.0 0.0 345.04 0.02 345.04 0.05 0.05 345.04 345.04 0.02 345.04 345.04 345.04 437.04 437.04 437.04 626.04 626.04 626.04 626.04 626.04 626.04 626.04 0.02 626.04 433.04 686.04 686.04 686.04 686.04 686.04 686.04 686.04 0.02 686.04 0.02 686.04 686.03 576.04 84.04 84.04 84.04 84.04 84.04 84.04 84.04 84.04 84.04 647.03 647.03 359.03 359.03 359.03 359.03 359.03 359.03 359.03 359.03
0.0 0.0 0.0 0.0 0.0 0.0 0.0 0.0 0.0 0.0 0.0 0.0 0.0 0.0 0.0 0.0 0.0 0.0 0.0 0.0 0.0 0.0 0.0 0.0 0.0 0.0 0.0 0.0 0.05 0.05 0.05 0.05 345.04 0.05 345.04 345.04 345.04 345.04 0.05 345.04 437.04 0.05 0.05 0.05 0.02 437.04 437.04 626.04 626.04 626.04 626.04 0.02 433.04 433.04 433.04 686.04 0.02 686.04 686.04 686.04 0.02 686.04 686.04 686.03 576.03 0.02 576.04 84.04 84.04 84.04 84.03 0.02 84.04 84.04 0.02 647.03 647.03 647.03 34.03 34.03 359.03 359.03 359.03 359.03 359.03
0.0 0.0 0.0 0.0 0.0 0.0 0.0 0.0 0.0 0.0 0.0 0.0 0.0 0.0 0.0 0.0 0.0 0.0 0.0 0.0 0.0 0.0 0.0 0.0 0.0 0.0 0.0 741.04 741.04 0.05 0.05 345.04 345.04 345.04 345.04 0.02 345.04 345.04 345.04 345.04 437.04 437.04 437.04 437.04 437.04 437.04 0.02 0.02 437.04 433.04 433.04 433.04 433.04 433.04 433.04 433.04 0.02 0.02 686.04 686.04 686.04 686.04 576.04 576.03 576.03 0.02 576.04 84.04 84.04 84.04 84.04 0.02 0.02 84.04 0.02 0.02 647.03 0.02 34.03 34.03 34.03 34.03 0.02 0.02 34.03
0.0 0.0 0.0 0.0 0.0 0.0 0.0 0.0 0.0 0.0 0.0 0.0 0.0 0.0 0.0 0.0 0.0 0.0 0.0 0.0 0.0 0.0 0.0 0.0 0.0 0.0 0.0 741.04 741.04 741.04 345.04 345.04 345.04 345.04 345.04 0.02 345.04 345.04 345.04 437.04 437.04 437.04 437.04 437.04 437.04 437.04 437.04 437.04 437.04 433.04 433.04 433.04 433.04 433.04 433.04 433.04 433.04 433.04 686.04 686.04 686.04 576.04 576.04 576.03 576.03 576.04 576.04 576.04 84.04 84.04 84.04 0.02 84.04 84.04 647.04 647.04 647.03 647.03 0.02 34.03 34.03 34.03 34.03 34.04 0.02
0.0 0.0 0.0 0.0 0.0 0.0 0.0 0.0 0.0 0.0 0.0 0.0 0.0 0.0 0.0 0.0 0.0 0.0 0.0 0.0 0.0 0.0 0.0 0.0 0.0 0.0 741.04 0.02 0.05 0.05 741.04 345.04 345.04 345.04 345.04 345.04 345.04 345.04 345.04 437.04 437.04 437.04 437.04 437.04 437.04 437.04 437.04 437.04 0.02 433.04 433.04 433.04 0.02 0.02 0.02 433.04 433.04 433.04 433.04 686.04 576.04 576.04 576.04 576.03 0.02 576.04 576.04 576.04 84.04 84.04 84.04 0.02 84.04 647.04 647.04 647.03 647.03 647.03 0.02 34.03 34.03 34.03 34.03 34.03 34.04
0.0 0.0 0.0 0.0 0.0 0.0 0.0 0.0 0.0 0.0 0.0 0.0 0.0 0.0 0.0 0.0 0.0 0.0 0.0 0.0 0.0 0.0 0.0 0.0 0.0 0.0 741.04 741.04 0.05 741.04 741.04 741.04 345.04 345.04 345.04 345.04 345.04 345.04 345.04 437.04 437.04 437.04 0.05 437.04 437.04 437.04 437.04 437.04 437.04 0.02 0.02 433.04 433.04 0.02 0.02 0.02 433.04 433.04 0.05 0.05 576.04 576.04 576.04 576.04 0.02 0.02 576.04 576.04 576.04 84.04 84.04 0.02 84.04 647.04 0.02 647.03 647.03 647.03 0.02 0.02 34.03 0.02 0.02 34.04 34.04
0.0 0.0 0.0 0.0 0.0 0.0 0.0 0.0 0.0 0.0 0.0 0.0 0.0 0.0 0.0 0.0 0.0 0.0 0.0 0.0 0.0 0.0 0.0 0.0 0.0 741.04 741.04 741.04 0.05 741.04 741.04 741.04 741.04 345.04 345.04 345.04 345.04 345.04 345.04 437.04 437.04 437.04 0.05 0.02 437.04 437.04 437.04 437.04 433.04 433.04 0.02 433.04 433.04 433.04 433.04 433.04 433.04 433.04 433.04 433.04 576.04 0.02 576.04 576.04 576.04 576.04 576.04 576.04 576.04 576.04 84.04 84.04 84.04 647.04 647.04 647.04 647.04 647.04 647.04 0.02 34.03 0.02 0.02 56.04 56.04
0.0 0.0 0.0 0.0 0.0 0.0 0.0 0.0 0.0 0.0 0.0 0.0 0.0 0.0 0.0 0.0 0.0 0.0 0.0 0.0 0.0 0.0 0.0 0.0 741.04 741.04 741.04 741.04 0.05 0.05 0.05 741.04 741.04 741.04 345.04 345.04 345.04 345.04 437.04 437.04 437.04 437.04 0.02 0.02 437.04 437.04 437.04 437.04 0.02 433.04 433.04 433.04 433.04 433.04 433.04 433.04 433.04 226.04 226.04 226.04 620.04 0.02 0.02 576.04 0.05 0.05 0.05 576.04 576.04 576.04 0.02 84.04 84.04 647.04 647.04 647.04 647.04 647.04 647.04 56.04 56.04 56.04 0.02 56.04 56.04
0.0 0.0 0.0 0.0 0.0 0.0 0.0 0.0 0.0 0.0 0.0 0.0 0.0 0.0 0.0 0.0 0.0 0.0 0.0 0.0 0.0 0.0 0.0 0.0 741.03 741.04 741.04 0.05 0.05 0.05 0.05 0.05 741.04 741.04 741.04 345.04 345.04 345.04 437.04 437.04 437.04 437.04 437.04 0.02 437.04 437.04 437.04 437.04 433.04 433.03 433.04 433.04 433.04 433.04 433.04 226.04 226.04 226.04 226.04 226.04 620.04 620.04 620.04 620.04 620.04 576.04 0.05 0.05 576.04 576.04 0.02 84.04 647.04 647.04 647.04 647.04 647.04 647.04 56.04 56.04 56.04 56.04 56.04 56.04 56.04
0.0 0.0 0.0 0.0 0.0 0.0 0.0 0.0 0.0 0.0 0.0 0.0 0.0 0.0 0.0 0.0 0.0 0.0 0.0 0.0 0.0 0.0 0.0 741.04 741.04 741.04 741.04 741.04 0.05 741.04 0.05 741.04 741.04 741.04 741.04 741.04 345.04 345.04 437.04 437.04 437.04 437.04 437.04 437.04 437.04 437.04 437.04 433.04 433.04 433.03 433.04 433.04 226.04 226.04 226.04 226.04 226.04 226.04 226.04 620.04 620.04 620.04 620.04 620.04 620.04 620.04 0.05 620.04 576.04 576.04 576.04 576.04 647.04 647.03 647.04 647.04 647.04 647.04 56.04 56.04 56.04 56.04 56.04 56.04 56.04
0.0 0.0 0.0 0.0 0.0 0.0 0.0 0.0 0.0 0.0 0.0 0.0 0.0 0.0 0.0 0.0 0.0 0.0 0.0 0.0 0.0 0.0 0.0 617.04 617.04 0.02 0.02 741.04 741.04 741.04 741.04 741.04 741.04 741.04 741.04 741.04 741.04 345.04 437.04 437.04 437.04 437.04 437.04 437.03 437.03 437.03 437.04 0.05 433.04 226.04 226.04 226.04 226.04 226.04 226.04 226.04 226.04 226.04 226.04 620.04 0.05 620.04 620.04 620.04 620.04 620.04 620.04 620.04 620.04 620.04 620.04 0.02 0.02 647.04 647.04 0.05 0.05 0.05 0.05 56.04 56.04 56.04 56.04 56.04 56.04
0.0 0.0 0.0 0.0 0.0 0.0 0.0 0.0 0.0 0.0 0.0 0.0 0.0 0.0 0.0 0.0 0.0 0.0 0.0 0.0 0.0 0.0 617.04 617.04 617.04 617.04 741.04 741.04 741.04 741.04 741.04 741.04 741.04 741.04 741.04 744.04 744.04 744.04 437.04 437.04 437.04 437.04 437.03 437.03 437.03 437.03 437.03 226.04 226.04 226.04 226.04 226.04 226.04 226.04 226.04 226.04 226.04 226.04 226.04 620.04 620.04 620.04 620.04 620.04 620.04 620.04 620.04 620.04 620.04 620.04 569.04 569.04 0.02 569.04 221.04 221.04 0.05 0.05 0.05 0.05 56.04 56.04 0.02 56.04 56.04
0.0 0.0 0.0 0.0 0.0 0.0 0.0 0.0 0.0 0.0 0.0 0.0 0.0 0.0 0.0 0.0 0.0 0.0 0.0 0.0 617.04 0.02 617.04 617.04 617.04 0.02 617.04 617.04 741.04 744.04 744.04 744.04 744.04 744.04 744.04 744.04 744.04 744.04 744.04 437.04 437.04 437.04 437.03 437.03 437.03 437.03 226.03 226.04 226.04 226.04 226.04 226.04 226.04 226.03 226.04 226.04 226.04 226.04 226.04 620.04 620.04 620.04 620.04 620.04 620.04 620.04 620.04 620.04 569.04 569.04 569.04 569.04 0.02 221.04 221.04 221.04 221.04 56.04 56.04 0.02 56.04 56.04 0.02 0.02 0.02
0.0 0.0 0.0 0.0 0.0 0.0 0.0 0.0 0.0 0.0 0.0 0.0 0.0 0.0 0.0 0.0 0.0 617.04 617.04 617.04 617.04 617.04 617.04 617.04 0.05 0.05 0.02 617.04 744.04 744.04 744.04 744.04 744.04 744.04 744.04 744.04 744.04 0.05 603.04 603.04 437.04 0.02 0.05 437.03 437.03 0.02 0.02 0.02 226.04 226.04 226.04 226.04 226.04 0.02 0.02 226.04 226.04 226.04 226.04 620.04 620.04 620.04 620.04 620.04 620.04 620.04 0.02 569.04 569.04 569.04 569.04 569.04 0.02 0.02 221.04 0.02 221.04 221.04 221.04 56.04 56.04 56.04 56.04 56.04 0.02
0.0 0.0 0.0 0.0 0.0 0.0 0.0 0.0 0.0 0.0 0.0 0.0 0.0 0.0 0.0 0.05 0.05 617.04 617.04 617.04 0.02 617.04 617.04 617.04 617.04 617.04 617.04 617.04 744.04 744.04 744.04 744.04 744.04 744.04 744.04 744.04 744.04 0.05 0.05 603.04 603.04 0.02 0.05 0.05 0.05 0.05 0.02 226.03 226.04 226.04 226.04 226.04 226.04 0.02 0.02 226.04 226.04 226.04 226.04 620.04 620.04 620.04 620.04 620.04 620.04 569.04 569.04 569.04 569.04 569.04 569.04 569.04 569.04 221.04 221.04 221.04 221.04 221.04 221.04 221.04 56.04 0.02 0.05 0.05 56.04
0.0 0.0 0.0 0.0 0.0 0.0 0.0 0.0 0.0 0.0 0.0 0.0 0.0 0.0 617.04 0.05 0.05 0.05 0.05 617.04 617.04 617.04 0.05 617.04 617.04 617.04 617.04 79.04 744.04 744.04 744.04 744.04 744.04 744.04 744.04 744.04 744.04 603.04 0.05 603.04 603.04 0.02 0.02 0.05 0.05 0.05 226.04 226.04 226.04 226.04 226.04 226.04 226.04 226.04 226.04 226.04 226.04 226.04 226.04 620.04 620.04 620.04 620.04 620.04 569.04 569.04 569.04 569.04 569.04 569.04 569.04 569.04 569.04 221.04 221.04 221.04 221.04 221.04 221.04 221.04 221.04 56.04 56.04 56.04 0.05
0.0 0.0 0.0 0.0 0.0 0.0 0.0 0.0 0.0 0.0 0.0 0.0 0.0 0.0 617.04 617.04 0.05 617.04 617.04 617.04 617.04 617.04 617.04 617.04 617.04 79.04 0.02 79.04 744.04 744.04 744.04 744.04 744.04 744.04 744.04 744.04 603.04 603.04 0.05 0.05 603.04 603.04 603.04 0.05 0.05 0.05 226.04 226.04 226.04 226.04 226.04 226.04 226.04 226.04 226.04 226.04 226.04 226.04 226.04 620.04 620.04 620.04 569.04 569.04 569.04 569.04 569.04 569.04 569.04 569.04 569.04 569.04 569.04 221.04 221.04 221.04 221.04 221.04 0.02 221.04 221.04 221.04 56.04 56.04 56.04
0.0 0.0 0.0 0.0 0.0 0.0 0.0 0.0 0.0 0.0 0.0 0.0 0.0 793.04 617.04 617.04 617.04 617.04 0.05 617.04 617.04 617.04 617.04 617.04 79.04 79.04 79.03 0.02 744.04 744.04 744.04 744.04 744.04 744.04 744.04 603.04 603.04 603.04 0.05 603.04 603.04 603.04 603.04 603.04 603.04 0.05 0.05 226.04 226.04 226.04 226.04 226.04 226.04 226.03 226.03 226.04 226.04 226.04 226.04 0.05 620.04 569.04 569.04 569.04 569.04 569.04 569.04 569.04 569.04 0.02 569.04 569.04 569.04 221.04 221.04 0.02 221.04 221.04 221.04 221.04 221.04 221.04 221.04 221.04 56.04
0.0 0.0 0.0 0.0 0.0 0.0 0.0 0.0 0.0 0.0 0.0 0.0 0.0 793.04 793.04 793.04 617.04 0.02 0.02 0.05 617.04 617.04 79.04 79.04 0.02 79.03 79.03 79.03 0.02 744.04 744.04 744.04 744.04 744.04 603.04 603.04 603.04 603.04 603.04 603.03 603.04 603.04 603.04 603.04 603.04 0.05 603.03 226.04 226.04 226.04 226.04 226.04 0.02 226.03 226.03 226.04 226.04 0.05 0.05 0.05 0.05 569.04 569.04 569.04 0.02 569.04 569.04 569.04 569.04 569.03 569.04 569.04 221.04 221.04 221.04 0.02 0.02 221.04 221.04 221.04 221.04 221.04 221.04 221.03 0.02
0.0 0.0 0.0 0.0 0.0 0.0 0.0 0.0 0.0 0.0 0.0 0.0 793.04 793.04 793.04 793.04 793.04 617.04 617.04 617.04 0.05 79.04 79.04 79.03 79.03 79.03 79.03 79.04 79.04 744.04 744.04 744.04 744.04 603.04 603.04 603.04 603.04 603.04 603.03 0.02 603.04 603.04 603.04 603.04 0.05 0.05 0.02 603.04 226.04 226.04 226.04 226.04 0.02 226.03 226.03 646.04 646.04 646.04 0.05 0.05 0.05 452.04 452.04 452.04 452.04 569.04 569.04 569.04 569.04 569.04 569.04 569.04 221.04 221.04 221.04 221.04 221.04 221.04 221.04 221.04 221.04 221.04 221.04 0.02 221.04
0.0 0.0 0.0 0.0 0.0 0.0 0.0 0.0 0.0 0.0 0.0 0.0 793.04 793.04 793.04 793.04 793.04 793.04 617.04 79.04 0.05 0.05 79.03 0.02 0.02 0.02 0.02 79.04 79.04 744.04 744.04 744.04 603.04 603.04 603.04 603.04 603.03 603.03 603.03 603.03 603.04 603.04 603.04 603.04 0.05 0.05 0.02 0.02 250.04 250.04 250.04 250.04 226.04 646.03 646.03 646.03 646.04 646.04 0.05 0.05 646.04 452.04 452.04 452.04 452.04 452.04 452.04 452.04 569.04 0.02 569.03 569.04 221.04 221.04 221.04 221.04 221.04 0.02 221.04 221.04 221.04 221.04 221.04 0.05 198.04
0.0 0.0 0.0 0.0 0.0 0.0 0.0 0.0 0.0 0.0 0.0 793.04 793.04 793.04 793.04 793.04 793.04 793.04 793.04 0.05 0.05 0.05 79.03 79.03 0.02 0.02 79.04 79.04 79.04 744.04 744.04 61.04 603.04 603.04 603.04 603.04 603.03 0.02 603.04 603.04 603.04 603.04 603.04 603.04 0.05 0.05 0.05 0.02 250.04 250.04 250.04 250.04 250.04 646.04 646.03 646.03 646.03 0.02 0.05 0.05 0.05 452.04 452.04 452.04 452.04 452.04 452.04 452.04 452.04 0.02 452.03 452.03 221.04 221.04 221.04 221.04 221.04 0.02 221.04 221.04 221.04 221.04 0.05 0.05 0.05
0.0 0.0 0.0 0.0 0.0 0.0 0.0 0.0 0.0 0.0 0.0 793.04 793.04 793.04 793.04 793.04 793.04 793.04 793.04 793.04 79.04 79.04 79.03 79.03 79.03 79.03 79.04 79.04 79.04 61.04 61.04 61.04 61.04 603.04 603.04 603.04 603.03 603.03 603.04 603.04 603.04 603.04 603.04 603.04 603.04 0.05 250.04 250.04 250.04 250.04 250.04 250.04 250.04 783.04 646.04 646.04 646.04 0.02 0.05 0.05 646.04 646.04 452.04 452.04 452.04 452.04 452.04 452.04 452.04 452.03 0.02 452.03 221.04 221.04 221.04 221.04 221.04 221.04 221.04 221.04 221.04 0.05 0.05 0.05 0.05
