Inputs/GridInputs/LU&ParcGridSob10.asc
ncols         355
nrows         514
xllcorner     -1684940.3713166039
yllcorner     3170668.0308883013
dx            10.021603558590295
dy            10.00860663445246
[rows 304 to 341 of 514, columns 170 to 254 of 355]
0.0 0.0 0.0 0.0 0.0 0.0 0.0 0.0 0.0 0.0 0.0 0.0 0.0 0.0 0.0 0.0 0.0 0.0 0.0 0.0 0.0 768.04 768.04 0.02 0.02 768.03 768.03 768.03 768.04 0.02 0.02 590.04 590.04 590.04 590.04 590.04 590.04 119.04 119.04 119.04 104.04 104.03 104.03 104.03 104.04 104.04 104.04 104.04 297.04 297.04 297.04 297.03 0.02 297.03 297.03 297.03 170.03 170.03 170.03 170.03 170.03 170.03 170.04 170.04 170.04 170.04 170.04 170.04 673.04 673.04 673.04 187.04 187.04 0.02 0.02 0.02 187.04 585.04 585.04 585.04 585.04 585.04 585.04 585.04 585.04
0.0 0.0 0.0 0.0 0.0 0.0 0.0 0.0 0.0 0.0 0.0 0.0 0.0 0.0 0.0 0.0 0.0 0.0 0.0 0.0 0.0 768.04 768.04 768.04 768.04 0.02 768.03 768.03 768.03 590.03 590.03 590.03 590.04 0.05 590.04 590.04 590.04 590.04 119.04 104.04 104.04 104.04 0.02 104.04 104.04 104.04 104.04 297.04 297.04 297.04 297.03 297.03 0.02 0.02 297.03 297.03 170.03 170.03 170.03 170.03 170.03 170.04 170.04 170.03 170.04 170.04 170.04 170.04 673.04 673.04 673.04 673.04 187.04 187.04 0.02 187.04 187.04 585.04 585.04 585.04 585.04 585.04 585.04 585.04 585.04
0.0 0.0 0.0 0.0 0.0 0.0 0.0 0.0 0.0 0.0 0.0 0.0 0.0 0.0 0.0 0.0 0.0 0.0 0.0 0.0 768.04 768.04 768.04 768.04 768.04 768.04 768.03 768.03 768.03 590.03 590.03 590.03 590.03 590.03 590.04 590.04 590.04 590.04 104.03 104.04 104.04 104.04 0.02 104.04 104.04 104.04 104.04 297.04 297.04 297.04 297.03 297.03 297.03 297.03 297.03 297.03 0.02 0.02 170.04 170.03 170.03 0.02 170.04 170.03 170.03 170.03 170.03 170.04 673.04 673.04 673.04 673.04 673.04 187.04 187.04 187.04 585.04 585.04 585.04 585.04 585.04 585.04 585.04 585.04 585.04
0.0 0.0 0.0 0.0 0.0 0.0 0.0 0.0 0.0 0.0 0.0 0.0 0.0 0.0 0.0 0.0 0.0 0.0 0.0 0.0 457.04 768.04 768.04 768.04 768.04 768.04 768.03 768.03 459.03 459.03 590.03 590.03 590.03 590.03 590.03 0.02 590.04 590.04 104.03 104.04 104.04 104.04 104.04 104.04 104.03 104.04 297.04 297.04 297.04 297.04 297.04 297.03 297.03 297.03 297.03 297.03 0.08 0.08 170.03 170.03 170.03 170.03 170.03 170.03 0.08 170.03 170.04 673.04 673.04 673.04 673.04 673.04 673.04 673.04 187.04 187.04 585.04 585.04 585.04 585.04 585.04 585.04 585.04 585.04 585.04
0.0 0.0 0.0 0.0 0.0 0.0 0.0 0.0 0.0 0.0 0.0 0.0 0.0 0.0 0.0 0.0 0.0 0.0 0.0 457.04 457.04 457.04 768.04 768.04 768.04 768.04 459.03 459.03 459.03 459.03 459.03 590.03 590.03 590.03 590.03 0.02 590.03 590.03 104.03 104.03 104.04 104.03 104.03 104.03 104.03 0.02 297.04 297.04 297.04 297.04 297.03 297.03 297.03 297.03 297.03 297.03 297.03 170.03 170.03 170.03 170.03 170.03 170.03 0.02 0.02 170.03 170.03 673.04 673.04 673.04 673.04 673.04 673.04 673.04 673.04 585.04 585.04 585.04 585.04 585.04 585.04 585.04 585.04 585.04 585.03
0.0 0.0 0.0 0.0 0.0 0.0 0.0 0.0 0.0 0.0 0.0 0.0 0.0 0.0 0.0 0.0 0.0 0.0 0.0 457.04 457.04 457.04 457.04 768.04 459.04 459.04 459.04 459.04 459.03 459.03 459.03 590.03 590.03 0.02 590.03 0.02 590.03 590.03 104.03 104.03 104.03 104.03 0.02 0.02 104.04 52.04 52.04 52.04 297.04 297.04 297.03 297.03 297.03 297.03 297.03 297.03 297.03 170.03 170.03 170.03 170.03 170.03 170.03 0.02 0.02 0.02 170.03 673.04 0.02 0.02 673.04 673.04 673.04 673.04 0.02 673.04 585.04 585.04 585.04 585.04 585.04 585.04 585.04 585.03 585.03
0.0 0.0 0.0 0.0 0.0 0.0 0.0 0.0 0.0 0.0 0.0 0.0 0.0 0.0 0.0 0.0 0.0 0.0 0.0 457.03 457.04 457.04 457.04 457.04 459.04 459.04 459.04 459.04 459.04 459.04 459.03 459.03 590.03 0.02 0.02 590.03 590.03 590.03 104.03 104.03 104.03 104.03 104.03 0.02 0.02 52.04 52.04 52.04 52.04 52.04 52.04 297.03 297.03 297.03 297.03 297.03 297.03 170.03 170.03 170.03 170.03 170.03 170.03 0.02 0.02 170.03 170.03 673.04 673.04 0.02 673.04 673.04 673.04 673.04 0.02 673.04 585.04 585.04 585.04 585.04 585.04 585.04 585.04 585.03 0.02
0.0 0.0 0.0 0.0 0.0 0.0 0.0 0.0 0.0 0.0 0.0 0.0 0.0 0.0 0.0 0.0 0.0 0.0 0.0 457.03 457.04 457.04 457.04 457.04 459.04 459.04 459.04 459.04 459.04 459.04 459.04 0.02 0.02 590.04 0.02 590.03 590.03 590.03 104.03 104.03 104.03 104.03 104.03 104.04 52.04 52.04 52.04 52.04 52.04 52.04 52.04 52.04 52.03 52.03 297.03 297.03 297.03 170.03 170.03 170.03 170.03 170.03 170.03 170.03 170.03 170.03 260.04 260.04 260.04 260.04 673.04 673.04 673.04 68.04 68.04 68.04 68.04 585.04 585.04 585.04 585.04 585.04 0.02 585.03 567.04
0.0 0.0 0.0 0.0 0.0 0.0 0.0 0.0 0.0 0.0 0.0 0.0 0.0 0.0 0.0 0.0 0.0 0.0 0.0 457.03 457.04 457.04 457.04 457.04 457.04 459.04 459.04 459.04 459.04 459.04 459.04 0.02 0.02 590.04 590.04 590.03 590.03 590.03 534.03 534.03 534.03 534.03 534.03 534.04 52.04 52.04 52.04 52.04 52.04 52.04 52.04 52.04 52.04 52.03 52.03 52.03 52.03 297.03 170.03 170.03 170.03 170.03 170.03 170.03 170.03 260.03 260.04 260.04 260.04 260.04 260.04 68.04 68.04 68.04 68.04 68.04 68.04 68.04 68.04 585.04 585.04 585.04 0.02 0.02 567.04
0.0 0.0 0.0 0.0 0.0 0.0 0.0 0.0 0.0 0.0 0.0 0.0 0.0 0.0 0.0 0.0 0.0 0.0 0.0 457.03 457.03 457.04 457.04 457.04 457.04 459.04 459.04 459.04 459.04 459.04 459.04 459.04 459.04 590.03 590.03 590.03 590.03 534.03 534.03 534.03 0.02 534.03 534.03 534.03 534.04 52.04 52.04 52.04 52.04 52.04 52.04 52.04 52.04 52.03 52.03 52.03 52.03 52.03 704.03 704.03 170.03 170.03 170.03 170.03 260.03 260.03 260.03 260.04 260.04 260.04 260.04 68.04 68.04 68.04 68.04 68.04 68.04 68.04 68.04 68.04 585.04 585.04 0.02 0.02 567.04
0.0 0.0 0.0 0.0 0.0 0.0 0.0 0.0 0.0 0.0 0.0 0.0 0.0 0.0 0.0 0.0 0.0 0.0 0.0 457.03 457.03 457.04 457.04 457.04 457.04 459.04 459.04 459.04 459.04 459.04 459.04 0.02 459.04 459.03 590.03 534.03 534.03 534.03 534.03 534.03 534.03 534.03 534.03 534.04 534.04 534.04 52.04 52.04 52.04 52.04 52.04 52.04 52.04 52.04 52.03 52.03 52.03 704.03 704.03 704.03 704.03 704.03 704.03 704.03 260.03 260.04 260.04 260.04 260.04 260.04 260.04 68.04 68.04 68.04 68.04 68.04 68.04 68.04 68.04 68.04 68.04 68.04 585.04 567.04 567.04
0.0 0.0 0.0 0.0 0.0 0.0 0.0 0.0 0.0 0.0 0.0 0.0 0.0 0.0 0.0 0.0 0.0 0.0 0.0 457.03 457.03 457.04 457.04 457.04 457.04 457.04 459.04 459.04 459.04 459.04 459.04 459.04 459.04 459.03 534.03 534.03 534.03 534.03 534.03 534.03 534.03 534.03 0.02 534.04 534.04 534.04 534.04 0.02 52.04 52.04 52.04 52.04 52.04 168.04 168.03 168.03 704.03 704.03 704.03 704.03 704.03 704.03 704.03 704.03 0.05 260.04 260.04 260.04 260.04 260.04 260.04 68.04 68.04 68.04 68.04 68.04 68.04 68.04 68.04 68.04 68.04 68.04 68.04 567.04 567.04
0.0 0.0 0.0 0.0 0.0 0.0 0.0 0.0 0.0 0.0 0.0 0.0 0.0 0.0 0.0 0.0 0.0 0.0 0.0 0.0 281.03 281.04 281.04 281.04 457.04 457.04 459.04 459.04 459.04 459.04 459.04 459.04 459.04 534.03 534.03 534.03 534.03 534.03 534.03 534.03 534.03 0.02 0.02 534.04 534.04 534.04 534.04 534.04 168.04 168.04 168.04 168.04 168.04 168.04 168.03 0.02 0.02 0.02 704.03 704.03 704.03 704.03 704.03 704.03 0.05 704.04 260.04 260.04 260.04 260.04 260.04 68.03 0.02 68.04 68.04 68.04 68.04 68.04 68.04 68.04 68.04 68.04 68.04 567.04 567.04
0.0 0.0 0.0 0.0 0.0 0.0 0.0 0.0 0.0 0.0 0.0 0.0 0.0 0.0 0.0 0.0 0.0 0.0 0.0 0.0 281.04 281.04 281.04 281.04 281.04 281.04 281.04 459.04 459.04 459.04 459.04 459.04 459.04 534.03 534.03 534.03 534.03 534.03 534.03 534.03 534.03 0.02 534.04 534.04 534.04 534.04 534.04 168.04 168.04 168.04 168.04 168.04 168.04 168.04 168.04 0.02 0.02 704.04 704.04 704.04 704.03 704.03 704.03 704.04 0.05 704.04 260.03 260.03 260.03 260.04 260.03 68.03 68.04 0.12 0.12 0.12 0.12 68.04 68.04 68.04 68.04 68.04 0.02 567.04 567.04
0.0 0.0 0.0 0.0 0.0 0.0 0.0 0.0 0.0 0.0 0.0 0.0 0.0 0.0 0.0 0.0 0.0 0.0 0.0 0.0 0.02 281.04 281.04 281.04 281.04 281.04 281.04 281.04 281.04 459.04 459.04 459.04 534.04 534.03 534.03 534.03 534.03 534.03 534.03 534.03 534.03 0.02 534.04 534.04 534.04 534.04 534.04 168.04 168.04 168.04 168.04 168.04 168.04 168.04 168.04 0.02 0.02 704.04 704.04 704.04 704.04 704.04 704.04 704.04 704.04 704.03 458.03 458.03 260.03 260.03 0.02 0.12 0.12 0.12 0.12 0.12 0.12 0.12 0.12 68.04 68.04 68.04 68.04 0.02 567.04
0.0 0.0 0.0 0.0 0.0 0.0 0.0 0.0 0.0 0.0 0.0 0.0 0.0 281.03 281.03 281.03 281.03 281.03 281.03 281.04 281.04 281.04 281.04 0.02 0.02 0.02 281.04 281.04 281.04 281.04 281.04 0.02 534.03 534.03 534.03 534.03 534.03 534.03 534.03 534.03 0.02 0.02 534.04 534.04 534.04 534.04 534.04 168.04 168.04 168.04 168.04 168.04 168.04 168.04 168.04 168.03 704.04 704.04 704.04 704.04 704.04 704.04 704.04 704.04 704.04 0.05 458.04 458.03 458.03 458.03 0.12 0.12 0.12 0.12 0.12 0.12 0.12 0.12 0.12 68.04 68.04 68.04 68.04 567.04 567.04
0.0 0.0 0.0 0.0 0.0 0.0 0.0 0.0 0.0 0.0 0.0 0.0 281.03 281.03 281.03 281.03 281.03 281.03 281.03 281.04 281.04 281.04 0.02 0.02 0.02 281.04 281.04 281.04 281.04 281.04 281.04 281.04 534.03 534.03 534.03 534.03 534.03 534.03 534.03 534.03 0.02 0.02 534.04 534.04 534.04 534.04 534.04 168.04 168.04 168.04 168.04 168.04 168.04 168.04 0.02 168.04 704.04 704.04 704.04 704.04 704.04 704.04 704.04 704.04 704.04 458.04 0.02 458.03 458.03 0.12 0.12 0.12 0.12 0.12 0.12 0.12 0.12 0.12 0.12 0.12 68.04 68.04 68.04 567.04 567.04
0.0 0.0 0.0 0.0 0.0 0.0 0.0 0.0 0.0 0.0 0.0 0.0 281.03 281.03 281.03 281.03 281.03 281.03 281.03 281.04 281.04 281.04 281.04 281.04 281.04 281.04 281.04 281.04 281.04 281.04 281.04 281.04 534.03 534.03 534.03 534.03 534.03 534.03 534.03 534.03 534.04 534.04 534.04 534.04 534.04 534.04 534.04 168.04 168.04 168.04 168.04 168.04 168.04 168.04 0.02 0.02 704.04 704.04 704.04 704.04 704.04 704.04 704.04 704.04 704.04 458.04 458.03 458.03 458.03 0.12 0.12 0.12 0.12 0.12 0.12 0.12 0.12 0.12 0.12 0.12 68.04 68.04 68.04 68.04 567.04
0.0 0.0 0.0 0.0 0.0 0.0 0.0 0.0 0.0 0.0 0.0 124.03 124.03 124.03 281.03 281.03 281.03 281.03 281.03 281.04 281.04 281.04 281.04 281.04 281.04 281.04 281.04 281.04 281.04 281.04 281.04 639.04 639.03 639.03 639.03 639.03 639.04 639.04 534.04 534.04 534.04 534.04 534.04 534.04 534.04 534.04 534.04 168.04 168.04 168.04 168.04 168.04 168.04 168.04 168.04 0.02 704.04 704.04 704.04 0.02 704.04 704.04 704.04 704.04 458.04 458.04 0.05 458.04 458.03 0.12 0.12 0.12 0.12 0.12 0.12 0.12 0.12 0.12 0.12 0.12 68.04 68.04 68.04 789.04 789.04
0.0 0.0 0.0 0.0 0.0 0.0 0.0 0.0 0.0 0.0 0.0 124.03 124.03 124.03 124.03 124.03 124.03 0.02 0.02 281.04 281.04 281.04 281.04 281.04 281.03 281.03 281.03 0.02 281.04 0.02 281.04 639.04 639.03 639.03 639.03 0.02 639.04 639.04 639.04 639.04 639.04 639.04 639.04 639.04 639.04 639.04 168.04 168.04 168.04 168.04 168.04 168.04 168.04 168.04 168.04 168.04 704.03 704.04 704.04 0.02 704.04 704.04 704.04 704.04 458.04 458.04 0.05 458.04 458.04 0.12 0.12 0.12 0.12 0.12 0.12 0.12 0.12 0.12 0.12 0.12 68.04 68.04 789.04 789.04 789.04
0.0 0.0 0.0 0.0 0.0 0.0 0.0 0.0 0.0 0.0 0.0 124.04 0.05 124.03 124.03 124.03 124.03 0.02 0.02 124.03 124.04 124.04 281.04 281.04 281.03 0.02 0.02 0.02 281.04 281.04 281.04 639.03 639.03 639.03 639.03 0.02 0.02 639.04 639.04 639.04 639.04 639.04 639.04 639.04 639.04 639.04 639.04 168.04 168.04 168.04 168.04 168.04 168.04 168.04 168.04 168.04 704.03 0.02 704.04 704.04 704.04 704.04 704.04 458.04 458.04 458.04 458.04 458.04 458.04 458.04 0.12 0.12 0.12 0.12 0.12 0.12 0.12 0.12 0.12 0.12 0.02 458.04 789.04 789.04 789.04
0.0 0.0 0.0 0.0 0.0 0.0 0.0 0.0 0.0 0.0 0.0 124.04 124.04 124.03 124.03 124.03 124.03 124.03 124.03 124.03 124.04 124.04 124.04 0.02 0.02 124.04 0.02 281.04 281.04 281.04 281.04 639.03 639.03 639.03 639.03 639.03 0.02 639.04 639.04 639.04 639.04 639.04 639.04 639.04 639.04 639.04 639.04 639.04 168.04 168.04 168.04 168.04 168.04 168.04 168.04 168.04 704.04 0.02 704.04 704.04 704.04 704.04 0.02 458.04 458.04 458.04 458.04 458.04 458.04 458.04 0.12 0.12 0.12 0.12 0.12 0.12 0.12 0.12 0.12 0.12 0.02 0.02 789.04 789.03 789.03
0.0 0.0 0.0 0.0 0.0 0.0 0.0 0.0 0.0 0.0 124.04 124.04 124.04 124.03 124.03 124.03 124.03 124.03 124.03 124.03 124.03 124.04 124.04 124.04 124.04 124.04 124.04 124.04 124.04 281.04 473.04 473.03 639.03 639.03 639.03 639.03 639.04 0.02 639.04 639.04 639.04 639.04 639.04 639.04 639.04 639.04 639.04 639.04 639.04 168.04 168.04 168.04 168.04 168.04 168.04 168.04 704.04 0.02 704.04 704.04 704.04 704.04 0.02 0.02 684.04 458.04 458.04 458.04 458.03 0.02 0.12 0.12 0.12 0.12 0.12 0.12 0.12 0.12 0.12 0.12 0.02 789.04 789.04 789.04 0.12
0.0 0.0 0.0 0.0 0.0 0.0 0.0 0.0 0.0 0.0 124.04 124.04 124.04 124.03 124.03 124.03 124.03 124.03 124.03 124.03 124.03 124.04 124.04 124.04 124.03 124.03 124.03 124.03 124.03 473.03 473.03 473.03 473.03 0.02 639.04 0.02 639.04 639.04 639.04 639.04 639.04 639.04 639.04 639.04 639.04 639.04 639.04 639.04 639.04 639.04 168.04 168.04 316.04 316.04 316.04 316.04 316.04 527.04 527.04 527.04 527.04 527.04 684.04 684.04 684.04 684.04 684.04 684.04 684.04 0.02 458.04 458.04 0.12 0.12 0.12 0.12 0.12 0.12 0.12 0.12 458.03 789.03 789.04 0.12 0.12
0.0 0.0 0.0 0.0 0.0 0.0 0.0 0.0 0.0 0.0 124.04 124.04 124.04 0.02 124.03 124.03 124.03 124.03 124.03 124.03 124.03 124.04 124.04 124.04 124.03 124.03 124.03 124.03 124.03 473.03 473.03 473.03 473.03 473.03 473.03 0.02 0.02 639.04 639.04 639.04 639.04 639.04 639.04 639.04 639.04 0.08 639.04 639.04 639.04 316.04 316.04 316.04 316.04 316.04 316.04 316.04 316.04 527.04 527.04 527.04 527.04 527.04 527.04 684.04 684.04 684.04 684.04 684.04 684.04 684.04 684.04 684.04 684.04 684.04 0.12 0.12 0.12 0.12 0.12 0.12 0.12 0.12 0.12 0.12 0.12
0.0 0.0 0.0 0.0 0.0 0.0 0.0 0.0 0.0 0.0 124.04 124.04 124.04 124.04 124.03 124.03 124.03 124.03 124.03 124.03 124.03 124.03 124.04 124.03 124.03 124.03 124.03 124.03 124.03 473.03 473.04 473.03 473.04 473.03 473.03 473.04 473.04 639.04 639.04 639.04 639.04 639.04 639.04 639.04 639.04 639.04 639.04 639.04 639.04 316.04 316.04 316.04 316.04 316.04 316.04 316.04 316.04 527.04 527.04 527.04 527.04 527.04 527.04 684.04 684.04 684.04 684.04 684.04 684.04 684.04 684.04 684.04 684.04 684.04 684.04 684.04 684.04 0.12 0.12 0.12 0.12 0.12 0.12 0.12 0.12
0.0 0.0 0.0 0.0 0.0 0.0 0.0 0.0 0.0 0.0 124.04 124.04 124.04 124.04 124.03 124.03 124.03 124.03 124.03 124.03 124.03 124.03 124.03 124.03 124.04 124.03 124.03 124.03 473.03 473.04 473.04 473.04 473.04 473.04 473.03 473.04 473.04 473.04 639.04 639.04 639.04 639.04 639.04 639.04 639.04 639.04 639.04 2.04 316.04 316.04 316.04 316.04 316.04 316.04 316.04 316.04 316.04 316.04 527.04 527.04 527.04 527.04 527.04 527.04 684.04 684.04 684.04 684.04 684.04 684.04 684.04 684.04 684.04 684.04 684.04 684.04 684.04 0.12 0.12 0.12 0.12 0.12 0.12 0.12 0.12
0.0 0.0 0.0 0.0 0.0 0.0 0.0 0.0 0.0 0.0 124.04 124.04 124.04 124.04 124.03 124.03 124.03 124.03 124.03 124.03 124.03 124.03 124.03 0.02 124.03 124.03 563.03 563.03 473.04 473.04 473.04 473.04 473.04 473.04 0.02 473.03 473.04 473.04 473.04 473.04 639.04 639.04 639.04 639.04 2.04 2.04 2.04 2.04 316.04 316.04 316.04 316.04 316.04 316.04 316.04 316.04 316.04 316.04 527.04 527.04 527.04 527.04 527.04 527.04 527.04 684.04 684.04 0.05 684.04 684.04 684.04 684.04 684.04 684.04 684.04 0.02 684.04 0.12 0.12 0.12 0.12 0.12 0.12 0.12 0.12
0.0 0.0 0.0 0.0 0.0 0.0 0.0 0.0 0.0 0.0 124.04 124.04 124.04 124.04 124.03 124.03 124.03 124.03 0.02 124.03 124.03 0.02 0.02 124.03 563.03 563.03 563.03 563.03 0.02 473.04 473.04 473.04 473.04 473.04 0.02 0.02 473.04 473.04 473.04 473.04 473.04 2.04 2.04 2.04 2.04 2.04 2.04 2.04 2.04 316.04 316.04 316.04 0.02 316.04 316.04 316.04 316.04 316.04 527.04 527.04 527.04 527.04 527.04 527.04 527.03 527.03 0.05 0.05 684.04 684.04 0.02 684.04 684.04 684.04 684.04 0.02 0.02 0.12 0.12 0.12 0.12 0.12 0.12 0.12 0.12
0.0 0.0 0.0 0.0 0.0 0.0 0.0 0.0 0.0 0.0 0.0 124.04 124.04 124.04 124.03 124.03 124.03 124.03 124.03 124.03 124.03 124.03 563.03 563.03 563.03 563.03 563.03 563.03 563.03 473.04 473.04 473.04 473.04 473.04 0.02 0.02 473.04 473.03 473.03 473.04 473.04 2.04 2.04 2.04 2.04 2.04 2.04 2.04 2.04 316.04 316.04 316.04 316.04 0.02 316.04 0.02 0.02 0.02 527.04 527.04 527.04 527.04 527.04 527.03 527.03 0.05 0.05 684.03 684.04 684.04 684.04 684.04 684.04 684.04 684.04 684.04 684.04 0.12 0.12 0.12 0.12 0.12 0.12 0.12 789.03
0.0 0.0 0.0 0.0 0.0 0.0 0.0 0.0 0.0 0.0 0.0 124.04 124.04 124.03 124.03 124.03 124.03 124.03 124.03 124.03 563.03 563.03 563.03 563.03 563.03 563.03 563.03 563.03 563.03 563.04 473.04 473.04 473.04 473.04 0.02 0.02 473.04 473.03 473.03 473.04 473.04 2.04 2.04 2.04 2.04 2.03 2.04 2.04 2.04 316.04 316.04 316.04 316.04 316.04 316.04 316.04 316.04 316.04 527.04 527.04 527.03 527.03 527.03 0.12 0.12 0.12 0.12 0.12 0.12 0.12 684.04 684.04 684.04 684.04 684.04 684.04 0.12 0.12 0.12 0.12 0.12 0.12 0.12 789.03 789.03
0.0 0.0 0.0 0.0 0.0 0.0 0.0 0.0 0.0 0.0 0.0 124.04 124.04 0.02 124.03 124.03 124.03 124.03 563.03 563.03 563.03 563.03 563.03 563.03 563.03 563.03 563.03 563.03 563.03 563.04 473.04 473.04 473.04 473.04 473.04 473.04 473.03 473.03 473.03 473.03 473.04 2.04 2.04 2.04 2.04 2.03 0.02 2.04 249.04 249.04 316.04 316.03 316.04 316.04 316.04 316.04 316.04 316.04 316.04 527.03 527.04 0.12 0.12 0.12 0.12 0.12 0.12 0.12 0.12 0.12 0.12 0.12 0.12 0.12 0.12 0.12 0.12 0.12 0.12 0.12 0.12 0.12 789.03 789.03 789.03
0.0 0.0 0.0 0.0 0.0 0.0 0.0 0.0 0.0 0.0 0.0 0.0 124.03 0.02 124.03 612.03 612.03 612.03 563.03 563.03 563.03 563.03 563.03 563.03 563.03 563.03 563.03 563.03 563.03 563.03 473.03 473.03 473.03 473.03 473.03 473.03 473.03 473.03 473.03 473.03 473.03 2.04 2.04 2.03 2.04 0.02 0.02 0.02 249.04 249.04 0.02 249.03 316.03 316.04 316.04 316.04 316.04 316.04 0.12 0.12 0.12 0.12 0.12 0.12 0.12 0.12 0.12 0.12 0.12 0.12 0.12 0.12 0.12 0.12 0.12 0.12 0.12 0.12 0.12 0.12 0.12 562.03 541.03 789.03 789.03
0.0 0.0 0.0 0.0 0.0 0.0 0.0 0.0 0.0 0.0 0.0 0.0 612.04 612.03 0.02 612.03 612.03 612.03 612.03 563.03 563.03 563.03 563.03 563.03 563.03 563.03 563.03 563.03 563.03 563.03 563.03 473.03 473.03 473.03 473.03 473.03 473.03 473.03 473.03 473.03 473.04 2.04 2.03 2.03 2.03 2.03 0.02 2.04 249.04 249.03 249.03 0.02 249.04 249.04 316.04 316.04 0.12 0.12 0.12 0.12 0.12 0.12 0.12 0.12 0.12 0.12 0.12 0.12 0.12 0.12 0.12 0.12 0.12 0.12 0.12 0.12 0.12 0.12 0.12 562.04 562.03 541.03 541.03 541.03 466.03
0.0 0.0 0.0 0.0 0.0 0.0 0.0 0.0 0.0 0.0 0.0 0.0 612.03 612.03 612.03 612.03 612.03 612.03 612.03 612.03 563.03 563.03 563.03 563.03 563.03 563.03 0.02 563.03 563.03 563.03 563.03 473.03 473.03 473.03 473.03 473.03 473.03 473.03 473.03 473.03 473.03 2.03 2.03 2.03 2.03 2.03 2.03 249.03 249.04 249.04 249.03 0.02 0.02 249.04 0.12 0.12 0.12 0.12 0.12 0.12 0.12 0.12 0.12 0.12 0.12 0.12 0.12 0.12 0.12 0.12 0.12 0.12 0.12 0.12 0.12 0.12 0.12 0.12 562.04 562.03 562.03 541.03 541.03 541.03 541.03
0.0 0.0 0.0 0.0 0.0 0.0 0.0 0.0 0.0 0.0 0.0 0.0 0.0 612.03 612.03 612.03 612.03 612.03 612.03 612.03 612.03 563.03 563.03 563.03 563.03 563.03 0.02 563.03 563.03 563.03 563.03 563.03 473.03 473.03 473.03 473.03 473.03 473.03 473.03 473.03 117.03 117.03 117.03 117.03 117.03 0.02 117.03 249.04 249.04 249.04 249.04 249.04 249.04 0.12 0.12 0.12 0.12 0.12 0.12 0.12 0.12 0.12 0.12 0.12 0.12 0.12 0.12 0.12 0.12 0.12 0.12 0.12 0.12 0.12 0.12 0.12 0.05 0.05 562.03 562.03 541.03 541.03 541.03 541.03 35.03
0.0 0.0 0.0 0.0 0.0 0.0 0.0 0.0 0.0 0.0 0.0 0.0 0.0 612.03 612.03 612.03 612.03 612.03 612.03 612.03 612.03 612.03 612.03 0.02 0.02 563.03 563.03 563.03 563.03 563.03 563.03 115.03 115.03 207.03 207.03 473.03 473.03 473.03 473.03 473.03 117.03 117.03 117.03 117.03 117.03 0.02 117.03 117.04 249.04 249.04 249.04 249.04 0.12 0.12 0.12 0.12 0.12 0.12 0.12 0.12 0.12 0.12 0.12 0.12 0.12 0.12 0.12 0.12 0.12 0.12 0.12 0.12 0.12 0.12 0.12 0.05 562.03 562.03 562.03 0.02 541.03 541.03 541.03 541.03 35.03
0.0 0.0 0.0 0.0 0.0 0.0 0.0 0.0 0.0 0.0 0.0 0.0 0.0 612.03 612.03 612.03 612.03 612.03 612.03 612.03 612.03 612.03 612.03 0.02 0.02 563.03 563.03 563.03 0.02 563.03 563.03 115.03 115.03 207.03 207.03 207.03 333.03 333.03 333.03 333.03 117.03 117.03 117.03 117.03 117.03 117.03 117.03 117.04 249.03 249.03 0.12 0.12 0.12 0.12 0.12 0.12 0.12 0.12 0.12 0.12 0.12 0.12 0.12 0.12 0.12 0.12 0.12 0.12 0.12 0.12 0.12 0.12 0.12 0.12 0.05 0.02 0.02 562.03 562.03 0.02 541.03 541.03 541.03 541.03 35.03
