Inputs/GridInputs/LU&ParcGridDiohine10.asc
ncols         615
nrows         672
xllcorner     -1693877.958766256
yllcorner     3174597.0031306315
dx            10.011728256511525
dy            10.012092849652705
[rows 640 to 671 of 672, columns 284 to 354 of 615]
0.02 24.04 24.04 24.04 24.04 24.04 24.04 24.04 24.04 24.04 1040.04 1040.04 1040.04 1040.04 1040.04 1040.04 1040.04 1040.04 1040.04 1417.04 1417.04 1417.04 1417.04 1417.04 1417.04 1417.04 0.05 1144.04 1144.04 1144.03 1144.03 819.03 819.03 819.03 819.03 819.04 819.04 819.04 819.04 819.04 819.04 819.04 1568.04 1568.04 0.05 0.0 0.0 0.0 0.0 0.0 0.0 0.0 0.0 0.0 0.0 0.0 0.0 0.0 0.0 0.0 0.0 0.0 0.0 0.0 0.0 0.0 0.0 0.0 0.0 0.0 0.0
0.08 24.04 24.04 24.04 24.04 24.04 24.04 24.04 24.04 24.04 1040.04 1040.04 1040.04 1040.04 1040.04 1040.04 1040.04 1040.04 1040.04 1417.04 1417.04 1417.04 1417.04 1417.04 1417.04 1417.04 1417.04 1417.04 1144.03 1144.03 819.03 819.03 819.03 819.04 819.04 819.04 819.04 819.03 819.04 819.04 1568.04 1568.04 1568.04 1568.04 0.05 0.05 0.0 0.0 0.0 0.0 0.0 0.0 0.0 0.0 0.0 0.0 0.0 0.0 0.0 0.0 0.0 0.0 0.0 0.0 0.0 0.0 0.0 0.0 0.0 0.0 0.0
24.04 24.04 24.04 24.04 24.04 24.04 24.04 24.04 24.04 24.04 0.05 1040.04 1040.04 1040.04 1040.04 1040.04 1040.04 1040.04 1417.04 1417.04 1417.04 1417.04 1417.04 1417.04 1417.04 1417.04 1417.04 1417.04 468.04 1144.04 0.02 819.04 819.04 819.04 819.04 819.04 819.03 819.04 819.04 1568.04 1568.04 1568.04 1568.04 1568.04 1568.04 0.05 0.05 0.0 0.0 0.0 0.0 0.0 0.0 0.0 0.0 0.0 0.0 0.0 0.0 0.0 0.0 0.0 0.0 0.0 0.0 0.0 0.0 0.0 0.0 0.0 0.0
24.04 24.04 24.04 24.04 24.04 24.04 24.04 24.04 24.04 24.04 1040.04 1040.04 1040.04 1040.04 1040.04 1040.04 1040.04 1040.04 1417.04 1417.04 1417.04 1417.04 1417.04 1417.04 1417.04 1417.04 468.04 468.04 468.04 468.04 819.04 819.04 819.04 819.04 819.04 819.04 819.04 1568.04 1568.04 1568.04 1568.04 1568.04 1568.04 1568.04 1568.04 1568.04 1568.04 0.0 0.0 0.0 0.0 0.0 0.0 0.0 0.0 0.0 0.0 0.0 0.0 0.0 0.0 0.0 0.0 0.0 0.0 0.0 0.0 0.0 0.0 0.0 0.0
924.04 24.04 24.04 24.04 24.04 24.04 24.04 24.04 24.04 24.04 1040.04 1040.04 1040.04 1040.04 874.04 874.04 874.04 874.04 1417.04 1417.04 1417.04 1417.04 1417.04 468.04 468.04 468.04 468.04 468.04 468.04 468.04 468.04 819.04 819.04 819.04 819.04 819.04 1568.04 1568.04 1568.04 1568.04 1568.04 1568.04 1568.04 1568.04 1568.04 1568.04 1568.04 0.05 0.0 0.0 0.0 0.0 0.0 0.0 0.0 0.0 0.0 0.0 0.0 0.0 0.0 0.0 0.0 0.0 0.0 0.0 0.0 0.0 0.0 0.0 0.0
924.04 24.04 24.04 24.04 24.04 24.04 24.04 24.04 24.04 24.04 874.04 874.04 874.04 874.04 874.04 874.04 874.04 874.04 874.04 2158.04 2158.04 468.04 468.04 468.04 468.04 468.04 468.04 468.04 468.04 468.04 468.04 468.04 819.04 819.04 1568.04 1568.04 1568.04 1568.04 1568.04 1568.04 1568.04 1568.04 1568.04 1568.04 1568.04 1568.04 0.05 0.05 0.05 0.0 0.0 0.0 0.0 0.0 0.0 0.0 0.0 0.0 0.0 0.0 0.0 0.0 0.0 0.0 0.0 0.0 0.0 0.0 0.0 0.0 0.0
924.04 919.04 919.04 919.04 919.04 919.04 919.04 919.04 919.04 874.04 874.04 874.04 874.04 874.04 874.04 874.03 874.03 874.04 874.04 2158.04 2158.04 468.04 468.04 468.04 468.04 468.04 468.04 468.04 468.04 468.04 468.04 468.04 468.04 1568.04 1568.04 1568.04 1568.04 1568.04 1568.04 1568.04 1568.04 1568.04 1568.04 1568.04 1568.04 1568.04 0.05 0.05 0.05 0.0 0.0 0.0 0.0 0.0 0.0 0.0 0.0 0.0 0.0 0.0 0.0 0.0 0.0 0.0 0.0 0.0 0.0 0.0 0.0 0.0 0.0
919.04 919.04 919.04 919.04 919.04 919.04 919.04 919.04 919.04 874.04 874.04 874.04 874.04 874.04 874.03 874.03 874.04 874.04 874.04 2158.04 2158.04 2158.04 468.03 468.03 468.04 468.04 468.04 468.04 468.04 468.04 468.04 468.04 468.04 1568.04 1568.03 1568.04 1568.04 1568.04 1568.04 1568.04 1568.04 1568.04 1568.04 1568.04 1568.04 2085.04 2085.04 0.05 0.05 0.05 0.0 0.0 0.0 0.0 0.0 0.0 0.0 0.0 0.0 0.0 0.0 0.0 0.0 0.0 0.0 0.0 0.0 0.0 0.0 0.0 0.0
919.04 919.04 919.04 919.04 919.04 919.04 919.04 919.04 919.04 919.04 874.04 874.04 874.04 874.04 874.04 874.04 874.04 874.04 874.04 2158.04 2158.03 2158.03 2158.03 468.04 468.04 468.04 468.04 468.04 468.04 468.04 468.04 468.04 2005.04 1568.04 1568.04 1568.04 1568.04 1568.04 1568.04 1568.04 1568.04 1568.04 1568.04 1568.04 2085.04 0.05 0.05 0.05 0.05 0.13 0.0 0.0 0.0 0.0 0.0 0.0 0.0 0.0 0.0 0.0 0.0 0.0 0.0 0.0 0.0 0.0 0.0 0.0 0.0 0.0 0.0
919.04 919.04 919.04 919.04 919.04 919.04 919.04 919.04 919.04 919.04 874.04 874.04 874.04 874.04 874.04 874.04 874.04 874.04 874.04 2158.03 2158.03 2158.03 2158.03 2158.04 468.04 468.04 468.04 468.04 468.04 468.04 468.04 468.04 2005.04 2005.04 2005.04 1568.04 1568.04 1568.04 1568.04 1568.04 1568.04 1568.04 1568.04 2085.04 2085.04 0.05 0.05 0.05 0.13 0.0 0.0 0.0 0.0 0.0 0.0 0.0 0.0 0.0 0.0 0.0 0.0 0.0 0.0 0.0 0.0 0.0 0.0 0.0 0.0 0.0 0.0
919.04 919.04 919.04 919.04 919.04 919.04 919.04 919.04 919.04 919.04 919.04 874.04 874.04 874.04 874.04 874.04 874.04 874.04 874.04 2158.03 2158.03 2158.03 2158.03 2158.03 468.04 468.04 468.04 468.04 468.04 468.04 468.04 2005.04 2005.04 2005.04 2005.04 2005.04 1568.04 1568.04 1568.04 1568.04 1568.04 1568.04 2085.04 2085.04 0.05 0.05 0.05 0.13 0.0 0.0 0.0 0.0 0.0 0.0 0.0 0.0 0.0 0.0 0.0 0.0 0.0 0.0 0.0 0.0 0.0 0.0 0.0 0.0 0.0 0.0 0.0
919.04 919.04 919.04 919.04 919.03 919.04 919.04 919.04 919.04 919.04 919.04 874.04 874.04 874.04 874.04 874.04 874.04 874.04 874.04 2158.03 2158.03 2158.03 2158.03 2158.04 2158.04 468.04 468.04 468.04 468.04 468.04 2005.04 2005.04 2005.04 2005.04 2005.04 2005.04 2005.04 1568.04 1568.04 1568.04 1568.04 2085.04 0.05 0.05 0.05 0.05 0.05 0.0 0.0 0.0 0.0 0.0 0.0 0.0 0.0 0.0 0.0 0.0 0.0 0.0 0.0 0.0 0.0 0.0 0.0 0.0 0.0 0.0 0.0 0.0 0.0
919.04 919.04 919.04 919.04 919.04 919.04 919.04 919.04 919.04 919.04 919.04 919.04 874.04 874.04 874.04 874.03 874.03 874.04 874.04 2158.04 2158.03 2158.03 140.03 140.04 140.04 140.04 140.04 140.04 2024.04 2024.04 2005.04 2005.04 2005.04 2005.04 2005.04 2005.04 2005.04 2005.04 2005.04 1568.04 2085.04 2085.04 0.05 0.05 0.05 0.05 0.0 0.0 0.0 0.0 0.0 0.0 0.0 0.0 0.0 0.0 0.0 0.0 0.0 0.0 0.0 0.0 0.0 0.0 0.0 0.0 0.0 0.0 0.0 0.0 0.0
919.04 919.04 919.04 919.04 919.04 919.04 919.04 919.04 919.04 919.04 919.04 919.04 874.04 874.04 874.04 874.03 874.03 874.03 874.04 140.04 140.03 140.03 140.03 140.04 140.04 140.04 140.04 140.04 2024.04 2024.04 2024.04 2005.04 2005.04 2005.04 2005.04 2005.04 2005.04 2005.04 2005.04 2005.04 2085.04 2085.04 0.05 0.05 0.0 0.0 0.0 0.0 0.0 0.0 0.0 0.0 0.0 0.0 0.0 0.0 0.0 0.0 0.0 0.0 0.0 0.0 0.0 0.0 0.0 0.0 0.0 0.0 0.0 0.0 0.0
919.04 919.04 919.04 919.04 919.04 919.04 919.04 919.04 919.04 919.04 1925.04 1925.04 1925.04 874.03 874.03 874.03 874.03 140.03 0.08 140.03 140.03 140.03 140.04 140.04 140.04 140.04 140.04 140.04 2024.04 2024.04 2024.04 2024.04 2005.04 2005.04 2005.04 2005.04 2005.04 2005.04 2005.04 2005.04 2085.04 0.05 0.05 0.0 0.0 0.0 0.0 0.0 0.0 0.0 0.0 0.0 0.0 0.0 0.0 0.0 0.0 0.0 0.0 0.0 0.0 0.0 0.0 0.0 0.0 0.0 0.0 0.0 0.0 0.0 0.0
2325.04 919.04 919.04 919.04 919.04 919.04 919.04 919.04 919.04 1925.04 1925.04 1925.04 1925.04 1925.03 874.03 874.03 140.03 0.08 0.08 0.08 140.03 0.02 140.04 140.04 140.04 140.04 140.04 2024.04 2024.04 2024.04 2024.04 2024.04 2005.04 2005.04 2005.04 2005.04 2005.04 2005.04 2005.04 2005.04 0.05 0.05 0.0 0.0 0.0 0.0 0.0 0.0 0.0 0.0 0.0 0.0 0.0 0.0 0.0 0.0 0.0 0.0 0.0 0.0 0.0 0.0 0.0 0.0 0.0 0.0 0.0 0.0 0.0 0.0 0.0
2325.04 2325.04 919.04 919.04 919.04 919.04 919.04 1925.04 1925.04 1925.04 1925.04 1925.04 1925.03 1925.03 1925.03 140.03 140.03 0.08 0.08 0.08 0.02 0.02 140.03 140.04 140.04 140.04 140.04 2024.04 2024.04 2024.04 2024.04 2024.04 2024.04 2005.04 2005.04 2005.04 2005.04 2005.04 2005.04 2005.04 0.05 0.0 0.0 0.0 0.0 0.0 0.0 0.0 0.0 0.0 0.0 0.0 0.0 0.0 0.0 0.0 0.0 0.0 0.0 0.0 0.0 0.0 0.0 0.0 0.0 0.0 0.0 0.0 0.0 0.0 0.0
2325.04 2325.04 2325.04 919.04 919.04 1925.04 1925.04 1925.04 1925.04 1925.04 1925.04 1925.04 1925.03 1925.03 1925.03 140.03 140.03 0.08 140.03 0.08 0.02 140.03 140.04 140.04 140.04 140.04 1223.04 2024.04 2024.04 2024.04 2024.04 2024.04 2024.04 2005.04 2005.04 2005.04 2005.04 2005.04 2005.04 0.05 0.0 0.0 0.0 0.0 0.0 0.0 0.0 0.0 0.0 0.0 0.0 0.0 0.0 0.0 0.0 0.0 0.0 0.0 0.0 0.0 0.0 0.0 0.0 0.0 0.0 0.0 0.0 0.0 0.0 0.0 0.0
2325.04 2325.04 2325.04 2325.04 1925.04 1925.04 1925.04 1925.04 1925.04 1925.04 1925.04 1925.03 1925.03 1925.03 1925.03 140.03 140.03 0.02 140.03 140.04 1223.04 1223.04 1223.04 1223.04 1223.04 1223.04 1223.04 2024.04 2024.04 2024.04 2024.04 2024.04 0.02 2024.04 2005.04 2005.04 0.05 2005.03 2005.03 0.0 0.0 0.0 0.0 0.0 0.0 0.0 0.0 0.0 0.0 0.0 0.0 0.0 0.0 0.0 0.0 0.0 0.0 0.0 0.0 0.0 0.0 0.0 0.0 0.0 0.0 0.0 0.0 0.0 0.0 0.0 0.0
2325.04 2325.04 2325.04 2325.04 1925.04 1925.04 1925.04 1925.04 1925.04 1925.04 1925.04 1925.03 1925.03 1925.03 1925.03 1925.03 1223.03 1223.03 0.02 1223.04 1223.04 1223.04 1223.04 1223.04 1223.04 1223.04 1223.04 2024.04 2024.04 2024.04 2024.04 2024.04 2024.04 2024.04 2024.04 2005.04 0.05 0.05 0.0 0.0 0.0 0.0 0.0 0.0 0.0 0.0 0.0 0.0 0.0 0.0 0.0 0.0 0.0 0.0 0.0 0.0 0.0 0.0 0.0 0.0 0.0 0.0 0.0 0.0 0.0 0.0 0.0 0.0 0.0 0.0 0.0
2325.04 2325.04 2325.04 2325.04 2325.04 1925.04 1925.04 1925.04 1925.04 1925.04 1925.04 1925.03 1925.03 1925.03 1925.03 0.02 13.03 1223.03 0.02 1223.04 1223.04 1223.04 1223.04 1223.04 1223.04 1223.04 1223.04 2024.04 2024.04 2024.04 2024.04 2024.04 2024.04 2024.04 2024.04 2005.04 0.0 0.0 0.0 0.0 0.0 0.0 0.0 0.0 0.0 0.0 0.0 0.0 0.0 0.0 0.0 0.0 0.0 0.0 0.0 0.0 0.0 0.0 0.0 0.0 0.0 0.0 0.0 0.0 0.0 0.0 0.0 0.0 0.0 0.0 0.0
2325.04 2325.04 2325.04 2325.04 2325.04 1925.04 1925.04 1925.04 1925.04 1925.04 1925.04 1925.03 1925.03 1925.03 13.03 13.03 13.03 13.03 0.02 1223.04 1223.04 1223.04 1223.04 1223.04 1223.04 1223.04 1223.04 2024.04 2024.04 2024.04 2024.04 2024.04 2024.04 2024.04 2024.04 0.0 0.0 0.0 0.0 0.0 0.0 0.0 0.0 0.0 0.0 0.0 0.0 0.0 0.0 0.0 0.0 0.0 0.0 0.0 0.0 0.0 0.0 0.0 0.0 0.0 0.0 0.0 0.0 0.0 0.0 0.0 0.0 0.0 0.0 0.0 0.0
2325.04 2325.04 2325.04 2325.04 2325.04 1925.04 1925.04 1925.04 1925.04 1925.04 1925.04 1925.04 1925.04 0.02 0.02 13.03 13.03 0.02 13.03 13.03 13.03 1223.04 1223.04 1223.04 1223.04 1223.04 1223.04 2024.04 2024.04 2024.04 2024.04 2024.04 2024.04 2024.04 2024.03 0.0 0.0 0.0 0.0 0.0 0.0 0.0 0.0 0.0 0.0 0.0 0.0 0.0 0.0 0.0 0.0 0.0 0.0 0.0 0.0 0.0 0.0 0.0 0.0 0.0 0.0 0.0 0.0 0.0 0.0 0.0 0.0 0.0 0.0 0.0 0.0
2325.04 2325.04 2325.04 2325.04 2325.04 1925.04 1925.04 1925.04 1925.04 1925.04 1925.04 1925.04 1925.04 0.02 13.03 13.03 0.02 0.02 13.03 13.03 13.04 13.04 1223.04 1223.04 1223.04 1223.04 1223.04 1223.04 2024.04 2024.04 2024.04 2024.04 2024.04 2024.04 2024.04 0.0 0.0 0.0 0.0 0.0 0.0 0.0 0.0 0.0 0.0 0.0 0.0 0.0 0.0 0.0 0.0 0.0 0.0 0.0 0.0 0.0 0.0 0.0 0.0 0.0 0.0 0.0 0.0 0.0 0.0 0.0 0.0 0.0 0.0 0.0 0.0
2325.04 2325.04 2325.04 2325.04 2325.04 2325.04 1925.04 1925.04 1925.04 1925.04 1925.04 1925.04 13.03 13.03 13.03 0.02 0.02 13.04 13.03 13.03 13.04 13.04 13.04 13.04 1223.04 1223.04 1223.04 1223.04 2024.04 2024.04 2024.04 2024.04 2024.04 2024.04 0.0 0.0 0.0 0.0 0.0 0.0 0.0 0.0 0.0 0.0 0.0 0.0 0.0 0.0 0.0 0.0 0.0 0.0 0.0 0.0 0.0 0.0 0.0 0.0 0.0 0.0 0.0 0.0 0.0 0.0 0.0 0.0 0.0 0.0 0.0 0.0 0.0
2325.04 2325.04 2325.04 2325.04 2325.04 2325.04 1925.04 0.0 0.0 0.0 1925.04 1925.03 13.03 0.08 0.08 0.08 13.04 13.04 13.04 13.03 13.03 13.04 13.04 13.04 13.04 1223.04 1223.04 1223.04 2024.04 2024.04 2024.04 2024.04 2024.04 2024.04 0.0 0.0 0.0 0.0 0.0 0.0 0.0 0.0 0.0 0.0 0.0 0.0 0.0 0.0 0.0 0.0 0.0 0.0 0.0 0.0 0.0 0.0 0.0 0.0 0.0 0.0 0.0 0.0 0.0 0.0 0.0 0.0 0.0 0.0 0.0 0.0 0.0
0.0 0.0 0.0 0.0 0.0 0.0 0.0 0.0 0.0 0.0 0.0 0.0 0.0 0.08 0.08 13.04 13.04 13.04 13.04 13.04 13.04 13.04 13.04 13.04 13.04 13.04 13.04 1223.04 2024.04 2024.04 2024.04 2024.04 2024.04 0.0 0.0 0.0 0.0 0.0 0.0 0.0 0.0 0.0 0.0 0.0 0.0 0.0 0.0 0.0 0.0 0.0 0.0 0.0 0.0 0.0 0.0 0.0 0.0 0.0 0.0 0.0 0.0 0.0 0.0 0.0 0.0 0.0 0.0 0.0 0.0 0.0 0.0
0.0 0.0 0.0 0.0 0.0 0.0 0.0 0.0 0.0 0.0 0.0 0.0 0.0 0.0 0.0 0.0 13.04 13.04 13.04 13.04 13.04 13.04 13.04 13.04 13.04 13.04 13.04 13.04 2024.04 2024.04 2024.04 2024.04 2024.04 0.0 0.0 0.0 0.0 0.0 0.0 0.0 0.0 0.0 0.0 0.0 0.0 0.0 0.0 0.0 0.0 0.0 0.0 0.0 0.0 0.0 0.0 0.0 0.0 0.0 0.0 0.0 0.0 0.0 0.0 0.0 0.0 0.0 0.0 0.0 0.0 0.0 0.0
0.0 0.0 0.0 0.0 0.0 0.0 0.0 0.0 0.0 0.0 0.0 0.0 0.0 0.0 0.0 0.0 0.0 0.0 0.0 13.04 13.04 13.04 13.04 13.04 13.04 13.04 13.04 13.04 13.04 2024.04 2024.04 2024.04 0.0 0.0 0.0 0.0 0.0 0.0 0.0 0.0 0.0 0.0 0.0 0.0 0.0 0.0 0.0 0.0 0.0 0.0 0.0 0.0 0.0 0.0 0.0 0.0 0.0 0.0 0.0 0.0 0.0 0.0 0.0 0.0 0.0 0.0 0.0 0.0 0.0 0.0 0.0
0.0 0.0 0.0 0.0 0.0 0.0 0.0 0.0 0.0 0.0 0.0 0.0 0.0 0.0 0.0 0.0 0.0 0.0 0.0 0.0 0.0 13.04 13.04 13.04 13.04 13.04 13.04 13.04 13.04 13.03 0.05 2024.04 0.0 0.0 0.0 0.0 0.0 0.0 0.0 0.0 0.0 0.0 0.0 0.0 0.0 0.0 0.0 0.0 0.0 0.0 0.0 0.0 0.0 0.0 0.0 0.0 0.0 0.0 0.0 0.0 0.0 0.0 0.0 0.0 0.0 0.0 0.0 0.0 0.0 0.0 0.0
0.0 0.0 0.0 0.0 0.0 0.0 0.0 0.0 0.0 0.0 0.0 0.0 0.0 0.0 0.0 0.0 0.0 0.0 0.0 0.0 0.0 0.0 0.0 0.0 13.04 13.04 13.04 13.04 13.03 13.04 0.05 0.05 0.0 0.0 0.0 0.0 0.0 0.0 0.0 0.0 0.0 0.0 0.0 0.0 0.0 0.0 0.0 0.0 0.0 0.0 0.0 0.0 0.0 0.0 0.0 0.0 0.0 0.0 0.0 0.0 0.0 0.0 0.0 0.0 0.0 0.0 0.0 0.0 0.0 0.0 0.0
0.0 0.0 0.0 0.0 0.0 0.0 0.0 0.0 0.0 0.0 0.0 0.0 0.0 0.0 0.0 0.0 0.0 0.0 0.0 0.0 0.0 0.0 0.0 0.0 0.0 0.0 0.0 13.04 13.04 13.04 13.04 0.0 0.0 0.0 0.0 0.0 0.0 0.0 0.0 0.0 0.0 0.0 0.0 0.0 0.0 0.0 0.0 0.0 0.0 0.0 0.0 0.0 0.0 0.0 0.0 0.0 0.0 0.0 0.0 0.0 0.0 0.0 0.0 0.0 0.0 0.0 0.0 0.0 0.0 0.0 0.0
