Inputs/GridInputs/LU&ParcGridDiohine10.asc
ncols         615
nrows         672
xllcorner     -1693877.958766256
yllcorner     3174597.0031306315
dx            10.011728256511525
dy            10.012092849652705
[rows 320 to 351 of 672, columns 355 to 425 of 615]
2281.03 2281.03 2281.03 0.08 0.08 2281.03 2281.03 2281.03 2281.03 0.02 0.02 1053.03 1053.03 1053.03 0.02 1053.03 0.02 1053.03 1053.03 1053.03 1053.03 1053.03 1053.03 1053.03 1652.03 1652.03 1656.03 0.02 0.02 0.01 56.03 56.03 56.03 56.03 56.03 2487.03 2487.03 2487.03 2487.03 2487.03 2487.03 779.04 779.04 779.03 779.03 779.03 779.03 779.03 779.03 779.03 779.03 1070.04 1070.04 1070.04 1070.04 1070.04 2045.03 2045.03 2045.03 2045.03 2045.03 2045.03 2045.03 2045.03 2179.03 2179.03 2179.03 2179.03 2179.03 0.02 2179.03
804.03 804.03 2281.03 2281.03 2281.03 2281.03 2281.03 2281.03 1033.03 0.02 0.02 1836.03 1836.03 1836.03 0.02 1836.03 1836.03 1836.03 1836.03 1836.03 1836.03 1053.03 1053.03 1053.03 1053.03 1652.03 1656.03 0.01 0.01 0.01 56.03 56.03 56.03 56.03 0.01 0.01 0.02 0.02 56.03 2487.03 779.03 0.02 779.03 779.03 0.02 779.03 779.03 779.03 779.03 779.03 779.03 1070.03 1070.04 1070.04 1070.04 1070.04 2045.03 2045.03 2045.03 2045.03 0.02 0.02 2045.03 2045.03 2045.03 2179.03 2179.03 2179.03 2179.03 0.02 0.02
804.03 804.03 804.03 804.03 2281.03 1033.03 1033.03 1033.03 1033.03 0.02 0.02 1836.03 0.02 1836.03 1836.03 1836.03 1836.03 0.02 1836.03 1836.03 1836.03 1836.03 1836.03 1836.03 1836.03 1836.03 0.01 0.01 0.01 0.01 56.03 56.03 56.03 56.03 0.01 0.01 0.02 56.04 56.04 56.04 779.03 0.02 0.02 779.03 0.02 779.03 779.03 0.02 779.03 779.03 779.03 1070.03 1070.03 1070.03 1070.04 1070.04 0.02 0.02 2045.03 2045.03 0.02 0.02 2045.03 2045.03 2045.03 2045.03 0.02 0.02 0.02 2179.03 0.02
804.04 804.03 804.03 804.03 1033.03 1033.03 1033.03 0.02 0.02 1836.03 0.02 1836.03 0.02 0.02 1836.03 1836.03 1836.03 1836.03 1836.03 1836.03 1836.03 1836.03 1836.03 0.01 0.01 0.01 0.01 0.01 0.01 0.01 56.03 56.03 56.03 56.03 0.01 0.01 56.04 56.04 56.04 56.04 0.02 0.02 0.02 0.02 779.03 779.03 779.03 779.03 779.03 779.03 779.03 1070.03 1070.03 1070.03 1070.03 1070.03 1070.03 0.02 2045.03 2045.03 0.02 0.02 2045.03 2045.03 2045.03 2045.03 0.02 0.02 0.05 2179.03 2179.03
804.04 804.03 0.02 1033.03 1033.03 1033.03 0.02 0.02 0.02 0.02 1836.03 1836.03 1836.03 0.02 1836.03 1836.03 1836.03 1836.03 1836.03 1836.03 1836.03 1836.03 0.01 0.01 0.01 0.01 0.01 0.01 0.01 0.01 56.03 56.03 56.03 56.03 0.01 0.01 0.01 56.04 56.04 56.04 0.02 56.04 779.04 779.04 779.04 779.04 779.04 779.03 779.03 779.03 1070.03 1070.03 1070.03 1070.03 1070.03 1070.03 1070.03 2045.03 2045.03 2045.03 2045.03 2045.03 2045.03 2045.03 2045.03 2045.03 0.02 0.02 0.05 2179.03 2179.03
0.05 804.03 0.02 1033.03 1033.03 1033.03 1033.03 0.02 0.02 0.02 1836.03 1836.03 1836.04 1836.04 1836.03 1836.03 1836.03 1836.03 1836.03 1836.03 1836.03 1836.03 0.01 0.01 0.01 0.01 0.01 0.01 0.01 56.03 56.03 56.03 56.03 56.03 0.01 0.01 0.01 56.04 56.04 56.04 56.04 56.04 779.04 779.04 779.04 779.04 779.04 779.03 779.03 779.03 1070.03 1070.03 1070.03 1070.03 1070.03 1070.03 1070.03 2045.03 2045.03 2045.03 2045.03 2045.03 2045.03 2045.03 2045.03 2045.03 0.02 0.02 0.02 0.02 2045.03
0.05 0.05 1033.04 1033.03 1033.03 1033.03 1033.03 1033.03 0.02 0.02 1836.03 1836.03 1836.03 1836.03 1836.03 1836.03 0.02 1836.03 1836.03 1836.03 1836.03 1836.03 0.01 0.01 0.01 0.01 0.01 0.01 0.01 0.01 56.03 56.03 56.03 0.01 0.01 0.01 56.03 56.03 56.04 56.04 56.04 56.04 56.04 779.04 779.04 779.04 0.02 779.03 779.03 779.03 1070.03 1070.03 0.02 1070.03 1070.03 1070.03 1070.03 1070.03 2045.03 0.02 2045.03 2045.03 2045.03 2045.03 2045.03 0.02 0.02 0.01 0.02 0.02 0.05
0.05 2438.03 1033.03 1033.03 0.05 0.05 0.05 1033.03 0.02 0.02 1836.03 1836.03 1836.03 1836.03 1836.03 1836.03 0.02 0.02 1836.03 1836.03 1836.03 1836.03 0.01 0.01 0.01 0.01 0.01 0.01 0.01 0.01 0.02 56.03 56.03 0.01 0.01 0.01 56.03 56.03 56.04 56.04 56.04 56.04 56.04 56.04 779.03 779.03 779.03 779.03 779.03 779.03 1070.03 1070.03 0.02 0.02 1070.03 1070.03 1070.03 1070.03 2045.03 2045.03 2045.03 2045.03 2045.03 2045.03 0.02 0.02 0.01 0.01 0.01 0.02 0.05
0.05 2438.03 0.02 1033.04 1033.04 1033.04 0.05 0.05 1033.04 1836.04 1836.03 1836.03 1836.03 1836.03 1836.03 1836.03 1836.03 1836.03 1836.03 1836.03 1836.03 1836.03 0.02 0.01 0.01 0.01 0.01 0.01 0.01 0.01 0.02 56.03 0.01 0.01 0.01 0.01 56.03 56.03 0.02 56.03 56.03 56.04 56.04 56.04 56.03 0.02 0.02 779.03 779.03 779.03 0.02 1070.03 1070.03 0.02 1070.03 1070.03 1070.03 0.02 2045.03 2045.03 2045.03 2045.03 2045.03 2045.03 0.02 0.02 0.01 0.01 0.01 0.02 0.05
2438.03 2438.03 0.02 727.04 1033.04 1033.04 1033.04 1033.04 492.04 492.04 1836.04 1836.03 1836.03 1836.03 1836.03 1836.03 1836.03 1836.03 1836.03 1836.03 1836.03 1836.03 0.02 0.01 0.01 0.01 0.01 0.01 0.01 0.02 0.02 0.01 0.01 0.01 0.01 0.01 56.03 56.03 56.03 56.03 0.08 56.03 56.04 56.04 56.03 779.03 779.03 779.03 779.03 779.03 1070.03 1070.03 1070.03 0.02 1070.03 1070.03 1070.03 0.02 0.02 2045.03 2045.03 2045.03 2045.03 0.02 1239.03 0.02 0.01 0.01 0.02 0.02 0.05
2438.03 727.03 0.02 0.02 727.04 727.03 1033.04 492.04 492.04 492.04 492.04 1836.03 1836.03 1836.03 1836.03 1836.03 1836.03 1836.03 1836.03 1836.03 0.02 0.08 891.03 0.02 0.01 0.01 0.01 0.01 0.01 0.01 0.01 0.01 0.01 0.01 0.01 0.02 56.03 56.03 56.03 0.08 0.08 56.03 56.04 56.04 56.03 56.03 779.03 779.03 779.03 779.03 1070.03 1070.03 1070.03 1070.03 1070.03 1070.03 1070.03 1070.03 0.02 2045.03 2045.03 1239.03 1239.03 1239.03 1239.03 0.02 0.01 0.01 0.02 0.02 0.05
2438.03 727.03 727.03 727.03 727.03 727.03 0.02 492.03 0.02 492.04 492.03 492.03 1836.03 1836.03 1836.03 1836.03 1836.03 1836.03 1836.03 1836.03 0.02 0.08 0.08 891.03 891.03 0.02 0.01 0.01 0.01 0.01 0.01 0.01 0.01 0.01 0.01 56.03 56.03 56.03 56.03 0.02 0.02 0.02 56.04 56.03 56.03 56.03 56.03 779.03 779.03 1070.03 1070.03 1070.03 1070.03 1070.03 1070.03 1070.03 1070.03 1070.03 0.02 1239.03 0.02 1239.03 1239.03 1239.03 1239.03 1239.03 1239.03 1239.03 1239.03 1239.03 0.05
727.03 727.03 727.03 727.03 727.03 0.02 0.02 0.02 0.02 492.03 492.03 492.03 492.03 1836.03 1836.03 1836.03 1836.03 1836.03 1836.03 1836.03 0.02 0.02 0.02 891.03 891.03 891.03 0.02 0.01 0.01 0.01 0.01 0.01 0.01 0.01 0.01 0.02 56.03 56.03 56.03 0.02 0.02 0.02 0.02 56.03 56.03 56.03 56.03 779.03 779.03 1070.03 1070.03 1070.03 1070.03 1070.03 1070.03 1070.03 1070.03 0.02 0.02 1239.03 1239.03 1239.03 1239.03 1239.03 1239.03 1239.03 1239.03 1239.03 1239.03 1239.03 1239.03
727.03 727.03 727.03 727.03 727.03 727.03 0.02 0.02 492.03 492.03 492.03 492.03 492.03 492.03 1836.03 1836.03 1836.03 1836.03 0.02 891.03 891.03 0.02 0.02 891.03 891.03 891.03 0.02 0.01 0.01 0.01 0.01 0.01 0.01 0.01 0.01 0.02 0.02 56.03 0.02 0.02 0.02 0.02 56.03 56.03 56.03 56.03 56.03 0.02 779.03 1070.03 1070.03 1070.03 1070.03 1070.03 1070.03 1070.03 1239.03 1239.03 0.02 1239.03 1239.03 0.01 0.02 1239.03 1239.03 1239.03 1239.03 1239.03 1239.03 1239.03 1239.03
0.02 727.03 727.03 0.02 0.02 727.03 492.03 492.03 492.03 492.03 492.03 492.03 0.02 492.03 492.03 1836.03 0.02 1836.03 1836.03 891.03 891.03 891.03 891.03 891.03 891.03 891.03 891.03 0.02 0.01 0.01 0.01 0.01 0.01 0.01 0.01 0.02 0.02 56.03 0.02 0.02 56.03 56.03 56.03 56.03 56.03 56.03 56.03 2126.03 2126.03 0.02 2126.03 1070.03 1070.03 1070.03 0.02 0.02 1239.03 1239.03 0.02 1239.03 0.01 0.01 0.01 0.02 1239.03 0.02 1239.03 1239.03 1239.03 1239.03 1239.03
2037.04 2037.03 2037.03 0.02 0.02 2037.03 2037.03 492.03 0.02 0.02 492.03 492.03 0.02 492.03 492.03 492.03 1836.03 1836.03 891.03 891.03 891.03 891.03 891.03 891.03 891.03 891.03 891.03 0.02 0.01 0.01 0.01 0.01 0.01 0.01 0.01 0.02 56.03 56.03 56.03 56.03 56.03 56.03 56.03 56.03 56.03 2126.03 2126.03 2126.03 2126.03 2126.03 2126.03 2126.03 2126.03 2126.03 1239.03 1239.03 0.02 1239.03 1239.03 0.01 0.01 0.01 0.01 0.02 1239.03 1239.03 1239.03 1239.03 1239.03 1239.03 1239.03
2037.04 2037.03 2037.03 0.02 0.02 2037.03 2037.03 592.03 0.02 0.02 0.02 592.03 592.03 0.02 592.03 592.03 0.02 34.03 891.03 891.03 0.02 891.03 891.03 891.03 891.03 891.03 891.03 891.03 0.02 0.01 0.01 0.01 0.01 0.01 0.01 0.02 56.03 56.03 56.03 56.03 56.03 56.03 56.03 56.03 2126.03 2126.03 2126.03 2126.03 2126.03 2126.03 2126.03 2126.03 2126.03 2126.03 0.02 1239.03 1239.03 1239.03 1239.03 0.01 0.01 0.01 0.01 1239.03 1239.03 1239.03 1239.03 1239.03 1239.03 1239.03 1239.03
2037.03 2037.03 2037.03 0.02 0.02 2037.03 2037.03 592.03 592.03 592.03 0.02 592.03 592.03 592.03 34.03 34.03 34.03 34.03 891.03 891.03 0.02 0.02 0.02 0.02 891.03 891.03 891.03 891.03 0.02 0.02 0.01 0.01 0.01 0.01 0.01 0.02 56.03 56.03 56.03 0.02 56.03 56.03 2126.03 2126.03 2126.03 2126.03 2126.03 2126.03 2126.03 0.02 2126.03 2126.03 2126.03 2126.03 0.02 1239.03 1239.03 1239.03 1239.03 0.01 0.01 0.01 1239.03 1239.03 1239.03 1239.03 1239.03 1239.03 1239.03 1239.03 1239.03
2037.03 2037.03 2037.03 0.02 0.02 2037.03 2037.03 592.03 592.03 592.03 0.02 0.02 592.03 34.03 34.03 34.03 34.03 34.03 891.03 0.02 0.02 0.02 0.02 0.02 0.02 891.03 891.03 891.03 891.03 0.02 0.02 0.01 0.01 0.01 0.02 0.02 1545.03 1545.03 0.02 0.02 0.02 2126.03 2126.03 2126.03 2126.03 2126.03 2126.03 2126.03 2126.03 2126.03 2126.03 2126.03 2126.03 2126.03 2126.03 2451.03 1239.03 1239.03 1239.03 0.01 0.01 0.01 1239.03 1239.03 1239.03 1239.03 1239.03 0.06 1239.03 1239.03 1239.03
1099.03 2037.03 2037.03 2037.03 2037.03 2037.03 0.01 592.03 592.03 592.03 0.02 0.02 0.02 34.03 34.03 34.03 0.02 0.02 34.03 891.03 0.02 0.02 0.02 0.02 891.03 891.03 891.03 891.03 891.03 891.03 0.02 0.02 0.02 891.03 891.03 1545.03 1545.03 1545.03 0.02 0.01 0.01 0.01 2126.03 2126.03 2126.03 2126.03 2126.03 2126.03 2126.03 2126.03 2126.03 2126.03 2126.03 2126.03 2451.03 2451.03 2451.03 1239.03 1239.03 0.01 0.01 0.01 1239.03 1239.03 1239.03 1239.03 1239.03 1239.03 0.02 1239.03 1239.03
0.02 1099.03 2037.03 2037.03 2037.03 2037.03 0.01 0.02 0.02 0.02 0.02 0.02 0.02 34.03 34.03 34.03 0.02 0.02 968.03 968.03 968.03 0.02 0.02 0.02 0.02 891.03 891.03 891.03 891.03 0.02 0.02 891.03 891.03 891.03 1545.03 1545.03 1545.03 1545.03 0.01 0.01 0.01 0.01 2126.03 0.01 0.01 2126.03 2126.03 2126.03 2126.03 2126.03 2126.03 2126.03 2126.03 2126.03 2451.03 2451.03 0.01 0.01 0.01 0.01 0.01 0.01 1239.03 1239.03 1239.03 1239.03 1239.03 1239.03 1239.03 0.02 0.02
0.02 0.02 2037.03 2037.03 2037.03 0.01 0.01 0.02 0.02 0.02 0.02 0.02 0.02 34.03 34.03 34.03 34.03 34.03 968.03 968.03 968.03 0.02 0.01 0.01 0.01 891.03 891.03 891.03 891.03 891.03 0.02 891.03 891.03 891.03 1545.04 1545.03 1545.03 1545.03 0.01 0.01 0.01 0.01 2126.03 0.01 0.01 0.01 0.02 0.02 2126.03 2126.03 2126.03 2126.03 2126.03 2126.03 2451.03 2451.03 2451.03 0.01 0.01 0.01 0.01 1239.03 1239.03 0.05 1239.03 1239.03 1239.03 1239.03 0.01 0.01 0.01
0.02 0.02 1099.03 2037.03 2037.03 2037.03 0.01 0.02 0.02 0.02 0.02 0.02 0.02 0.02 0.02 0.01 0.01 0.01 0.01 968.03 968.03 0.02 0.01 0.01 0.01 968.03 968.03 968.03 968.03 968.03 891.03 891.03 891.03 1545.03 1545.04 1545.04 1545.04 1545.03 0.01 0.01 0.01 0.02 0.02 0.01 0.01 0.01 0.02 0.02 0.08 2126.03 2126.03 2126.03 2126.03 2126.03 2451.03 2451.03 2451.03 0.01 0.01 0.01 0.01 385.03 385.03 0.05 0.05 1239.03 1239.03 0.01 0.01 0.01 0.01
1099.03 1099.03 1099.03 1099.03 2037.03 2037.03 592.03 34.03 0.02 0.01 0.01 0.02 0.02 0.02 0.02 0.01 0.01 0.01 0.01 968.03 968.03 968.03 968.03 0.01 0.01 968.03 968.03 968.03 968.03 968.03 968.03 968.03 1545.03 1545.03 1545.03 1545.04 1545.03 1545.03 1545.03 0.02 0.02 0.02 0.02 0.02 0.01 0.01 0.02 0.08 2126.03 0.02 0.02 2126.03 2126.03 2126.03 2451.03 2451.03 2451.03 0.02 0.02 0.01 0.02 385.03 385.03 385.03 0.05 385.03 385.03 0.01 0.01 0.01 0.01
0.02 1099.03 1099.03 1099.03 2037.03 2037.03 34.03 34.03 0.02 0.01 0.01 0.01 0.08 0.02 0.02 0.01 0.01 0.01 0.02 0.02 0.01 0.01 0.01 0.01 0.01 968.03 968.03 968.03 968.03 968.03 968.03 968.03 1545.03 1545.03 1545.03 1545.04 1545.04 1545.03 1545.03 0.02 0.02 0.02 0.08 0.02 2126.03 0.02 0.02 0.02 2126.03 0.02 0.02 0.02 2126.03 2126.03 2451.03 2451.03 2451.03 2451.03 2451.03 0.02 0.02 385.03 385.03 385.03 385.03 385.03 385.03 385.03 0.01 0.01 0.01
0.02 1099.03 1099.03 1099.03 1099.03 34.03 34.03 34.03 0.02 0.02 0.01 0.02 0.08 0.02 0.02 0.02 0.02 0.02 0.02 440.03 0.01 0.01 0.01 0.01 0.01 0.01 0.01 0.01 968.03 968.03 968.03 0.02 0.02 0.02 1545.04 1545.04 1545.04 1545.03 1545.03 0.01 0.01 0.01 0.02 2126.03 2126.03 2126.03 0.02 0.02 0.02 0.02 0.02 2126.03 2126.03 2451.03 2451.03 2451.03 2451.03 0.02 0.02 0.02 0.02 0.02 0.02 385.03 385.03 385.03 385.03 385.03 0.02 0.01 0.01
1099.03 1099.03 1099.03 1099.03 1533.03 1533.03 1533.03 1533.03 1533.03 34.03 34.03 34.03 34.03 0.02 0.02 0.02 0.02 440.03 0.02 440.03 0.02 0.01 0.01 0.01 0.01 0.01 0.01 0.01 0.01 968.03 968.03 0.02 0.02 0.02 1545.04 1545.03 1545.03 1545.03 1545.03 0.01 0.01 0.01 0.02 0.02 2126.03 2126.03 2126.03 0.02 0.02 2126.03 0.02 2126.03 2126.03 2451.03 2451.03 2451.03 0.02 0.02 0.02 0.08 0.02 0.02 0.02 0.02 385.03 385.03 385.03 232.03 390.03 390.03 390.03
1099.03 1099.03 1099.03 1099.03 1533.03 0.02 1533.03 1533.03 1533.03 1533.03 1533.03 1533.03 2190.03 2190.03 440.03 0.02 0.02 440.03 440.03 440.03 440.03 440.03 0.01 0.01 0.01 0.01 0.01 0.01 0.01 968.03 968.03 1545.03 0.02 1545.04 1545.04 1545.03 1545.03 1545.03 1545.03 0.02 0.01 0.01 0.02 1545.03 2126.03 0.02 0.01 0.01 2126.03 2126.03 2126.03 2126.03 2126.03 2451.03 0.02 0.02 0.02 0.02 0.02 0.02 0.02 385.03 0.02 0.02 385.03 385.03 232.03 232.03 390.03 390.03 390.03
1099.03 1099.03 1099.03 1533.03 1533.03 0.02 1533.03 1533.03 1533.03 1533.03 1533.03 1533.03 2190.03 2190.03 2190.03 440.03 440.03 440.03 440.03 0.02 440.03 440.03 0.02 0.01 0.01 0.01 0.01 0.01 0.01 968.03 968.03 1545.03 1545.03 1545.03 1545.03 1545.04 1545.03 1545.03 1545.03 1545.03 0.02 1545.03 1545.03 1545.03 2126.03 0.01 0.01 0.01 0.01 2126.03 2126.03 2126.03 0.02 0.02 0.02 0.02 0.02 0.02 2451.03 2451.03 0.08 0.08 0.02 385.03 385.03 232.03 232.04 0.02 0.02 390.03 390.03
1099.03 1099.03 1533.03 1533.03 1533.03 1533.03 1533.03 1533.03 1533.03 1533.03 1533.03 1533.03 2190.03 2190.03 2190.03 2190.03 440.03 440.03 440.03 0.02 0.02 0.02 0.01 0.01 0.02 0.01 0.01 0.01 0.02 968.03 2398.03 2398.03 1545.03 0.02 0.02 1545.04 1545.04 1545.04 1545.03 1545.03 1545.03 1545.03 1545.03 1545.03 2126.03 2126.03 0.01 0.01 0.01 2126.03 2126.03 0.08 0.02 2451.04 2451.03 2451.03 2451.03 2451.03 2451.03 2451.03 0.08 0.08 0.08 385.04 0.02 232.03 232.04 0.02 390.03 390.03 390.03
1099.03 1533.03 1533.03 1533.03 1533.03 1533.03 1533.03 1533.03 1533.03 1533.03 1533.03 1533.03 2190.03 2190.03 2190.03 2190.03 440.03 440.03 440.03 440.03 0.02 0.02 0.01 0.01 0.01 0.02 0.02 0.02 0.02 0.02 2398.03 2398.03 2398.03 0.02 1545.04 1545.04 1545.04 1545.04 1545.04 1545.03 1545.03 1545.03 1545.03 1545.03 577.03 2126.03 2126.03 2126.03 2126.03 2126.03 2126.03 0.02 0.08 2451.03 2451.03 2451.03 2451.03 2451.03 2451.03 2451.03 385.03 385.03 385.04 232.04 232.04 232.03 232.03 232.03 390.03 0.02 390.03
1461.03 1533.03 1533.03 1533.03 0.02 1533.03 1533.03 1533.03 1533.03 1533.03 1533.03 1533.03 0.02 2190.03 2190.03 2190.03 2190.03 440.03 440.03 440.03 0.02 0.02 0.01 0.01 0.01 0.02 0.02 0.02 0.02 2398.03 2398.03 2398.03 0.02 0.02 1545.04 1545.04 1545.04 1545.04 1545.04 1545.03 577.03 577.03 577.03 577.03 577.03 577.03 577.03 2126.03 2126.03 2126.03 2126.03 0.02 0.02 0.02 2451.03 2451.03 2451.03 2451.03 2451.03 2451.03 385.03 385.03 0.02 232.04 232.03 0.05 232.03 232.03 390.03 0.02 390.03
