Inputs/GridInputs/LU&ParcGridSob10.asc
ncols         355
nrows         514
xllcorner     -1684940.3713166039
yllcorner     3170668.0308883013
dx            10.021603558590295
dy            10.00860663445246
[rows 152 to 189 of 514, columns 85 to 169 of 355]
0.05 0.05 0.05 759.04 759.04 759.04 759.04 0.02 370.03 370.03 0.02 116.03 58.03 58.03 0.02 58.04 58.04 326.04 326.04 326.04 326.04 326.04 326.04 326.04 326.04 235.04 0.02 235.04 235.04 235.04 235.04 235.04 235.04 235.04 235.04 235.04 0.02 505.03 577.03 0.02 577.04 577.04 0.02 577.04 577.03 0.02 0.05 577.04 126.04 126.04 126.04 0.02 0.02 0.05 0.05 0.05 171.04 171.04 171.04 171.04 171.04 171.04 171.04 171.04 171.04 289.04 289.04 289.04 289.04 0.02 289.04 289.04 289.04 289.03 289.03 289.03 289.04 289.04 311.04 311.04 311.04 311.04 528.04 528.04 528.04
0.05 759.04 759.04 759.04 759.04 759.04 759.04 759.04 116.03 0.02 116.04 116.04 116.04 116.04 0.02 0.02 58.04 326.04 326.04 326.04 326.04 326.04 326.04 326.04 235.04 235.04 235.04 235.04 235.04 235.04 235.04 235.04 235.04 235.04 235.04 235.04 235.04 0.02 577.03 0.02 577.04 577.04 577.04 577.04 0.02 0.02 0.05 242.04 242.04 126.04 0.02 126.04 126.04 0.02 0.05 0.05 171.04 171.04 171.04 171.04 171.04 171.04 171.04 171.04 171.04 289.04 289.04 289.04 289.04 0.02 289.04 289.04 289.04 289.03 289.03 289.03 289.04 289.04 311.04 311.04 311.04 528.04 528.04 528.04 528.03
0.05 759.04 759.04 759.04 759.04 759.04 759.04 759.04 116.04 116.04 116.04 116.04 116.04 116.04 116.04 116.03 0.02 326.04 326.04 326.04 326.04 326.04 326.04 326.04 235.04 235.04 235.04 235.04 235.04 235.04 235.04 235.04 235.04 235.04 235.04 235.04 235.04 25.04 25.04 0.02 577.04 577.04 577.04 577.04 242.04 0.02 0.05 242.04 242.04 126.04 0.02 126.04 0.02 0.05 0.05 126.04 126.04 171.04 171.04 171.04 171.04 171.03 171.03 171.04 171.04 289.04 289.04 289.04 289.04 289.04 289.04 289.04 289.04 289.03 289.03 289.03 289.03 289.04 289.04 311.04 311.04 528.04 528.04 0.02 0.02
759.04 759.04 759.04 759.04 759.04 0.02 759.04 759.04 759.04 116.04 116.04 116.04 116.04 116.04 116.04 116.03 116.03 0.02 326.04 326.04 326.04 326.04 326.04 8.04 8.04 235.04 0.02 0.02 235.04 235.04 235.04 235.04 235.04 235.04 235.04 235.04 25.04 25.04 25.04 0.02 25.04 25.04 577.04 242.04 242.04 242.04 242.04 242.04 242.04 126.04 126.04 0.02 0.02 0.05 0.05 126.04 0.02 126.04 126.04 171.04 171.04 171.03 0.02 171.04 171.04 289.04 0.02 289.04 289.04 289.04 289.04 289.03 289.04 289.03 289.03 0.02 289.04 289.04 289.04 311.04 311.04 528.04 528.04 528.04 0.02
759.04 759.04 759.04 759.04 759.04 0.02 759.04 759.04 759.04 116.04 116.04 116.04 116.04 116.04 116.04 116.03 116.03 0.02 0.02 326.04 326.04 8.04 8.04 8.04 8.04 8.04 8.04 235.04 0.05 235.04 235.04 235.04 235.04 235.04 235.04 25.04 25.04 25.04 25.04 25.03 25.03 25.04 25.04 242.04 242.04 242.04 242.04 242.04 242.04 242.04 126.04 126.04 126.04 0.05 0.05 0.05 0.05 0.05 0.02 0.02 588.04 171.03 0.02 171.04 228.04 508.04 289.04 289.04 289.03 289.03 289.03 289.03 289.03 289.03 289.03 289.03 0.02 289.04 289.04 311.04 311.04 528.04 528.04 528.04 528.04
759.04 759.04 759.04 759.04 759.04 759.04 759.04 759.04 759.04 116.04 116.04 116.04 116.04 116.04 116.04 116.03 116.04 0.02 0.02 465.03 0.02 8.03 8.04 8.04 8.04 8.04 8.04 8.04 235.04 0.02 235.04 235.04 235.04 235.04 25.04 25.04 25.04 25.04 25.04 25.04 0.02 0.02 25.04 242.04 242.04 242.04 242.04 242.04 242.04 242.04 126.04 126.04 0.05 0.05 0.05 0.05 0.05 0.05 588.04 588.04 588.04 588.04 0.02 228.04 228.04 0.02 508.04 508.03 508.03 289.03 289.03 289.03 289.03 289.03 289.03 289.03 289.03 289.04 289.04 289.04 528.04 528.04 528.04 528.04 528.04
759.03 759.03 759.04 759.04 759.04 759.04 759.04 759.04 759.04 63.04 63.04 63.04 63.04 63.04 63.04 63.03 63.04 465.03 465.03 465.03 0.02 8.03 8.03 8.03 8.03 8.03 8.03 8.04 8.04 0.02 0.02 235.04 235.04 0.02 25.04 25.04 0.02 25.04 25.04 25.04 25.04 0.02 25.04 496.04 496.04 496.04 242.04 242.04 242.04 242.04 126.04 126.04 0.05 0.05 0.05 0.05 0.05 0.05 588.04 588.04 588.04 228.04 228.04 228.04 228.04 0.02 508.04 508.04 508.03 508.03 508.03 508.03 508.03 289.03 0.02 0.02 289.03 289.04 289.04 289.04 528.04 528.04 528.04 528.04 528.04
759.04 0.02 759.04 759.04 759.04 759.04 759.04 759.04 759.04 63.03 63.03 63.04 63.03 63.04 63.04 63.04 63.04 465.03 465.03 465.03 465.03 8.03 8.03 8.03 8.03 8.03 8.03 8.03 8.04 8.04 0.02 0.02 521.04 521.04 25.04 0.02 25.04 25.04 25.04 25.04 25.04 25.04 25.04 496.04 496.04 496.04 496.04 496.04 496.04 242.04 588.03 0.02 0.05 588.04 0.02 0.02 588.04 588.04 588.04 588.04 228.04 228.04 228.04 228.04 228.04 508.04 508.04 508.04 508.03 508.03 508.03 508.03 508.03 0.05 508.04 508.04 0.05 632.04 632.04 632.04 0.02 632.03 528.04 528.04 528.04
759.04 0.02 0.02 759.04 759.04 0.02 759.04 759.03 63.04 63.03 63.03 63.04 63.03 63.03 63.04 63.04 63.04 465.04 465.04 465.03 465.03 0.02 0.02 8.03 8.03 8.03 0.02 8.03 8.04 8.04 8.04 8.04 0.02 521.04 521.04 0.02 25.04 0.02 0.02 25.04 25.04 25.04 0.02 496.04 496.04 496.04 496.04 496.04 496.04 496.04 588.04 588.04 588.04 588.04 0.02 0.02 588.04 588.04 588.04 228.04 228.04 228.04 228.04 228.04 228.04 508.04 508.04 0.02 0.02 0.05 0.05 508.04 508.04 508.04 508.04 508.04 632.04 632.04 0.05 0.02 0.02 0.02 632.04 632.04 528.04
48.04 48.04 48.04 0.02 48.04 0.02 0.02 63.03 63.03 63.03 63.04 63.04 63.04 63.04 63.04 63.04 63.04 465.04 465.04 465.04 465.04 0.02 0.02 8.03 8.03 8.03 8.03 8.03 8.04 8.04 8.04 521.04 521.04 0.02 521.04 521.04 25.04 0.02 0.02 0.02 25.04 25.04 0.02 496.04 496.04 496.04 496.04 496.04 496.03 496.03 588.04 588.04 588.04 588.04 588.04 588.04 588.04 588.04 228.04 228.04 228.04 228.04 228.04 228.04 228.04 508.04 508.04 508.04 0.02 0.05 508.04 508.04 508.04 508.04 508.04 508.04 632.04 632.04 632.04 632.04 0.02 0.02 632.04 632.04 632.04
48.04 48.04 48.04 48.04 48.04 48.04 48.04 63.03 63.03 63.03 0.02 63.04 63.04 63.04 63.04 63.04 465.04 465.04 465.04 465.04 465.04 0.02 0.02 8.03 8.03 8.03 8.03 0.05 0.05 0.05 8.04 521.04 521.04 521.04 521.04 521.04 521.04 521.04 25.04 0.02 25.04 25.04 0.02 0.02 496.04 496.04 496.04 496.04 0.02 30.03 588.04 0.02 588.04 588.04 588.04 588.04 588.04 228.04 228.04 228.04 228.03 228.04 0.02 228.04 228.04 508.04 508.04 508.04 0.02 0.05 0.05 508.04 508.04 508.04 508.04 508.04 632.04 632.04 632.04 632.04 632.04 632.04 632.04 632.04 632.04
48.03 48.03 48.04 48.04 48.04 48.04 48.04 63.03 63.03 63.03 63.03 0.02 63.04 63.04 63.04 63.04 0.02 465.04 465.04 465.04 465.03 465.03 465.03 0.02 8.04 8.03 8.03 0.05 0.05 0.05 521.04 521.04 521.04 521.04 521.04 521.04 521.04 521.04 521.04 25.04 25.04 25.04 25.04 0.02 496.04 496.04 30.03 30.04 30.03 30.03 30.04 588.04 0.02 0.02 588.04 588.04 228.04 228.04 228.04 228.03 0.02 228.03 228.04 228.04 228.04 508.04 508.04 508.04 508.04 508.04 0.05 508.04 508.04 508.04 508.04 508.04 632.04 632.04 632.04 632.04 632.04 632.04 632.04 632.04 632.04
48.03 48.03 48.03 48.04 48.04 48.04 48.04 48.03 63.03 63.03 63.03 0.02 63.04 63.04 63.04 0.08 465.03 0.02 465.03 465.03 465.03 465.03 465.03 8.04 8.04 8.03 8.03 8.03 0.05 0.05 0.05 0.05 0.02 521.04 521.04 521.04 521.04 521.04 521.04 521.04 25.04 25.03 25.03 496.03 30.04 30.04 30.03 30.03 30.03 30.03 30.04 30.04 0.02 0.02 588.04 228.04 228.04 228.04 228.04 228.04 0.02 0.02 228.04 228.04 228.04 508.04 508.04 508.04 508.04 508.04 508.04 508.04 508.04 508.04 508.04 508.04 632.04 632.04 632.04 632.04 632.04 632.04 632.04 0.02 632.03
48.03 48.03 48.03 48.04 48.04 48.04 48.04 48.04 0.02 63.04 63.04 63.03 63.04 63.04 63.04 465.03 465.03 465.03 465.03 465.03 465.03 465.03 465.03 0.08 8.04 8.03 8.03 0.02 8.03 721.03 721.03 0.05 521.04 521.04 521.04 0.02 521.04 521.03 521.03 521.03 521.03 521.03 0.02 30.03 30.04 30.04 0.02 0.02 30.03 30.03 30.04 30.04 30.04 588.04 0.02 228.04 228.04 228.04 228.04 228.04 228.04 228.04 228.04 228.04 508.04 508.04 508.04 508.04 508.04 508.04 508.04 508.04 508.04 508.04 508.04 632.04 632.04 632.04 632.04 632.04 632.04 632.04 632.04 632.04 0.02
48.03 0.02 0.02 48.04 48.04 48.04 48.04 48.04 0.02 63.04 63.04 63.04 63.04 63.04 63.04 78.03 465.03 465.03 465.03 465.03 465.03 465.03 465.03 0.08 8.03 8.03 8.03 0.02 0.02 721.03 721.03 0.05 721.04 521.04 521.04 0.02 521.03 521.03 521.03 521.03 521.03 521.03 0.02 0.02 30.04 30.04 30.04 0.02 30.03 30.03 0.02 30.04 30.04 228.04 228.04 228.04 228.04 228.04 228.04 228.04 228.04 228.04 228.04 228.04 508.04 508.03 508.04 508.04 508.04 508.04 508.04 508.04 508.04 508.04 508.04 632.04 632.04 632.04 632.04 632.04 632.04 632.04 632.04 632.04 632.04
0.02 0.02 0.02 48.04 48.04 48.04 48.04 48.04 0.02 48.04 63.04 63.04 63.04 63.04 78.04 78.04 78.04 78.03 78.03 78.03 465.03 465.03 465.03 465.03 465.03 8.03 721.03 721.03 721.03 721.03 721.03 0.02 721.04 393.04 393.04 393.03 0.02 393.03 393.03 521.03 521.03 521.03 0.02 0.02 0.02 30.04 30.04 30.03 30.03 30.03 30.03 30.04 30.04 228.04 228.04 228.04 228.04 228.04 228.04 228.04 228.04 228.04 228.04 0.05 0.05 508.03 508.03 508.04 508.04 508.04 508.04 508.03 0.02 0.02 508.04 632.04 0.02 632.04 632.04 632.04 632.04 632.04 632.04 632.04 632.04
0.02 0.02 0.02 48.04 48.04 48.04 48.04 48.04 48.04 48.04 63.03 63.03 78.04 78.04 78.04 78.04 78.04 78.04 78.04 0.02 78.03 78.03 78.03 78.03 465.03 721.03 721.03 721.03 721.04 721.04 0.02 0.02 721.04 721.04 393.04 393.04 393.04 0.02 393.03 393.03 393.03 393.03 30.03 0.02 30.04 30.04 30.04 30.03 30.03 30.03 30.03 0.02 30.04 0.02 0.02 228.04 228.04 228.04 228.04 228.04 228.04 228.04 228.04 0.05 0.02 0.05 508.03 508.03 508.04 508.03 508.03 508.03 0.02 0.02 0.02 632.04 632.04 0.02 632.04 632.04 632.04 632.04 0.05 632.04 0.05
0.02 0.02 0.02 48.04 48.03 48.03 48.04 48.04 48.04 48.04 48.03 78.03 78.04 78.04 78.04 78.04 78.04 78.04 78.04 78.04 78.03 78.03 78.03 78.03 78.03 721.03 721.03 721.03 721.04 721.04 0.02 721.04 721.04 721.04 393.04 393.04 393.04 393.03 393.03 393.03 393.03 393.03 0.02 30.04 30.04 30.03 30.04 30.03 30.03 30.03 30.03 30.03 0.02 0.08 0.08 228.04 228.04 228.04 228.04 228.04 228.04 228.04 228.04 228.04 508.04 508.04 508.03 508.03 508.03 508.03 508.03 508.04 0.02 0.02 508.04 632.04 632.04 632.04 632.04 632.04 632.04 632.04 632.04 632.04 0.05
48.03 48.03 48.03 48.03 48.03 48.03 48.03 48.04 48.04 48.03 0.02 0.02 78.04 78.04 78.03 78.04 78.04 78.04 78.04 78.04 0.02 78.03 78.03 78.03 78.04 301.03 721.03 0.02 721.04 721.04 721.04 0.05 721.04 721.04 393.04 393.04 393.03 393.03 393.03 393.03 393.03 393.03 0.02 0.02 30.04 0.02 30.03 30.03 30.03 30.03 30.03 30.03 0.02 228.04 0.08 228.04 228.04 228.04 228.04 228.04 228.04 228.04 228.04 0.05 0.05 0.05 0.05 508.03 0.02 508.04 508.04 508.04 258.04 258.04 258.04 632.04 632.04 632.04 632.04 632.04 632.04 632.04 632.04 0.05 0.05
48.03 48.03 48.03 48.03 48.03 48.03 48.03 48.03 48.03 48.03 0.02 0.02 78.04 78.04 0.02 78.04 78.04 78.04 78.04 78.04 0.02 0.02 0.02 78.04 301.04 301.03 301.03 0.02 721.04 721.04 721.04 721.04 721.04 721.04 721.04 393.04 393.03 393.03 393.03 393.03 393.03 393.03 393.04 30.04 30.04 30.04 30.03 30.03 30.03 30.03 30.04 30.04 30.04 0.02 0.02 228.04 228.04 228.04 228.04 228.04 228.04 228.04 0.02 0.05 0.05 0.05 278.04 278.03 0.02 258.04 258.04 258.04 258.04 258.04 258.04 258.04 632.04 632.04 632.04 632.04 632.04 632.04 0.05 0.05 0.05
48.03 48.03 48.03 48.03 48.03 48.03 48.03 48.03 129.04 129.03 0.02 78.04 78.04 78.04 0.02 78.04 78.04 78.04 78.04 78.04 78.04 0.02 0.02 301.04 301.04 301.03 301.03 301.03 721.03 721.04 721.04 721.04 721.04 721.04 721.04 393.04 393.03 393.03 0.02 393.04 393.03 166.04 166.04 166.04 0.02 30.04 0.02 0.02 30.04 30.04 30.04 30.04 30.04 0.02 0.02 228.04 228.04 228.04 228.04 228.04 228.04 228.04 0.02 278.03 0.05 0.05 278.04 278.04 258.04 258.04 258.04 258.04 258.04 258.04 258.04 258.04 632.04 632.03 632.04 632.04 632.03 632.03 0.05 0.05 632.03
444.03 444.03 48.03 48.03 129.03 129.03 129.03 129.03 129.04 129.04 129.04 129.04 78.04 78.04 78.04 78.04 78.04 78.04 78.03 0.02 78.04 0.02 301.04 301.04 301.03 301.03 301.03 301.03 301.04 721.04 721.04 721.04 721.04 721.04 721.04 393.04 393.04 0.02 0.02 393.04 0.05 0.05 166.03 166.03 166.04 166.03 0.02 0.02 30.04 30.04 30.04 0.02 30.04 0.02 228.04 228.04 228.04 228.04 228.04 228.04 228.04 278.03 0.02 0.02 0.02 278.04 278.04 278.04 278.04 258.04 258.04 258.04 258.04 258.04 258.04 258.04 258.04 632.03 632.04 632.04 632.04 0.02 0.05 0.05 632.03
444.03 444.03 129.03 129.03 129.03 129.03 129.04 129.04 129.04 129.04 129.04 129.04 439.04 439.04 439.04 439.04 439.04 439.04 439.03 0.02 439.04 439.04 301.04 301.04 301.04 301.03 301.03 301.03 301.04 0.05 721.04 721.04 721.04 721.04 0.02 721.04 393.04 393.04 166.04 166.04 166.04 166.03 166.03 166.04 166.04 0.02 0.02 166.04 166.04 30.04 30.04 30.04 0.02 228.04 228.04 228.04 228.04 228.04 228.04 539.04 278.04 278.03 278.04 278.04 278.04 278.04 278.04 278.04 278.04 278.04 258.04 258.04 258.04 258.04 258.04 258.04 0.02 0.02 0.02 632.04 632.04 632.04 0.05 0.05 65.03
444.03 444.03 129.03 129.03 129.03 129.04 129.04 129.04 129.04 129.04 129.04 129.04 439.04 439.04 439.04 439.04 439.04 439.04 439.03 0.02 439.04 439.04 301.04 0.05 0.05 0.05 0.05 0.05 301.04 301.04 301.04 301.04 721.03 721.03 0.02 0.02 393.04 166.04 0.02 166.04 166.04 166.04 0.02 166.04 166.04 0.02 0.02 166.04 166.04 166.04 166.04 30.04 30.04 228.04 228.04 228.04 228.04 539.04 539.04 539.04 539.03 0.02 278.04 278.04 278.04 278.03 0.02 0.02 278.04 278.04 258.04 258.04 258.04 258.04 258.04 258.04 258.04 0.02 0.02 632.04 632.04 632.04 0.05 0.05 0.05
444.03 444.03 129.03 129.03 129.04 129.04 129.04 129.04 129.04 129.04 129.04 129.04 439.04 439.04 439.04 439.04 439.04 439.04 439.04 439.04 439.04 439.04 301.04 301.04 301.04 301.04 301.04 301.04 301.04 301.04 301.04 0.02 0.02 0.02 721.04 166.04 166.04 166.04 166.04 0.02 166.04 166.04 166.04 166.04 166.04 0.02 0.02 166.04 166.04 166.04 166.04 166.04 166.03 0.02 539.04 539.04 539.04 539.04 539.04 539.03 0.02 0.02 0.05 0.05 278.04 278.04 278.04 278.04 278.04 278.04 278.04 258.04 258.04 258.04 258.04 258.04 258.04 258.04 258.04 632.04 632.04 632.04 0.05 0.05 65.04
444.03 444.03 129.04 129.04 129.04 129.04 129.04 129.04 129.04 129.04 129.04 129.04 439.04 439.04 439.04 439.04 439.04 439.04 439.04 439.04 439.04 439.04 0.02 301.04 301.04 301.04 301.04 301.04 301.04 301.04 301.04 0.02 0.02 0.02 166.04 166.04 166.04 166.03 166.04 166.04 166.04 166.04 0.02 166.04 166.04 166.04 166.04 166.04 166.04 166.04 166.04 166.03 0.02 0.02 664.04 539.04 539.04 539.04 539.04 539.03 0.02 539.04 539.04 539.04 278.04 278.04 278.04 278.04 278.04 278.04 278.04 258.04 258.04 258.04 258.04 258.04 258.04 681.04 681.04 681.04 681.04 681.04 0.05 681.04 65.04
444.03 444.03 129.04 129.04 129.04 129.04 129.04 129.04 129.04 129.04 129.04 129.04 129.04 439.04 439.04 439.04 439.04 439.04 439.04 439.04 439.04 439.04 0.02 0.02 301.04 301.04 301.04 301.04 301.04 301.04 301.04 301.04 301.04 301.04 166.04 166.04 166.04 166.04 0.02 0.02 166.04 166.04 166.04 166.04 166.04 0.02 166.04 166.04 166.04 166.04 166.04 166.03 166.03 0.02 0.02 664.03 539.04 539.04 539.04 539.04 0.02 0.02 539.04 539.04 539.04 278.04 278.04 278.04 278.04 278.04 278.04 278.04 258.04 258.04 258.04 681.04 681.04 681.04 681.04 681.04 681.04 681.04 681.04 681.04 65.04
444.03 444.03 129.03 129.04 129.03 129.03 129.03 129.04 129.04 129.04 129.04 129.04 0.05 439.04 439.04 439.04 439.04 439.04 439.04 439.04 0.02 439.04 301.04 0.02 301.04 301.04 301.04 301.04 301.04 301.04 301.04 301.04 301.04 301.04 166.04 166.04 166.04 166.04 166.04 0.02 166.04 166.04 166.04 166.04 166.04 166.04 166.04 166.04 166.04 166.04 166.04 0.02 664.03 0.02 664.03 664.03 664.03 539.04 539.04 539.04 539.04 539.04 539.04 539.04 539.04 539.04 539.04 278.04 278.04 278.04 278.04 278.04 278.04 681.04 681.04 681.04 681.04 681.04 681.04 681.04 681.04 681.04 681.04 681.04 681.04
444.03 129.03 129.03 129.03 129.03 129.03 129.03 129.03 0.05 0.05 129.04 0.05 0.02 439.04 439.04 439.04 439.04 439.04 439.04 439.04 0.02 439.04 301.04 301.04 301.04 301.04 301.04 0.02 301.04 301.04 301.04 301.04 301.04 301.04 166.04 166.04 166.04 166.04 166.04 166.04 166.04 166.04 166.04 166.04 166.04 166.04 166.04 166.04 166.04 166.04 166.04 0.02 664.04 664.03 664.03 664.03 0.02 0.02 539.04 539.04 539.04 539.04 539.04 539.04 539.04 0.02 539.04 539.04 278.04 278.04 278.04 278.04 681.04 681.04 681.04 681.04 681.04 681.04 681.04 681.04 681.04 681.04 681.04 681.04 681.04
444.03 129.03 0.02 129.03 0.02 0.02 129.04 129.03 129.03 0.05 0.05 129.04 0.02 0.02 206.04 439.03 439.04 439.04 439.04 439.04 439.04 439.04 251.04 251.04 251.04 251.04 251.04 251.04 301.04 301.04 301.04 301.04 301.04 301.04 166.04 166.04 166.04 166.04 166.04 166.04 166.04 166.04 166.04 166.04 166.04 166.04 166.04 166.04 166.04 166.04 166.04 664.04 664.04 664.03 664.03 664.03 0.02 0.02 664.04 539.04 539.04 539.04 539.04 539.04 539.04 0.02 0.02 539.04 539.04 278.04 278.04 681.04 681.04 681.04 681.04 681.04 681.04 681.04 681.04 681.04 681.04 681.04 681.04 681.04 681.04
444.03 129.03 0.02 0.02 0.02 0.02 0.02 129.03 0.02 0.02 376.04 376.04 206.04 206.04 206.03 206.03 206.04 206.04 439.04 439.04 439.04 251.04 251.04 251.04 251.04 251.04 251.04 251.04 251.04 251.04 251.04 251.04 251.04 251.04 166.04 166.04 166.04 166.04 166.04 166.04 166.04 166.04 166.04 166.04 166.04 498.04 498.04 498.04 498.04 498.04 0.02 664.04 664.03 664.03 664.03 664.03 664.04 664.04 664.04 664.04 539.04 539.04 539.04 539.04 539.04 539.04 539.04 539.04 539.04 539.04 0.02 681.04 681.04 681.04 681.04 681.04 681.04 681.03 681.04 681.04 681.04 681.04 681.04 681.04 681.04
444.03 129.03 0.02 129.03 129.03 666.03 0.02 666.03 666.03 0.02 376.04 376.03 206.04 206.04 206.03 0.02 0.02 206.04 206.04 206.04 251.04 251.04 251.04 251.04 251.04 251.04 0.02 251.04 251.04 251.04 251.04 251.04 251.04 251.04 166.04 166.04 166.04 166.04 498.04 498.04 498.04 498.03 498.04 498.04 498.04 498.04 498.04 0.02 0.02 498.04 0.02 664.04 664.03 664.03 664.03 664.03 664.04 664.04 664.03 664.03 664.04 539.04 539.04 539.04 539.04 539.04 539.04 539.04 539.04 539.04 681.03 681.03 681.04 681.04 681.04 681.04 681.03 681.03 681.03 681.03 681.04 681.04 681.03 0.02 681.03
0.05 666.04 0.02 666.03 666.03 666.03 666.03 666.03 666.03 666.03 376.03 376.03 206.03 206.04 206.03 0.02 0.02 206.04 206.04 206.04 251.04 251.04 251.04 251.04 251.04 251.04 0.02 251.04 251.04 251.04 251.04 251.04 251.04 421.04 727.04 498.04 498.03 498.03 498.04 498.04 0.02 498.03 498.04 498.04 498.04 498.04 498.04 498.04 498.04 498.04 498.04 664.03 664.03 664.03 664.03 664.03 664.03 664.03 664.03 664.03 664.03 664.04 539.04 539.04 539.04 539.04 539.04 539.04 539.04 539.03 681.03 681.03 681.03 681.04 681.04 681.03 681.03 681.03 681.03 681.03 681.03 681.03 681.03 0.02 0.02
666.04 666.04 666.04 666.03 666.03 666.03 666.03 666.03 666.03 666.03 376.03 376.03 376.04 206.04 206.04 0.02 0.02 206.04 206.04 206.04 251.04 251.04 251.04 251.04 251.04 251.04 251.04 251.04 251.04 251.04 251.04 0.02 421.04 421.04 727.04 727.04 498.04 0.02 498.04 498.04 498.04 0.02 498.04 498.04 498.04 498.04 498.04 498.04 498.04 498.04 498.04 664.03 0.02 664.03 664.03 664.03 664.03 664.03 664.03 664.03 664.03 664.03 664.04 539.04 539.04 539.04 645.04 645.04 645.04 0.02 681.03 681.03 681.03 681.03 681.03 681.03 0.02 0.02 681.03 681.03 681.03 681.03 681.03 681.03 0.02
666.04 666.04 666.04 666.04 666.03 0.05 0.05 0.05 0.05 376.03 376.03 376.03 376.04 206.04 206.04 0.02 0.02 206.04 206.04 206.04 251.04 251.04 251.04 251.04 251.04 0.02 251.04 251.04 251.04 251.04 421.04 421.04 421.04 421.04 727.04 727.04 727.04 0.02 498.04 498.04 498.04 0.02 498.04 498.04 0.02 498.04 498.04 498.04 0.02 498.04 498.04 664.03 0.02 0.02 664.03 664.03 664.03 664.03 664.03 664.03 664.03 664.03 664.03 664.04 645.04 645.04 645.04 645.04 645.04 0.02 645.04 681.04 681.03 681.03 681.03 681.03 0.02 0.02 681.03 681.03 681.03 681.03 681.03 681.03 681.03
605.04 666.04 666.03 666.03 666.03 666.03 666.04 0.05 0.05 0.05 376.03 376.03 376.04 206.04 206.04 206.04 0.02 0.02 206.04 206.04 251.04 251.04 251.04 251.04 251.04 251.04 0.02 410.04 410.04 421.04 421.04 421.04 421.04 727.04 727.04 727.04 727.04 498.04 498.04 498.04 498.04 498.04 498.04 498.04 0.02 498.04 498.04 498.04 498.03 498.04 498.04 664.03 0.02 0.02 664.03 664.03 664.03 664.03 664.03 664.03 664.03 664.03 664.03 645.03 645.03 645.04 645.04 645.04 645.04 645.04 645.04 645.04 681.04 681.04 681.03 681.03 0.08 0.08 0.08 681.03 681.03 681.03 681.03 681.03 681.03
605.03 605.03 0.02 0.02 0.02 0.02 0.02 666.03 666.03 376.03 376.03 376.03 376.03 206.03 206.04 206.04 206.04 0.02 206.04 206.04 251.04 0.02 0.02 410.04 410.04 410.04 410.04 410.04 410.04 421.04 421.04 421.04 421.04 727.04 727.04 727.04 727.04 727.04 498.04 498.04 498.04 498.04 498.04 498.04 498.04 498.04 498.03 498.03 498.03 498.03 16.03 16.03 0.02 0.02 664.03 664.04 0.02 0.02 664.03 0.02 664.04 664.03 664.03 645.03 645.04 645.04 645.04 645.04 0.02 645.04 645.04 645.04 681.04 681.04 681.03 681.03 681.03 681.04 681.04 681.04 681.04 681.04 681.04 0.02 224.03
605.03 0.02 0.02 0.02 666.04 0.02 0.02 0.02 666.03 376.03 0.02 376.03 376.03 206.03 206.03 206.03 206.04 206.04 206.04 206.04 410.04 410.04 0.02 410.04 410.04 410.04 410.04 410.04 410.04 421.03 421.04 421.04 421.04 727.04 727.04 727.04 727.04 727.04 727.04 498.04 498.04 498.04 498.04 498.04 498.04 498.03 498.03 498.03 498.03 16.03 16.03 16.03 16.03 16.03 664.03 664.04 0.02 664.04 664.04 664.04 664.04 664.04 645.03 645.04 645.04 645.04 645.04 645.04 0.02 645.04 645.04 645.04 645.04 335.04 335.04 335.04 335.04 335.04 335.04 335.04 335.04 335.04 335.03 224.04 0.02
