Inputs/GridInputs/LU&ParcGridDiohine50.asc
ncols         123
nrows         134
xllcorner     -1693877.958766256
yllcorner     3174597.0031306315
dx            50.05864128255762
dy            50.20989846990013
[rows 0 to 32 of 134, columns 0 to 73 of 123]
0.0 0.0 0.0 0.0 0.0 0.0 0.0 0.0 0.0 0.0 0.0 0.0 0.0 0.0 0.0 0.0 0.0 0.0 0.0 0.0 0.0 0.0 0.0 0.0 0.0 0.0 0.0 0.0 0.0 0.0 0.0 0.0 0.0 0.0 0.0 0.0 0.0 0.0 0.0 0.0 0.0 0.0 0.0 0.0 0.0 0.0 0.0 0.0 0.0 0.0 0.0 0.0 0.0 0.0 0.0 0.0 0.0 0.0 0.0 0.0 0.0 0.0 0.0 0.0 0.0 0.0 0.0 0.0 0.0 2089.04 2089.04 0.13 0.0 0.0
0.0 0.0 0.0 0.0 0.0 0.0 0.0 0.0 0.0 0.0 0.0 0.0 0.0 0.0 0.0 0.0 0.0 0.0 0.0 0.0 0.0 0.0 0.0 0.0 0.0 0.0 0.0 0.0 0.0 0.0 0.0 0.0 0.0 0.0 0.0 0.0 0.0 0.0 0.0 0.0 0.0 0.0 0.0 0.0 0.0 0.0 0.0 0.0 0.0 0.0 0.0 0.0 0.0 0.0 0.0 0.0 0.0 0.0 0.0 0.0 0.0 0.0 0.0 0.0 0.0 0.0 0.0 0.0 0.0 2089.04 2089.04 2089.03 789.03 789.03
0.0 0.0 0.0 0.0 0.0 0.0 0.0 0.0 0.0 0.0 0.0 0.0 0.0 0.0 0.0 0.0 0.0 0.0 0.0 0.0 0.0 0.0 0.0 0.0 0.0 0.0 0.0 0.0 0.0 0.0 0.0 0.0 0.0 0.0 0.0 0.0 0.0 0.0 0.0 0.0 0.0 0.0 0.0 0.0 0.0 0.0 0.0 0.0 0.0 0.0 0.0 0.0 0.0 0.0 0.0 0.0 0.0 0.0 0.0 0.0 0.0 0.0 0.0 0.0 0.0 0.0 0.0 536.03 0.05 0.05 0.05 789.03 789.03 789.04
0.0 0.0 0.0 0.0 0.0 0.0 0.0 0.0 0.0 0.0 0.0 0.0 0.0 0.0 0.0 0.0 0.0 0.0 0.0 0.0 0.0 0.0 0.0 0.0 0.0 0.0 0.0 0.0 0.0 0.0 0.0 0.0 0.0 0.0 0.0 0.0 0.0 0.0 0.0 0.0 0.0 0.0 0.0 0.0 0.0 0.0 0.0 0.0 0.0 0.0 0.0 0.0 1855.03 0.0 0.0 0.0 0.0 0.0 0.0 0.0 0.0 0.0 0.0 0.0 0.0 1660.03 0.05 0.05 0.05 0.05 0.05 847.04 789.04 789.04
0.0 0.0 0.0 0.0 0.0 0.0 0.0 0.0 0.0 0.0 0.0 0.0 0.0 0.0 0.0 0.0 0.0 0.0 0.0 0.0 0.0 0.0 0.0 0.0 0.0 0.0 0.0 0.0 0.0 0.0 0.0 0.0 0.0 0.0 0.0 0.0 0.0 0.0 0.0 0.0 0.0 0.0 0.0 0.0 0.0 0.0 0.0 0.0 0.0 0.0 0.0 1016.03 1855.03 1204.03 0.05 0.0 0.0 0.0 0.0 0.0 0.0 0.0 2405.03 1660.03 1660.03 0.05 0.05 0.05 0.05 0.05 847.04 847.04 847.04 789.04
0.0 0.0 0.0 0.0 0.0 0.0 0.0 0.0 0.0 0.0 0.0 0.0 0.0 0.0 0.0 0.0 0.0 0.0 0.0 0.0 0.0 0.0 0.0 0.0 0.0 0.0 0.0 0.0 0.0 0.0 0.0 0.0 0.0 0.0 0.0 0.0 0.0 0.0 0.0 0.0 0.0 0.0 0.0 0.0 0.0 0.0 0.0 0.0 0.0 1264.03 1264.03 1016.03 1016.03 1204.04 1204.04 773.04 773.03 773.03 0.0 0.13 2336.03 2405.04 2405.03 2405.03 0.05 0.05 0.05 0.05 0.05 0.05 1497.04 847.04 847.04 2293.04
0.0 0.0 0.0 0.0 0.0 0.0 0.0 0.0 0.0 0.0 0.0 0.0 0.0 0.0 0.0 0.0 0.0 0.0 0.0 0.0 0.0 0.0 0.0 0.0 0.0 0.0 0.0 0.0 0.0 0.0 0.0 0.0 0.0 0.0 0.0 0.0 0.0 0.0 0.0 0.0 0.0 0.0 0.0 0.0 0.0 0.0 0.0 0.0 1584.04 1834.04 1264.04 1016.04 1016.04 1204.04 1204.04 773.04 773.04 0.05 436.04 101.03 2336.03 1279.04 2405.03 2405.03 0.05 0.05 0.05 0.05 1497.04 0.05 0.05 0.08 1392.04 2293.04
0.0 0.0 0.0 0.0 0.0 0.0 0.0 0.0 0.0 0.0 0.0 0.0 0.0 0.0 0.0 0.0 0.0 0.0 0.0 0.0 0.0 0.0 0.0 0.0 0.0 0.0 0.0 0.0 0.0 0.0 0.0 0.0 0.0 0.0 0.0 0.0 0.0 0.0 0.0 0.0 0.0 0.0 0.0 0.0 0.0 0.0 0.0 641.03 1584.03 1834.04 1418.04 1418.04 1104.04 1104.04 1446.04 1446.04 773.04 0.05 101.03 0.05 0.05 1279.04 2405.04 2405.04 0.05 0.05 0.05 2225.04 2225.04 0.05 0.08 1392.04 1392.04 1392.04
0.0 0.0 0.0 0.0 0.0 0.0 0.0 0.0 0.0 0.0 0.0 0.0 0.0 0.0 0.0 0.0 0.0 0.0 0.0 0.0 0.0 0.0 0.0 0.0 0.0 0.0 0.0 0.0 0.0 0.0 0.0 0.0 0.0 0.0 0.0 0.0 0.0 0.0 0.0 0.0 0.0 0.0 0.0 0.0 0.0 0.0 641.03 641.03 641.03 0.02 1616.04 1104.04 1104.04 1104.04 1446.04 1446.04 1446.04 0.05 0.05 410.03 0.05 0.05 1279.04 693.04 1549.04 2161.04 2225.04 2225.04 2225.04 1509.04 1509.04 1392.04 1392.04 0.05
0.0 0.0 0.0 0.0 0.0 0.0 0.0 0.0 0.0 0.0 0.0 0.0 0.0 0.0 0.0 0.0 0.0 0.0 0.0 0.0 0.0 0.0 0.0 0.0 0.0 0.0 0.0 0.0 0.0 0.0 0.0 0.0 0.0 0.0 0.0 0.0 0.0 0.0 0.0 0.0 0.0 0.0 0.0 0.0 0.05 0.05 1654.03 641.03 641.03 641.04 1616.04 2005.04 1104.04 0.05 2081.04 1446.04 2266.04 0.05 0.05 0.05 410.04 790.03 2411.03 693.03 1549.04 2161.04 2161.04 2225.04 0.05 0.05 0.05 1509.04 0.08 1392.03
0.0 0.0 0.0 0.0 0.0 0.0 0.0 0.0 0.0 0.0 0.0 0.0 0.0 0.0 0.0 0.0 0.0 0.0 0.0 0.0 0.0 0.0 0.0 0.0 0.0 0.0 0.0 0.0 0.0 0.0 0.0 0.0 0.0 0.0 0.0 0.0 0.0 0.0 0.0 0.0 0.0 1205.04 1704.04 1704.04 1654.04 0.05 1654.03 641.03 861.04 861.04 861.04 2005.04 2005.03 2081.03 2081.04 1338.04 0.05 2266.04 0.05 0.05 0.05 0.05 790.04 693.03 1108.04 1845.04 1845.04 1845.04 1528.04 1437.04 1437.04 0.08 0.08 1703.03
0.0 0.0 0.0 0.0 0.0 0.0 0.0 0.0 0.0 0.0 0.0 0.0 0.0 0.0 0.0 0.0 0.0 0.0 0.0 0.0 0.0 0.0 0.0 0.0 0.0 0.0 0.0 0.0 0.0 0.0 0.0 0.0 0.0 0.0 0.0 0.0 0.13 0.13 547.04 547.04 0.05 0.05 1205.04 1704.03 1704.03 1654.03 1654.03 861.03 861.03 861.04 861.04 1829.04 1829.03 1642.03 1338.03 1338.04 2138.04 0.08 869.03 771.03 771.04 0.05 868.04 2163.04 2163.04 1845.04 0.08 1528.04 1528.04 0.08 0.05 0.08 364.04 1703.04
0.0 0.0 0.0 0.0 0.0 0.0 0.0 0.0 0.0 0.0 0.0 0.0 0.0 0.0 0.0 0.0 0.0 0.0 0.0 0.0 0.0 0.0 0.0 0.0 0.0 0.0 0.0 0.0 0.0 0.0 0.0 0.0 0.0 408.04 408.03 408.03 152.03 1993.03 1993.03 547.03 0.05 0.05 436.03 436.03 746.03 746.03 746.03 861.03 861.04 861.04 1999.04 1999.04 2140.03 2140.03 954.04 2138.04 2138.03 869.03 869.03 1397.03 1397.04 868.04 868.04 2163.04 1006.04 1006.04 0.05 0.05 0.08 1502.04 1088.04 1088.04 364.04 740.04
0.0 0.0 0.0 0.0 0.0 0.0 0.0 0.0 0.0 0.0 0.0 0.0 0.0 0.0 0.0 0.0 0.0 0.0 0.0 0.0 0.0 0.0 0.0 0.0 0.0 0.0 0.0 0.0 0.0 0.0 0.0 0.0 2022.03 2022.03 408.03 408.03 152.03 1993.03 354.03 354.03 354.03 1205.03 436.03 501.04 501.03 1520.03 1117.03 1117.03 895.03 895.03 730.04 1999.04 0.08 954.03 954.03 954.04 2326.04 1729.03 1729.03 1397.03 1397.04 1397.04 123.04 594.04 594.04 594.04 1006.04 0.08 0.08 1502.04 1502.04 1088.04 1088.04 740.04
0.0 0.0 0.0 0.0 0.0 0.0 0.0 0.0 0.0 0.0 0.0 0.0 0.0 0.0 0.0 0.0 0.0 0.0 0.0 0.0 0.0 0.0 0.0 0.0 0.0 0.0 0.0 0.0 0.0 0.0 0.13 2022.03 2022.04 2022.03 0.01 1281.03 1281.03 1863.03 0.01 354.03 354.03 1759.03 436.03 1520.04 1520.03 1520.03 1117.03 1117.04 895.03 895.03 730.04 730.04 1999.04 2014.03 2014.03 770.04 2326.04 1020.03 1020.03 73.03 73.04 123.04 0.05 0.08 594.04 594.04 1513.04 0.08 0.08 2262.04 0.05 1502.04 2378.04 2378.04
0.0 0.0 0.0 0.0 0.0 0.0 0.0 0.0 0.0 0.0 0.0 0.0 0.0 0.0 0.0 0.0 0.0 0.0 0.0 0.0 0.0 0.0 0.0 0.0 0.0 0.0 0.0 0.0 0.0 0.0 2429.03 2022.04 2022.04 2022.03 621.03 621.03 1281.03 1863.03 1863.03 1863.04 1759.04 1759.03 1759.03 0.01 1520.03 1028.03 1028.04 1117.04 394.03 895.03 1122.04 1122.04 627.03 627.03 770.03 770.03 2071.03 2071.04 1770.04 73.04 1483.04 0.02 0.02 0.08 0.08 1513.04 1513.04 1513.03 0.08 2262.04 1819.04 2258.04 2378.04 1971.04
0.0 0.0 0.0 0.0 0.0 0.0 0.0 0.0 0.0 0.0 0.0 0.0 0.0 0.0 0.0 0.0 0.0 0.0 0.0 0.0 0.0 0.0 0.0 0.0 0.0 0.0 0.0 0.0 2429.04 2429.03 2429.04 2429.04 1600.04 1600.03 1600.03 0.01 1281.03 1863.03 1863.03 610.03 1759.03 1759.03 1759.03 1966.04 1966.04 1966.04 1028.04 0.02 394.03 394.03 1122.03 1122.03 2199.03 2199.03 770.03 770.03 2071.03 2071.04 1128.04 1043.04 1483.04 918.03 0.05 0.05 0.02 1168.04 1513.04 586.03 2008.04 139.04 139.04 578.04 1230.04 1764.04
0.0 0.0 0.0 0.0 0.0 0.0 0.0 0.0 0.0 0.0 0.0 0.0 0.0 0.0 0.0 0.0 0.0 0.0 0.0 0.0 0.0 0.0 0.0 0.0 0.0 0.0 0.0 0.05 0.05 2429.03 2429.03 2429.03 0.01 1103.03 573.03 573.03 1987.04 1987.04 2321.03 610.03 1194.03 1759.03 1759.03 392.03 0.02 0.02 1028.04 788.03 394.03 394.03 1122.03 1209.03 1209.03 1055.04 1055.03 2094.03 2071.03 1128.04 1128.04 1674.04 1674.04 918.03 918.04 2220.04 1168.04 1168.04 63.04 586.04 2238.04 2238.04 1526.04 353.04 1230.04 1157.04
0.0 0.0 0.0 0.0 0.0 0.0 0.0 0.0 0.0 0.0 0.0 0.0 0.0 0.0 0.0 0.0 0.0 0.0 0.0 0.0 0.0 0.0 0.0 0.0 0.0 0.0 0.13 1171.03 2019.03 2019.03 442.03 442.04 1103.03 1103.03 1103.03 573.04 1987.04 1987.04 2321.03 1062.03 1194.03 0.01 0.01 392.03 392.03 2166.04 788.04 788.04 769.04 769.03 913.03 800.03 800.03 1055.03 2056.03 2094.03 2094.03 2094.04 1674.04 1674.04 1244.04 0.08 0.05 2220.04 2220.04 1538.04 63.04 63.04 2238.04 2238.04 1526.04 1526.04 1157.04 1157.04
0.0 0.0 0.0 0.0 0.0 0.0 0.0 0.0 0.0 0.0 0.0 0.0 0.0 0.0 0.0 0.0 0.0 0.0 0.0 0.0 0.0 0.0 0.0 0.0 1353.03 0.13 0.13 1171.03 2019.03 2019.03 442.04 442.04 442.04 1103.03 1103.03 1904.04 1987.04 1987.04 2321.03 783.04 783.04 1669.03 1786.03 1786.03 871.03 871.04 2139.04 1668.04 769.04 769.04 18.04 913.04 800.04 2056.03 2056.03 2094.03 2094.04 2094.04 2245.04 2245.04 1244.04 222.04 1498.04 1498.04 1054.04 1538.04 1538.04 1340.04 884.04 884.04 1526.04 1526.04 1157.04 1157.04
0.0 0.0 0.0 0.0 0.0 0.0 0.0 0.0 0.0 0.0 0.0 0.0 0.0 0.0 0.0 0.0 0.0 0.0 0.0 0.0 0.0 0.0 0.0 0.0 0.13 0.13 1171.03 1171.03 1390.03 1390.03 0.01 442.04 442.04 1566.04 1904.04 1904.04 1904.04 1449.04 1449.04 783.04 233.04 233.03 1786.03 1786.03 871.03 2139.04 2139.04 1668.04 1668.03 769.04 18.04 18.04 632.03 632.04 2056.03 2094.03 2094.04 2094.04 2245.04 2245.04 2245.03 222.04 1713.04 308.04 308.04 308.04 1538.04 1340.04 884.04 884.04 1025.04 1715.04 1715.04 1910.04
0.0 0.0 0.0 0.0 0.0 0.0 0.0 0.0 0.0 0.0 0.0 0.0 0.0 0.0 0.0 0.0 0.0 0.0 0.0 0.0 0.0 0.0 0.0 0.13 1353.03 1353.03 1171.03 1171.03 2186.03 541.03 541.03 442.03 667.03 1566.03 1566.04 1904.04 567.04 567.04 1449.04 233.04 233.04 233.03 1265.04 1786.04 2272.04 2272.03 2139.04 1668.04 2157.03 2157.04 2157.04 18.04 891.04 891.04 2056.04 2056.04 2094.04 0.08 0.08 2245.04 1713.04 1713.03 1713.04 1713.04 308.03 308.04 1606.04 1606.04 57.04 1025.04 1025.04 1715.04 1715.04 1715.04
0.0 0.0 0.0 0.0 0.0 0.0 0.0 0.0 0.0 0.0 0.0 0.0 0.0 0.0 0.0 0.0 0.0 0.0 0.0 0.0 0.0 0.13 0.13 1353.03 1353.03 1353.03 1086.03 472.03 472.03 579.03 659.03 667.03 667.03 667.03 1566.04 1566.03 567.03 567.04 2377.04 2377.04 233.04 1265.04 1265.03 1265.04 2272.04 2272.03 2272.04 2157.04 2157.03 2157.03 2157.04 891.04 891.04 891.04 1444.04 365.04 0.08 0.08 591.04 591.04 1713.04 1713.04 1713.04 1713.04 1241.04 427.04 1606.04 1606.04 1025.04 1025.04 1715.04 1715.04 1715.04 2108.04
0.0 0.0 0.0 0.0 0.0 0.0 0.0 0.0 0.0 0.0 0.0 0.0 0.0 0.0 0.0 0.0 0.0 0.0 0.0 0.13 370.04 370.04 370.03 1353.03 1353.03 1353.03 0.01 1086.03 472.03 472.03 1387.03 1387.03 667.03 1930.04 984.04 984.04 1501.03 1501.03 2377.04 2377.04 0.08 1265.03 1518.03 1518.03 2272.04 2272.04 1974.04 1974.04 1974.04 1274.04 1274.04 1274.04 891.04 1444.04 365.04 365.04 365.04 591.04 591.04 591.04 591.04 1713.04 1268.04 1268.04 1241.04 1241.04 427.03 287.04 1130.04 1130.04 1715.04 1715.04 1715.04 2108.04
0.0 0.0 0.0 0.0 0.0 0.0 0.0 0.0 0.0 0.0 0.0 0.0 0.0 0.0 0.0 0.0 0.0 0.0 0.13 0.13 370.04 370.04 370.03 370.03 2416.03 0.01 0.01 1207.03 1207.03 1207.03 1387.03 1387.03 2349.03 2349.04 984.04 441.04 1501.04 1501.04 2377.04 2377.03 2377.04 1105.04 724.03 724.03 724.04 2272.04 1974.04 1974.04 1974.04 1274.04 1274.04 1274.04 485.04 485.04 365.04 365.04 506.04 506.04 914.04 914.04 914.04 1268.04 1268.04 1268.04 1241.04 1241.04 287.04 1075.04 1130.04 1130.04 1130.04 83.04 83.04 2108.03
0.0 0.0 0.0 0.0 0.0 0.0 0.0 0.0 0.0 0.0 0.0 0.0 0.0 0.0 0.0 0.0 0.0 0.13 0.13 1445.03 925.04 925.04 1807.04 2416.03 2416.03 2416.03 706.03 1207.03 1207.03 1207.03 1342.03 1342.03 2349.03 2349.04 441.03 441.04 157.03 157.04 2377.04 2377.04 551.04 1105.04 1105.04 724.03 724.04 724.04 0.05 1974.03 1974.04 1974.04 1274.04 0.08 0.08 485.04 1032.04 506.04 506.04 995.04 914.04 914.04 2124.04 1268.04 1268.04 1268.04 1268.04 937.04 937.04 1075.04 1130.04 1130.04 169.04 83.04 83.04 1100.04
0.0 0.0 0.0 0.0 0.0 0.0 0.0 0.0 0.0 0.0 0.0 0.0 0.0 0.0 0.0 0.0 0.05 0.05 1445.03 1445.04 925.04 925.04 0.05 1807.04 2416.03 706.03 706.03 706.03 838.03 456.03 1342.03 1342.03 1342.03 2349.03 441.04 157.04 0.08 157.04 1454.04 1454.04 551.04 551.04 1105.04 724.04 724.03 231.03 0.05 0.05 231.03 231.04 927.04 0.08 485.04 1032.04 1032.04 1154.04 1154.04 995.04 995.04 2124.04 2124.04 2423.04 2423.04 2423.04 2235.04 0.08 1042.04 1042.04 169.04 169.04 169.04 2347.04 1100.04 1100.04
0.0 0.0 0.0 0.0 0.0 0.0 0.0 0.0 0.0 0.0 0.0 0.0 0.0 0.0 0.0 0.05 0.05 1731.03 1731.03 1731.04 925.04 925.04 2214.04 2214.03 1068.03 830.03 706.03 838.03 838.03 456.03 975.03 975.03 0.02 781.03 157.03 157.03 157.03 1148.04 1148.04 1454.04 2373.03 2373.03 2373.04 2373.04 2373.04 231.04 231.04 0.05 0.05 927.04 927.04 0.02 27.04 27.04 1154.04 1154.04 850.04 548.04 1902.04 2124.04 2124.04 2423.04 2423.04 2423.04 2235.04 2235.04 1042.04 1042.04 978.04 169.04 169.03 2347.04 246.04 1840.04
0.0 0.0 0.0 0.0 0.0 0.0 0.0 0.0 0.0 0.0 0.0 0.0 0.0 0.0 0.13 0.05 2221.03 164.03 355.03 355.04 355.04 1587.04 1587.04 1587.04 1068.04 1068.04 148.04 59.03 130.03 456.03 1063.03 975.03 975.03 975.03 2314.03 2314.03 204.04 0.05 1686.04 0.05 0.05 0.05 2373.04 2373.04 643.04 643.03 812.03 0.02 0.05 927.04 927.04 2023.04 27.04 27.04 27.04 2231.04 2231.04 548.04 1902.04 1902.04 1134.04 1134.04 1134.04 2423.04 2235.04 2235.04 2235.04 978.04 978.04 978.04 169.04 153.04 1000.04 1840.04
0.0 0.0 0.0 0.0 0.0 0.0 0.0 0.0 0.0 0.0 0.0 0.0 0.0 0.0 0.05 0.05 651.03 1821.03 164.03 1085.04 704.04 704.04 1587.04 128.04 128.04 2119.04 2119.04 148.04 130.03 1063.03 0.11 0.11 975.03 2314.03 2314.03 2314.04 2314.04 1686.04 1686.04 2311.03 1975.04 2373.04 2373.04 643.03 0.02 0.08 235.03 812.03 812.04 927.04 2023.04 2023.04 27.04 27.04 1554.04 1554.04 1554.04 2231.04 548.04 1134.04 1134.04 1134.1 1134.1 611.1 0.08 2247.04 2247.04 978.04 978.04 986.04 1272.04 153.04 153.04 533.04
0.0 0.0 0.0 0.0 0.0 0.0 0.0 0.0 0.0 0.0 0.0 0.0 0.05 0.13 0.05 274.03 1436.03 1821.03 1085.04 1085.04 704.04 704.04 128.03 128.04 2208.04 2208.03 2119.04 148.04 467.03 467.03 1063.03 635.03 635.03 635.03 2314.03 0.05 2314.04 1615.04 1615.04 1975.04 1975.04 1391.04 1391.04 643.04 0.08 643.04 235.04 1529.04 2148.04 2148.04 982.04 982.04 982.04 27.04 1554.04 1554.04 1554.04 1554.04 881.04 1485.04 1485.04 1485.1 611.1 611.1 0.08 2247.1 2247.1 986.04 986.04 986.04 1272.04 153.04 1858.03 1858.04
0.0 0.0 0.0 0.0 0.0 0.0 0.0 0.0 0.0 0.05 0.05 0.05 0.05 1491.03 274.03 274.03 1436.03 2211.03 1458.04 2016.04 0.05 864.04 864.03 128.04 599.03 2068.03 2068.03 467.03 467.03 467.03 1815.04 635.04 635.04 635.04 2314.04 2314.03 371.04 371.04 1615.04 1975.04 1975.04 1391.03 1391.04 0.08 643.04 877.04 356.04 1529.04 2148.04 2148.04 2237.04 2237.04 2237.04 1090.04 1090.04 1126.04 1126.04 881.04 881.04 2034.04 1485.1 1485.1 894.1 1763.1 1763.1 2247.1 2247.1 986.04 986.04 1272.04 1272.04 1040.04 1858.03 1858.03
0.0 0.0 0.0 0.0 0.0 0.0 0.0 0.0 0.05 0.05 0.05 526.03 526.03 1469.03 405.03 1978.03 1978.04 1918.04 1458.04 1458.03 1395.03 864.03 2193.03 599.03 599.03 599.03 2068.03 1284.03 1815.03 1815.03 1815.04 1219.04 1219.04 635.04 635.04 2314.04 176.04 176.04 176.04 1423.04 1423.04 1391.04 1380.03 1380.03 1380.04 877.04 205.04 1260.04 75.04 75.04 2237.04 2237.04 1090.04 1090.04 1090.04 1126.04 1126.04 881.04 881.04 2034.1 2034.1 1485.1 894.1 1763.1 1763.1 1601.1 1601.1 1601.1 1272.04 1272.04 1040.04 1040.04 1040.04 23.04
