Inputs/GridInputs/LU&ParcGridDiohine40.asc
ncols         153
nrows         168
xllcorner     -1693877.958766256
yllcorner     3174597.0031306315
cellsize      40
[rows 96 to 127 of 168, columns 0 to 72 of 153]
0.0 0.0 0.0 0.0 0.0 0.08 1777.1 872.1 872.1 872.1 872.1 2050.1 2050.1 2410.1 2410.1 2410.1 1828.1 1828.1 1807.1 1979.1 1979.1 1447.1 1447.1 1312.1 1312.1 1312.1 69.1 69.1 69.1 635.1 1083.1 1083.1 138.1 138.1 138.1 756.1 756.1 1352.1 1352.1 1352.1 1352.1 1875.1 1875.1 2354.1 2354.1 1095.1 1095.1 1909.1 1909.1 1909.1 243.1 1492.1 1492.1 403.1 403.1 403.1 403.1 1138.1 1138.1 1138.1 926.1 926.1 1740.1 1740.04 1740.04 305.04 305.04 450.04 450.04 450.04 0.05 0.05 0.05
0.0 0.0 0.0 0.0 0.0 0.0 0.0 872.1 872.1 872.1 872.1 2050.1 2050.1 2410.1 2410.1 2410.1 1828.1 1828.1 1807.1 787.1 1979.1 1979.1 1447.1 1250.1 1250.1 1250.1 1075.1 69.1 635.1 635.04 635.04 1083.04 1721.1 1721.1 1721.1 1721.1 1150.1 1352.1 1352.1 1352.1 296.1 1875.1 1875.1 2354.1 2354.1 2354.1 1909.1 1909.1 1909.1 1909.1 1166.1 1166.1 1849.1 489.1 489.1 403.1 2275.1 2350.1 2350.1 2350.1 926.1 926.1 1740.1 1740.04 1310.04 363.04 305.04 0.05 0.05 450.04 450.04 0.05 0.05
0.0 0.0 0.0 0.0 0.0 0.0 0.0 0.0 0.0 0.0 0.0 0.0 0.0 0.0 0.0 1081.1 1081.1 1081.1 1388.1 787.1 787.1 1979.1 36.1 36.1 1250.1 1250.1 1075.1 1075.04 635.04 635.04 635.04 635.04 1721.04 1721.1 1721.1 1150.1 1150.1 1352.1 1352.1 296.1 296.1 296.1 1875.1 1875.1 2022.1 2022.1 2022.1 792.1 1909.1 1909.1 1166.1 1849.1 1849.1 1849.1 489.1 2275.1 2275.1 2350.1 2350.1 2350.1 0.11 0.11 0.11 1310.04 363.04 363.04 305.04 305.04 305.04 450.04 241.04 241.04 0.05
0.0 0.0 0.0 0.0 0.0 0.0 0.0 0.0 0.0 0.0 0.0 0.0 0.0 0.0 0.0 0.0 1081.1 1388.1 1388.1 787.04 787.04 1710.1 1710.1 36.1 36.1 36.1 1075.04 1075.04 1278.04 1278.04 1278.04 1856.04 1721.04 1721.1 1150.1 1150.1 1150.1 1458.1 296.1 296.1 296.1 296.1 521.1 2022.1 2022.1 2022.1 2022.1 792.1 792.1 792.1 1624.1 1849.1 1849.1 1020.1 835.1 835.1 2275.1 2275.1 2350.1 0.11 0.11 0.11 0.11 0.11 363.04 363.04 305.04 305.04 305.04 241.04 241.04 241.04 2056.04
0.0 0.0 0.0 0.0 0.0 0.0 0.0 0.0 0.0 0.0 0.0 0.0 0.0 0.0 0.0 0.0 0.0 1388.04 1388.04 1388.04 1710.04 1710.04 1710.04 1710.04 36.04 36.04 2055.04 2055.04 1278.04 0.05 1278.04 1629.04 1856.04 1856.04 1150.1 1458.1 1458.1 1458.1 663.1 296.1 296.1 521.1 521.1 521.1 2022.1 2022.1 2022.1 792.1 792.1 792.1 1624.1 1624.1 275.1 1020.1 1020.1 835.1 2275.1 1794.1 0.11 0.11 0.11 0.11 0.11 0.11 654.04 363.04 363.04 1414.04 1414.04 241.04 241.04 241.04 401.04
0.0 0.0 0.0 0.0 0.0 0.0 0.0 0.0 0.0 0.0 0.0 0.0 0.0 0.0 0.0 0.0 0.0 0.0 1388.04 1700.04 1700.04 1710.04 1710.04 1710.04 36.04 2055.04 2055.04 2055.04 1278.04 1278.04 1629.04 1629.04 1856.04 1856.04 1458.1 1458.1 1458.1 663.1 663.1 663.1 521.1 521.1 521.1 521.1 2366.1 2022.1 569.1 792.1 792.1 1624.1 1624.1 620.1 52.1 275.1 275.1 835.1 1794.1 1794.1 1794.04 0.11 0.11 0.11 302.04 1029.04 654.04 654.04 654.04 0.11 1414.04 1414.04 1414.04 290.04 290.04
0.0 0.0 0.0 0.0 0.0 0.0 0.0 0.0 0.0 0.0 0.0 0.0 0.0 0.0 0.0 0.0 0.0 0.0 0.0 830.04 830.04 830.04 830.04 830.04 1409.04 191.04 191.04 191.04 191.04 1278.04 1629.04 1629.04 1629.04 1759.1 1754.1 1458.1 1458.1 663.1 663.1 663.1 1970.1 521.1 521.1 1581.1 2366.1 994.1 569.1 569.1 411.1 411.1 1476.1 669.1 52.1 275.1 1484.1 1484.1 1794.1 1794.1 1794.1 335.04 335.04 0.05 0.05 1029.04 1183.04 1183.04 0.11 0.11 1251.03 1251.04 290.04 290.04 290.04
0.0 0.0 0.0 0.0 0.0 0.0 0.0 0.0 0.0 0.0 0.0 0.0 0.0 0.0 0.0 0.0 0.0 0.0 0.0 830.04 830.04 1772.04 1772.04 1772.04 1409.04 1409.04 1409.04 191.04 191.04 1629.04 1629.04 1629.04 701.04 1759.1 1754.1 1754.1 663.1 663.1 663.1 663.1 1970.1 1970.1 1581.1 1581.1 994.1 994.1 569.1 569.1 411.1 411.1 1476.1 1686.1 669.1 1484.1 1484.1 1484.1 1484.1 1794.1 335.1 335.1 335.04 1739.04 1739.04 1739.04 1183.04 0.11 0.11 0.11 1251.04 1251.04 290.04 290.04 290.04
0.0 0.0 0.0 0.0 0.0 0.0 0.0 0.0 0.0 0.0 0.0 0.0 0.0 0.0 0.0 0.0 0.0 0.0 0.0 0.0 0.05 1772.04 1772.04 1772.04 1409.04 1409.04 1409.04 1889.04 1889.04 1889.04 520.04 520.04 701.1 701.1 1754.1 1754.1 268.1 268.1 1962.1 1962.1 1970.1 219.1 219.1 2132.1 2132.1 1987.1 1987.1 1464.1 1464.1 411.1 1476.1 1686.1 1686.1 1484.1 1484.1 1484.1 1484.1 867.1 335.1 335.1 335.04 335.04 1739.04 1739.04 1183.04 0.11 0.11 2031.04 2031.04 33.04 33.04 33.04 262.04
0.0 0.0 0.0 0.0 0.0 0.0 0.0 0.0 0.0 0.0 0.0 0.0 0.0 0.0 0.0 0.0 0.0 0.0 0.0 137.04 0.05 1361.04 0.05 1052.04 1409.04 1409.04 1889.04 1889.04 1889.04 1889.04 520.04 520.04 1436.1 1436.1 1436.1 1954.1 268.1 268.1 1962.1 1962.1 219.1 219.1 1546.1 2132.1 2132.1 2132.1 1511.1 45.1 45.1 45.1 1686.1 2034.1 2034.1 2034.1 2034.1 789.1 789.1 867.1 867.1 867.1 335.1 623.04 623.04 623.04 623.04 1279.04 2031.04 2031.04 2031.04 0.05 33.04 1687.04 1687.04
0.0 0.0 0.0 0.0 0.0 0.0 0.0 0.0 0.0 0.0 0.0 0.0 0.0 0.0 0.0 0.0 0.0 0.0 0.05 0.05 137.04 137.04 1052.04 0.05 1969.04 1409.04 1889.04 1889.04 1889.04 46.04 520.04 520.04 1436.04 1859.1 1954.1 1954.1 1954.04 268.04 1962.1 1962.1 1546.1 1546.1 1546.1 500.1 1010.1 1010.1 1511.1 1511.1 1511.1 613.1 613.1 613.1 2034.1 2034.1 1407.1 789.1 789.1 867.1 867.1 867.1 867.1 623.1 623.1 623.04 1724.04 1279.04 1279.04 1916.04 1916.04 33.04 33.04 1687.04 1687.04
0.0 0.0 0.0 0.0 0.0 0.0 0.0 0.0 0.0 0.0 0.0 0.0 0.0 0.0 0.0 0.0 0.0 0.0 0.05 0.05 0.05 0.05 0.05 0.05 1969.04 1969.04 1889.04 1889.04 46.04 46.04 46.04 46.04 1859.04 1859.1 1954.1 1954.04 814.04 319.04 319.04 319.1 1546.1 1546.1 1546.1 500.1 1010.1 1010.1 2293.1 2293.1 2293.1 613.1 613.1 613.1 613.1 2034.1 1407.1 1407.1 789.1 789.1 867.1 867.1 751.1 751.1 1459.1 1724.04 1724.04 1279.04 1279.04 1916.04 1916.04 1916.04 1687.04 1687.04 1687.04
0.0 0.0 0.0 0.0 0.0 0.0 0.0 0.0 0.0 0.0 0.0 0.0 0.0 0.0 0.0 0.0 0.0 0.0 0.0 0.05 1454.04 0.05 1703.04 1969.04 1969.04 1969.04 367.04 2253.04 46.04 46.04 46.04 1226.04 1226.04 1859.04 759.04 1954.04 814.04 319.04 319.04 1965.04 1965.1 1546.1 500.1 500.1 500.1 2262.1 2293.1 2293.1 1395.1 613.1 613.1 613.1 613.1 1407.1 1407.1 1407.1 789.1 789.1 1014.1 751.1 751.1 751.1 1459.1 1459.1 1724.04 1279.04 2093.04 2093.04 2093.04 419.04 419.04 419.04 2265.03
0.0 0.0 0.0 0.0 0.0 0.0 0.0 0.0 0.0 0.0 0.0 0.0 0.0 0.0 0.0 0.0 0.0 0.0 0.0 0.0 1703.04 0.05 1703.04 0.05 1969.04 367.04 367.04 2253.04 2253.04 2253.04 1226.04 1226.04 1226.04 759.04 759.04 759.04 1877.04 1877.04 1965.04 1965.04 1965.1 1965.1 1253.1 1253.1 1253.1 2262.1 2262.1 1395.1 1395.1 1395.1 1958.1 1958.1 1958.1 462.1 1478.1 1478.1 1478.1 1014.1 1014.1 1014.1 198.1 255.1 255.1 255.1 1746.04 1746.04 1079.04 1079.04 1079.04 419.04 419.04 419.03 2265.03
0.0 0.0 0.0 0.0 0.0 0.0 0.0 0.0 0.0 0.0 0.0 0.0 0.0 0.0 0.0 0.0 0.0 0.0 0.0 0.0 0.0 1703.04 1703.04 1703.04 1703.04 367.04 367.04 367.04 2253.04 2253.04 1226.04 1226.04 2043.04 759.04 759.04 759.04 1877.04 1877.04 312.04 1965.04 1965.04 1965.04 1253.1 1253.1 1253.1 2384.1 2384.1 1395.1 504.1 1169.1 1699.1 1958.1 1958.1 462.1 1478.1 1478.1 1478.1 1157.1 1014.1 1014.1 198.1 255.1 255.1 255.04 1746.04 1746.04 1079.04 1079.04 108.04 108.04 419.04 419.03 2265.03
0.0 0.0 0.0 0.0 0.0 0.0 0.0 0.0 0.0 0.0 0.0 0.0 0.0 0.0 0.0 0.0 0.0 0.0 0.0 0.0 0.0 0.0 0.0 0.0 0.0 367.04 367.04 367.04 367.04 2253.04 2253.03 2043.04 2043.04 2043.04 2043.04 759.04 1877.04 312.04 312.04 312.04 1965.04 1965.04 330.04 330.04 330.04 1238.1 1238.1 504.1 504.1 1169.1 1699.1 1699.1 1699.1 462.1 462.1 1478.1 1068.1 1157.1 1157.1 1157.1 198.1 2126.1 2126.04 2126.04 1746.04 1746.04 1079.04 331.04 108.04 108.04 108.04 108.04 396.03
0.0 0.0 0.0 0.0 0.0 0.0 0.0 0.0 0.0 0.0 0.0 0.0 0.0 0.0 0.0 0.0 0.0 0.0 0.0 0.0 0.0 0.0 0.0 0.0 0.0 0.0 0.05 367.04 367.04 587.04 587.03 920.04 2043.04 2043.04 2043.04 2043.04 312.04 312.04 576.04 576.04 576.04 576.04 330.04 1675.04 1675.04 1238.04 0.05 504.1 504.1 1169.1 1169.1 1699.1 1699.1 462.1 462.04 1068.1 1068.1 1068.1 1157.1 1353.1 836.04 2126.04 2126.04 2126.04 1544.04 1544.04 1544.04 331.04 331.04 108.04 1461.04 1461.04 396.03
0.0 0.0 0.0 0.0 0.0 0.0 0.0 0.0 0.0 0.0 0.0 0.0 0.0 0.0 0.0 0.0 0.0 0.0 0.0 0.0 0.0 0.0 0.0 0.0 0.0 0.0 0.0 367.04 587.04 587.04 587.04 920.04 920.04 1888.04 1888.04 2212.04 2212.04 576.04 576.04 576.04 576.04 638.04 1675.04 1675.04 1675.04 0.05 0.05 504.04 504.1 184.1 184.04 514.04 1468.04 1468.04 1587.04 1587.1 1068.1 1068.1 1353.04 1353.04 836.04 836.04 2126.04 2126.04 1544.04 1544.04 1544.04 1544.04 331.04 1461.04 1461.04 1461.04 1098.04
0.0 0.0 0.0 0.0 0.0 0.0 0.0 0.0 0.0 0.0 0.0 0.0 0.0 0.0 0.0 0.0 0.0 0.0 0.0 0.0 0.0 0.0 0.0 0.0 0.0 0.0 0.0 0.0 0.05 587.04 587.04 920.03 1888.03 1888.04 1888.04 2212.04 2212.04 2212.04 576.04 31.04 638.04 638.04 638.04 1675.04 1675.04 0.05 1001.04 1001.04 0.05 0.05 0.05 1468.04 1468.04 1468.04 1587.04 1587.04 1587.04 1176.04 1353.04 1353.04 1314.04 1314.04 570.04 570.04 1544.04 1544.04 1544.04 1359.04 1359.04 1461.04 1461.04 697.03 1098.03
0.0 0.0 0.0 0.0 0.0 0.0 0.0 0.0 0.0 0.0 0.0 0.0 0.0 0.0 0.0 0.0 0.0 0.0 0.0 0.0 0.0 0.0 0.0 0.0 0.0 0.0 0.0 1340.04 1127.04 587.04 848.04 848.04 848.04 1888.04 2212.04 2212.04 2212.04 2212.04 31.04 31.04 638.04 638.04 2159.04 2159.04 2286.04 0.05 1001.04 1001.04 1001.04 1001.04 514.04 1468.04 1468.04 1468.04 1587.04 1587.04 1176.04 1176.04 1176.04 1314.04 1314.04 570.04 570.04 570.04 773.04 773.04 1359.04 1359.04 1359.04 1443.04 697.04 697.04 697.03
0.0 0.0 0.0 0.0 0.0 0.0 0.0 0.0 0.0 0.0 0.0 0.0 0.0 0.0 0.0 0.0 0.0 0.0 0.0 0.0 0.0 0.0 0.0 0.0 0.0 0.0 1340.04 1340.04 40.04 2241.03 2241.04 848.04 848.04 848.04 2212.04 2212.04 2212.04 2212.04 859.04 859.04 1776.04 1776.04 2159.04 2159.04 2286.04 2286.04 553.04 553.04 1001.04 1001.04 514.04 2337.04 2337.04 2337.04 2337.04 1472.04 1472.04 1176.04 1176.04 1314.04 570.04 570.04 570.04 570.04 773.04 773.04 773.04 1443.04 1443.04 1443.04 697.04 697.03 697.04
0.0 0.0 0.0 0.0 0.0 0.0 0.0 0.0 0.0 0.0 0.0 0.0 0.0 0.0 0.0 0.0 0.0 0.0 0.0 0.0 0.0 0.0 0.0 0.0 0.0 864.04 1340.04 1340.04 40.04 2241.04 235.04 235.04 848.04 595.04 435.04 390.04 390.04 390.04 859.04 859.04 1776.04 1776.04 2159.04 2159.04 2286.04 2286.04 553.04 553.04 553.04 2167.04 2167.03 2337.04 2337.04 2337.04 1932.04 1472.04 1472.04 1472.04 822.04 1951.04 2192.04 2192.04 570.04 2199.04 773.04 773.03 773.04 2038.04 0.05 0.05 5.04 5.04 5.04
0.0 0.0 0.0 0.0 0.0 0.0 0.0 0.0 0.0 0.0 0.0 0.0 0.0 0.0 0.0 0.0 0.0 0.0 0.0 0.0 0.0 0.0 0.0 0.0 864.04 864.04 864.04 864.04 864.04 235.04 235.04 2249.04 595.04 595.04 435.04 390.04 390.04 390.04 1712.04 1712.04 1712.04 1776.04 2159.04 2159.04 2286.04 1231.04 1231.04 1231.03 1231.04 2167.04 2167.04 2167.04 2337.04 1516.04 1932.04 1932.04 1472.04 822.04 822.04 1951.04 2192.04 2192.04 2199.04 2199.04 1848.04 1848.04 2038.04 2038.04 0.05 1957.03 5.03 5.04 5.04
0.0 0.0 0.0 0.0 0.0 0.0 0.0 0.0 0.0 0.0 0.0 0.0 0.0 0.0 0.0 0.0 0.0 0.0 0.0 0.0 0.0 0.0 0.0 1477.04 1477.04 864.04 864.04 864.04 864.04 2249.04 2249.04 2249.04 595.04 0.05 0.05 435.04 390.04 390.04 1712.04 1712.04 1712.04 1712.04 2159.04 2159.04 2286.04 1231.04 1231.04 1231.04 1482.04 2167.04 2167.04 2167.04 1516.04 1516.04 1516.04 1932.04 0.04 822.04 7.04 7.04 1951.04 1096.04 2199.04 0.02 1848.04 1848.04 1848.04 1957.04 1957.04 1957.04 5.03 5.04 5.04
0.0 0.0 0.0 0.0 0.0 0.0 0.0 0.0 0.0 0.0 0.0 0.0 0.0 0.0 0.0 0.0 0.0 0.0 0.0 0.0 0.0 0.0 0.05 1477.04 1477.04 1140.04 1140.04 1140.04 0.05 2249.04 2249.04 1430.04 1430.04 435.04 435.04 435.04 852.04 852.04 852.04 852.04 1712.04 2109.04 2109.04 2109.04 2006.04 2006.04 2006.04 464.04 1482.04 1482.04 512.04 512.04 0.11 0.11 1516.04 0.04 0.04 1210.04 1210.04 979.04 979.04 889.04 889.04 0.05 0.05 0.05 1990.04 1957.04 1957.04 1957.04 5.04 5.04 479.04
0.0 0.0 0.0 0.0 0.0 0.0 0.0 0.0 0.0 0.0 0.0 0.0 0.0 0.0 0.0 0.0 0.0 0.0 0.0 0.0 0.0 1477.04 1477.04 1368.04 1368.04 1140.04 1140.04 1140.04 0.05 1034.04 1430.04 1430.04 1430.04 435.04 435.04 435.04 852.04 852.04 852.04 852.04 2274.04 2109.04 2109.04 2109.04 2006.04 0.05 0.05 464.04 464.04 512.04 512.04 512.04 0.11 0.11 557.04 557.04 557.04 102.04 1210.04 119.04 889.04 889.04 889.04 2389.04 2389.04 0.05 0.05 1990.04 1957.04 1957.04 1957.04 479.04 479.04
0.0 0.0 0.0 0.0 0.0 0.0 0.0 0.0 0.0 0.0 0.0 0.0 0.0 0.0 0.0 0.0 0.0 0.0 0.0 0.0 1477.04 1477.04 1368.04 1368.04 27.04 27.04 1140.04 1140.04 1034.04 1034.04 1034.04 141.04 141.04 2387.04 2387.04 1713.04 1713.04 0.05 827.04 827.04 2274.04 2274.04 2109.04 2109.04 2006.04 0.05 0.05 0.05 464.04 512.04 512.04 512.04 0.11 0.11 557.04 557.04 557.04 102.04 119.04 0.05 607.04 1438.04 1438.04 2389.04 2389.04 1990.04 1990.04 1666.04 1666.04 1957.03 479.04 479.04 479.04
0.0 0.0 0.0 0.0 0.0 0.0 0.0 0.0 0.0 0.0 0.0 0.0 0.0 0.0 0.0 0.0 0.0 0.0 0.0 915.04 915.04 1368.04 27.04 27.04 27.04 27.04 15.04 15.04 1034.04 1034.04 1034.04 141.04 141.04 2387.04 2387.04 0.05 0.05 0.05 827.04 159.04 2274.04 0.05 1623.04 2109.04 2006.04 2006.04 1938.04 0.05 1938.04 512.04 512.04 1578.04 1106.04 1106.04 1106.04 557.03 557.03 1362.04 1362.04 0.02 607.04 1438.04 1438.04 81.04 81.04 81.04 1666.04 1666.04 1666.04 1666.04 1328.04 600.04 600.04
0.0 0.0 0.0 0.0 0.0 0.0 0.0 0.0 0.0 0.0 0.0 0.0 0.0 0.0 0.0 0.0 0.0 0.0 1346.04 915.04 915.04 915.04 27.04 27.04 27.04 27.04 15.04 15.04 15.04 2329.04 2329.04 2329.04 1632.04 1632.04 1632.04 0.05 0.05 0.05 827.04 159.04 2274.04 1623.04 1623.04 1623.04 103.04 103.04 103.04 0.05 1938.04 2450.04 2450.04 1578.04 1106.04 1106.04 1106.03 1106.03 1362.04 1362.04 1362.04 1362.04 1438.04 1438.04 1438.04 81.04 81.04 1666.04 1666.04 1666.04 1666.04 1328.04 1328.04 1328.04 600.04
0.0 0.0 0.0 0.0 0.0 0.0 0.0 0.0 0.0 0.0 0.0 0.0 0.0 0.0 0.0 0.0 0.0 1346.04 1346.03 915.03 915.04 915.04 27.04 27.04 27.04 1833.04 448.04 448.04 448.04 2329.04 2329.04 1151.04 1151.04 1151.04 1151.04 518.04 1713.04 0.05 67.04 67.04 67.04 1623.04 1623.04 1623.04 103.04 103.04 103.04 1360.04 2214.04 2450.04 2450.04 1578.04 1715.04 1715.03 1715.03 1106.03 1362.04 1362.04 1362.04 2273.04 2273.04 1438.04 1194.04 1194.04 1194.04 1798.04 1798.04 1666.04 1666.04 1328.04 1328.04 1328.04 600.04
0.0 0.0 0.0 0.0 0.0 0.0 0.0 0.0 0.0 0.0 0.0 0.0 0.0 0.0 0.0 0.0 1346.04 1346.04 1346.04 915.03 0.05 0.05 0.05 2156.04 2156.04 1833.04 1833.04 1833.04 448.04 448.04 1013.04 1013.04 1013.04 1151.04 518.04 518.04 1069.04 1069.03 1818.04 1818.04 1818.04 1623.04 0.05 0.05 103.04 103.04 103.04 2214.04 2214.04 2214.04 2450.04 1578.03 1715.03 1715.03 1715.03 9.03 9.04 9.04 2273.04 2273.04 2273.04 551.04 1194.04 1194.04 1194.04 1798.04 1798.04 1798.03 893.04 893.04 1328.03 1328.04 1382.04
0.0 0.0 0.0 0.0 0.0 0.0 0.0 0.0 0.0 0.0 0.0 0.0 0.0 0.0 0.0 903.04 903.04 1346.04 1346.04 915.04 0.05 0.05 0.05 0.05 2156.04 1833.04 1833.04 1833.04 2321.04 0.05 1298.04 1013.04 1013.04 2285.04 59.04 59.04 1069.03 1069.04 1818.04 1818.04 1818.04 170.04 1593.04 1593.04 1593.04 103.04 103.04 625.04 625.04 625.04 126.04 126.04 1715.03 1715.03 1715.03 9.03 9.03 9.04 2273.04 2273.04 2273.04 551.04 551.04 1194.04 1194.04 1798.03 1798.03 1929.03 1929.03 893.03 893.04 893.04 1382.04
