Inputs/GridInputs/LU&ParcGridDiohine50.asc
ncols         123
nrows         134
xllcorner     -1693877.958766256
yllcorner     3174597.0031306315
dx            50.05864128255762
dy            50.20989846990013
[rows 66 to 98 of 134, columns 0 to 73 of 123]
0.0 1892.03 1892.03 989.1 989.1 1425.1 1425.1 1425.1 558.1 1005.1 1791.04 382.04 382.04 382.04 2037.04 2037.04 2037.04 2037.04 1319.04 112.04 112.04 1455.04 70.04 0.05 144.04 144.04 384.04 384.04 2295.04 2295.04 2177.04 531.04 531.04 988.04 1365.04 1365.04 1756.04 859.04 859.04 385.04 385.04 385.04 992.04 992.04 1836.04 1836.04 663.04 663.04 663.04 663.04 499.04 499.04 499.04 1924.04 1899.04 426.04 1856.04 1856.04 626.04 0.11 644.04 1687.04 1687.04 1687.04 1257.04 1398.04 1398.04 1438.04 396.04 396.04 996.03 2385.03 580.03 580.03
0.13 0.05 1037.1 989.1 989.1 1425.1 1425.1 558.1 558.1 1619.1 1791.1 752.04 752.04 752.04 127.04 2370.04 2370.04 2370.04 1319.04 1319.04 1637.04 0.05 1495.04 784.03 144.03 144.1 1160.04 2064.04 2064.04 2177.04 2177.04 645.04 30.04 30.04 1365.04 1535.04 1535.04 923.04 923.04 385.04 385.04 0.05 1503.04 992.04 992.04 1836.04 401.04 401.04 401.04 401.04 722.04 499.04 499.04 1671.04 2222.04 2222.04 163.04 1856.04 0.11 0.11 644.04 644.04 1687.04 1257.04 1257.04 1398.04 1398.04 1438.04 396.04 396.04 2369.03 2356.03 492.03 492.03
1712.04 1712.1 1037.1 1037.1 2282.1 2282.1 1425.1 558.1 1619.1 1331.1 1791.1 1791.04 752.03 127.03 127.04 127.04 2370.04 2370.04 1319.04 1319.04 1637.04 1637.04 1495.04 784.1 784.1 144.1 1160.1 267.1 2241.04 2241.04 645.04 645.04 30.04 30.04 30.04 1535.04 1708.04 923.04 923.04 572.04 1503.04 1503.04 1503.04 992.04 992.04 1905.04 1905.04 1905.04 401.04 688.04 722.04 722.04 722.04 722.04 2222.04 163.04 163.04 0.11 0.11 0.11 0.11 1101.04 1246.04 1246.04 1257.04 1398.03 0.11 82.03 82.03 82.03 2369.03 2369.03 0.02 0.02
1383.1 1712.1 1037.1 1060.1 2282.1 1127.1 1352.1 1352.1 1619.1 786.1 1206.1 1206.04 1206.04 1184.03 127.04 127.04 2384.04 2384.04 2384.04 0.05 2224.03 2207.03 2207.1 2333.1 2333.1 267.1 267.1 267.1 301.04 952.04 1519.04 2366.04 1605.04 1605.04 30.04 1514.1 1708.04 923.04 2324.04 572.04 1639.04 1503.04 1503.04 2025.04 417.04 1905.04 688.04 688.04 688.04 688.04 722.04 722.03 722.04 722.04 1072.04 1072.04 163.04 163.04 1116.04 1101.04 1101.04 1101.04 1246.04 1246.04 1246.04 329.03 0.11 0.11 82.03 82.03 2369.03 2369.03 1435.03 1435.03
1383.1 1383.1 1613.1 1613.1 1060.1 1127.1 1352.1 1352.1 419.1 786.1 786.04 1206.04 1184.04 1184.04 1184.04 629.04 2374.04 2384.1 2384.1 2224.1 2224.1 2207.1 2207.1 2333.1 2333.1 1734.1 446.1 446.1 1927.04 1927.04 2366.04 1605.04 1605.1 1605.1 202.1 202.1 202.1 819.04 2324.04 1639.04 1639.04 1441.04 2025.04 2025.04 417.04 417.04 688.04 688.04 688.04 85.04 85.04 251.04 251.04 251.03 1072.03 1072.04 1072.04 1116.04 1116.04 1982.04 1101.04 1101.04 1101.04 1246.04 329.04 329.03 329.03 1802.03 82.03 297.04 297.04 1435.03 1435.03 340.03
0.0 1613.1 1613.1 757.1 757.1 757.1 1352.1 419.1 419.04 419.04 786.04 554.04 554.04 388.04 629.04 629.1 1766.1 2374.1 1156.1 1156.1 2207.1 2207.1 753.1 753.1 556.1 171.1 1734.1 446.1 1927.1 362.04 362.04 362.1 1605.1 1605.1 202.1 202.1 202.1 819.1 819.1 1750.1 1441.04 1339.04 295.04 2025.04 417.04 417.04 688.04 85.1 85.04 85.04 1388.04 251.04 251.04 251.04 1701.04 1072.04 1072.04 1116.04 1116.04 1982.03 1292.03 1292.04 2273.04 1965.04 1965.04 2271.04 1802.03 1802.03 1802.03 297.04 297.04 297.03 1435.03 1967.03
0.0 1816.1 1816.1 1816.1 757.1 26.1 26.1 26.1 0.02 19.04 19.04 554.04 554.04 388.1 1286.1 1766.1 1766.1 2374.1 672.1 672.1 1282.1 31.1 753.1 556.1 556.1 171.1 1882.1 1611.1 320.1 362.1 362.1 727.1 880.1 880.1 708.1 708.1 708.1 534.1 1223.1 1750.1 1339.1 1339.1 295.1 295.1 417.1 417.1 417.1 197.1 197.1 1388.1 1388.04 251.04 251.04 2350.04 2350.04 1701.03 1072.03 1116.04 1116.04 1982.04 1292.04 1292.04 2273.04 1190.04 1965.04 2271.03 1802.03 1802.03 1621.04 1621.04 297.04 297.03 1711.03 1711.03
0.0 0.13 1816.1 1356.1 1064.1 26.1 26.1 26.1 19.1 0.08 19.04 601.04 554.04 1906.1 1048.1 1048.1 2181.1 2181.1 672.1 1282.1 1282.1 31.1 31.1 1988.1 1988.1 357.1 1826.1 1611.1 320.1 320.1 550.1 550.1 727.1 880.1 708.1 708.1 438.1 438.1 534.1 1602.1 684.1 600.1 600.1 1318.1 2105.1 2105.1 2105.1 197.1 197.1 1388.1 1388.04 1388.04 2350.04 0.05 2350.04 2350.04 1543.04 1543.04 2359.04 1982.04 1292.04 2273.04 1190.04 1190.04 1190.04 2271.04 1802.04 11.04 1621.04 1788.04 1788.04 1788.04 646.04 646.03
0.0 0.13 542.1 542.1 1064.1 1064.1 26.1 26.1 19.1 19.1 19.04 601.04 802.1 2392.1 1048.1 1048.1 2181.1 2181.1 638.1 1282.1 1754.1 31.1 31.1 854.1 854.1 357.1 1826.1 1826.1 529.1 529.1 529.1 550.1 2210.1 1322.1 1452.1 708.1 438.1 1263.1 236.1 1602.1 684.1 2192.1 2192.1 1318.1 2105.1 2105.1 853.1 853.1 35.1 35.1 35.1 35.04 1359.04 1359.04 1359.04 1323.04 1323.04 1543.04 2359.03 0.05 0.11 2174.04 1190.04 1190.04 1190.04 327.04 11.04 11.04 11.04 1762.04 1762.04 1762.04 646.04 646.03
0.0 542.03 542.1 542.1 1064.1 1064.1 368.1 368.1 2146.1 2146.1 601.1 802.1 802.1 1440.1 1440.1 1440.1 2320.1 2320.1 638.1 1357.1 1754.1 1754.1 854.1 854.1 750.1 750.1 342.1 1443.1 1443.1 529.1 1676.1 1676.1 2210.1 1322.1 1452.1 1743.1 1743.1 1263.1 236.1 236.1 1193.1 2192.1 2192.1 1231.1 1231.1 853.1 853.1 853.1 35.1 35.1 35.04 35.04 1359.04 1359.03 1359.03 0.11 1323.04 1323.03 2174.04 0.05 0.11 0.11 0.11 805.04 805.04 327.04 1779.04 713.03 713.04 1762.04 1762.04 1747.03 1747.03 646.03
0.0 0.0 0.0 1064.04 1064.1 1064.1 368.1 368.1 2146.1 2146.1 2146.1 545.1 545.1 809.1 1440.1 2229.1 1682.1 1682.1 1357.1 1357.1 1357.1 565.1 565.1 750.1 750.1 750.1 342.1 342.1 1443.1 1443.1 1676.1 1676.1 2210.1 1322.1 1595.1 1595.1 1743.1 236.1 236.1 2383.1 1923.1 966.1 966.1 1653.1 1653.1 853.1 853.1 853.1 35.1 35.1 673.04 673.04 673.04 945.04 945.04 945.04 945.04 0.05 0.05 2174.04 509.04 509.03 805.04 805.04 327.04 327.04 1779.04 1779.04 713.04 1867.04 1867.03 1747.03 1747.03 269.03
0.0 0.0 0.0 0.0 1064.03 368.1 368.1 368.1 368.1 2146.1 2146.1 545.1 545.1 809.1 15.1 15.1 2229.1 1682.1 1682.1 1700.1 1700.1 565.1 565.1 1354.1 1354.1 750.1 337.1 337.1 1443.1 807.1 807.1 807.1 807.1 1553.1 1553.1 1595.1 1595.1 2383.1 2383.1 2383.1 1249.1 966.1 1266.1 1266.1 1653.1 1653.1 22.1 22.1 1254.1 1254.1 673.04 673.04 1321.04 1992.04 945.04 945.04 945.04 0.05 0.05 904.04 509.04 509.04 805.04 1869.04 327.04 327.04 2007.04 1779.04 1914.04 1914.04 1747.03 1747.03 28.03 269.03
0.0 0.0 0.0 0.0 0.0 0.0 0.0 0.0 0.0 0.0 0.0 0.0 715.1 715.1 747.1 1741.1 1741.1 2229.1 2026.1 1700.1 1700.1 489.1 1354.04 1354.04 1354.04 337.04 337.1 337.1 2397.1 2397.1 807.1 807.1 97.1 97.1 1553.1 2248.1 2248.1 2248.1 2383.1 2383.1 1249.1 2249.1 2249.1 2249.1 901.1 519.1 22.1 22.1 1254.1 0.11 673.04 1540.04 1321.04 1992.04 1992.04 945.04 1511.04 1511.04 0.05 904.04 904.04 1774.04 1869.04 607.04 607.04 386.03 386.03 863.03 1914.03 1914.04 2361.04 2361.03 28.03 269.03
0.0 0.0 0.0 0.0 0.0 0.0 0.0 0.0 0.0 0.0 0.0 0.0 0.0 715.1 747.1 747.04 1741.04 1222.1 1222.1 2026.1 2026.04 489.04 1344.04 0.05 1344.04 836.04 337.04 2397.1 2397.1 2397.1 97.1 97.1 97.1 97.1 2406.1 2248.1 2248.1 2248.1 801.1 801.1 200.1 2249.1 1073.1 1073.1 901.1 519.1 917.1 0.11 0.11 0.11 0.11 1540.04 1321.04 1992.04 1992.04 1511.04 1511.04 1511.04 904.04 998.04 998.04 2216.04 2216.04 607.04 0.02 712.03 712.03 863.03 681.03 872.03 1781.03 2361.04 818.03 818.04
0.0 0.0 0.0 0.0 0.0 0.0 0.0 0.0 0.0 0.0 0.0 0.0 0.0 0.0 747.04 747.04 1222.04 1222.04 1222.04 2026.04 2396.04 2396.04 1344.04 1344.04 1344.04 2287.04 836.04 836.1 1822.1 1822.1 699.1 699.1 97.1 2406.1 2406.1 2248.1 2248.1 2248.1 801.1 801.1 200.1 194.1 1306.1 1073.1 901.1 519.1 917.1 0.11 0.11 0.11 0.11 1052.04 1052.04 1052.04 2.04 2.04 1511.04 2363.04 360.04 360.04 1806.04 1806.04 778.04 510.04 0.11 0.11 712.03 68.04 68.03 872.03 1781.03 2015.03 818.04 0.02
0.0 0.0 0.0 0.0 0.0 0.0 0.0 0.0 0.0 0.0 0.0 0.0 0.0 0.0 0.0 333.04 333.04 1189.04 1189.04 1189.04 1662.04 1662.04 1662.04 1344.04 2287.04 2287.04 836.04 782.1 1822.1 1822.1 699.1 699.1 699.1 2406.1 2406.1 1634.1 1634.1 1714.1 801.1 1285.1 200.1 194.1 1428.1 1306.1 1870.1 917.1 917.1 917.04 1710.04 0.05 248.04 845.04 1031.04 0.11 0.11 448.04 2.04 2363.04 2363.04 360.04 360.04 778.04 778.04 510.04 510.04 99.03 1640.04 68.04 690.04 690.03 2015.03 2015.03 2015.03 2133.03
0.0 0.0 0.0 0.0 0.0 0.0 0.0 0.0 0.0 0.0 0.0 0.0 0.0 0.0 0.0 1189.04 1189.04 2092.04 2092.04 2179.04 2179.04 1662.04 1662.04 1662.04 2287.04 2287.04 886.1 782.1 782.1 699.1 699.1 699.1 193.1 193.1 518.1 1634.1 953.1 1714.1 608.1 1285.1 2234.1 1652.1 1870.1 1870.1 1870.1 1870.1 1710.1 1710.1 1710.04 1835.04 1835.04 1031.04 1031.04 0.11 0.11 448.04 448.04 2363.04 2363.04 229.04 229.04 778.04 2223.04 2223.04 510.04 99.04 1417.04 1297.03 690.03 759.03 759.03 1377.03 2133.03 2133.03
0.0 0.0 0.0 0.0 0.0 0.0 0.0 0.0 0.0 0.0 0.0 0.0 0.0 0.0 0.0 0.0 0.05 2092.04 2092.04 2179.04 2179.04 2179.04 214.04 214.04 264.04 264.04 1144.1 1144.1 782.1 1794.1 1794.1 1582.1 193.1 2412.1 2412.1 77.1 1459.1 1459.1 608.1 25.1 2234.1 1652.1 1870.1 1870.1 1870.1 1796.1 787.1 1710.1 1710.1 1710.04 1835.04 1031.04 1031.04 2136.04 2136.04 2095.04 2095.04 2095.04 229.04 229.04 0.11 1623.04 1623.04 2223.04 210.04 210.04 210.04 0.11 0.11 759.03 759.03 0.02 317.03 1255.04
0.0 0.0 0.0 0.0 0.0 0.0 0.0 0.0 0.0 0.0 0.0 0.0 0.0 0.0 0.0 206.04 206.04 2357.04 0.05 1374.04 2179.04 214.04 214.04 214.04 264.04 264.04 1114.1 1114.1 37.1 1794.1 1794.1 1582.1 2412.1 1488.1 1488.1 77.1 77.1 1766.1 1766.1 25.1 981.1 1074.1 1074.1 1074.1 1796.1 1796.1 787.1 787.1 787.1 44.1 44.04 44.04 1402.04 1402.04 2136.04 0.05 2095.04 2135.04 2135.04 0.11 0.11 1623.04 1623.04 1623.04 210.04 210.04 210.04 0.11 0.11 759.03 759.03 1563.03 890.03 1070.03
0.0 0.0 0.0 0.0 0.0 0.0 0.0 0.0 0.0 0.0 0.0 0.0 0.0 0.0 0.0 0.05 0.05 0.05 0.05 1374.04 1374.04 214.04 214.04 110.04 110.04 110.04 173.1 173.1 37.1 650.04 367.04 367.1 1488.1 1488.1 309.1 1197.1 1197.1 1766.1 1766.1 1766.1 981.1 981.1 1074.1 2043.1 2043.1 1796.1 787.1 787.1 1521.1 1521.1 44.1 2090.04 1402.04 1402.04 482.04 482.04 2135.04 2135.04 2135.04 1758.04 1758.04 1623.04 1623.04 1623.04 1303.04 210.04 210.04 210.04 759.04 759.03 1563.03 0.11 890.03 1609.03
0.0 0.0 0.0 0.0 0.0 0.0 0.0 0.0 0.0 0.0 0.0 0.0 0.0 0.0 0.0 0.05 2075.04 1065.04 1374.04 1374.04 1374.04 379.04 379.04 110.04 110.04 885.04 173.04 173.04 37.04 650.04 367.04 367.04 900.1 1488.1 309.1 309.1 865.1 1175.1 1175.1 319.1 981.1 981.1 981.1 2043.1 2043.1 1796.1 1796.1 787.1 1521.1 1521.1 2300.1 2090.04 1402.04 829.04 829.04 482.04 203.04 203.04 9.04 1758.04 1758.04 290.04 290.03 1303.03 1303.04 1303.04 1303.04 279.03 0.11 0.11 0.11 0.11 1202.04 1609.04
0.0 0.0 0.0 0.0 0.0 0.0 0.0 0.0 0.0 0.0 0.0 0.0 0.0 0.0 0.0 0.0 1065.04 0.05 1065.04 1374.04 1618.04 1618.04 379.04 379.04 885.04 885.04 974.04 974.04 974.04 2010.04 2010.04 900.04 900.04 900.1 1087.1 1087.1 865.1 865.1 319.1 319.1 1690.1 1690.1 1690.1 271.1 271.1 271.1 440.1 440.1 1217.1 1681.1 1681.1 1709.04 1709.04 1972.04 1972.04 203.04 203.04 203.03 9.03 9.04 290.04 290.03 2332.04 1303.04 1303.04 1303.04 279.04 279.04 0.11 0.11 1202.04 1202.04 1202.04 1609.04
0.0 0.0 0.0 0.0 0.0 0.0 0.0 0.0 0.0 0.0 0.0 0.0 0.0 0.0 0.0 0.0 0.0 0.0 1065.04 1065.04 1618.04 1618.04 1618.04 379.04 379.04 1848.04 1848.04 974.04 974.04 2010.04 2422.04 2422.04 900.04 900.04 2298.04 1087.1 1439.1 1439.1 1165.1 1174.1 1507.1 1507.1 561.1 561.1 271.1 271.1 1717.1 1717.1 1217.1 424.1 1681.04 1709.04 1709.04 1972.04 1972.04 1261.04 1261.04 203.04 9.03 9.04 290.04 1636.04 2332.04 1951.04 1951.04 279.04 279.04 279.04 856.03 856.04 856.04 1202.04 1315.04 1315.04
0.0 0.0 0.0 0.0 0.0 0.0 0.0 0.0 0.0 0.0 0.0 0.0 0.0 0.0 0.0 0.0 0.0 0.0 0.0 0.0 0.0 0.05 1618.04 1618.04 379.03 1848.04 1848.04 1848.04 1848.04 2422.04 2422.04 2270.04 2270.04 2298.04 2298.04 2298.04 1534.04 1534.1 1165.1 1174.1 1174.1 1507.1 561.1 561.1 416.1 416.1 1717.1 1717.1 2027.1 424.03 424.04 424.04 418.04 418.04 2328.04 2328.04 1261.04 124.04 124.03 124.04 1267.04 1636.04 2332.04 1951.04 2250.04 313.04 964.04 964.03 856.03 856.04 856.04 1315.04 1315.03 1315.03
0.0 0.0 0.0 0.0 0.0 0.0 0.0 0.0 0.0 0.0 0.0 0.0 0.0 0.0 0.0 0.0 0.0 0.0 0.0 0.0 0.0 0.0 1596.04 546.04 546.04 1583.04 1002.04 1002.04 1111.04 1111.04 2270.04 2270.04 2270.04 2115.04 929.04 929.04 0.05 0.05 1165.04 765.1 765.1 2259.04 2259.04 1235.04 1235.1 416.1 416.1 813.04 813.04 2027.04 424.04 418.04 418.04 418.04 2328.04 1180.04 1180.04 1180.04 502.04 124.04 1267.04 1636.04 1636.04 2250.03 2250.04 313.04 964.03 964.03 856.03 856.04 1887.04 1887.03 0.11 142.03
0.0 0.0 0.0 0.0 0.0 0.0 0.0 0.0 0.0 0.0 0.0 0.0 0.0 0.0 0.0 0.0 0.0 0.0 0.0 0.0 0.0 0.0 0.05 546.04 546.04 1583.04 1002.04 1002.04 1111.04 1111.04 1111.04 226.04 2115.04 2115.04 2099.04 929.04 0.05 2080.04 2080.04 0.05 0.05 2259.04 2259.04 1235.04 1235.04 1235.04 2243.04 813.04 2433.04 2433.04 1162.04 1162.04 418.04 418.04 1349.04 1349.04 1180.04 1347.04 502.03 502.04 1267.04 2127.04 2250.04 2250.04 700.04 700.04 700.03 964.04 677.04 677.03 1887.03 1887.03 0.11 142.03
0.0 0.0 0.0 0.0 0.0 0.0 0.0 0.0 0.0 0.0 0.0 0.0 0.0 0.0 0.0 0.0 0.0 0.0 0.0 0.0 0.0 1985.04 2082.04 1998.04 1998.04 1643.04 1643.04 1002.04 1111.04 1111.04 2299.04 226.04 226.04 2115.04 2099.04 352.04 352.04 620.04 2080.04 2080.04 1216.04 2259.04 1080.04 1080.04 1235.04 2243.04 2243.04 2243.04 2433.04 1162.04 1162.04 1162.04 1565.04 1565.04 1349.04 1467.04 1347.04 1347.04 1347.04 1530.04 1530.04 2127.04 711.03 604.04 604.04 700.04 700.04 2388.03 677.03 677.03 1887.03 0.11 0.11 1371.04
0.0 0.0 0.0 0.0 0.0 0.0 0.0 0.0 0.0 0.0 0.0 0.0 0.0 0.0 0.0 0.0 0.0 0.0 0.0 0.0 2158.04 1985.04 2082.04 1998.04 1998.04 2312.04 1643.04 504.04 1111.04 575.04 2299.04 2299.04 1940.04 1940.04 2099.04 352.04 352.04 620.04 620.04 2267.04 2267.03 1080.04 1080.04 1080.04 1476.04 1476.04 1476.04 1725.04 1665.04 1162.04 1162.04 1565.04 1565.04 1565.04 2341.04 0.05 1238.04 1238.04 1530.04 1530.04 2127.04 2127.04 711.04 1112.04 604.04 604.03 2388.04 2388.04 1826.03 1826.04 1808.04 1808.04 0.11 0.11
0.0 0.0 0.0 0.0 0.0 0.0 0.0 0.0 0.0 0.0 0.0 0.0 0.0 0.0 0.0 0.0 0.0 0.0 0.0 2158.04 2158.04 2158.04 2158.04 2312.04 2312.04 159.04 1290.04 504.04 575.04 575.04 575.04 1059.04 1059.04 1940.04 2099.04 352.04 352.04 1057.03 1057.04 2267.04 2267.04 1080.04 1080.04 1363.04 1293.04 1476.04 1964.04 2414.04 1665.04 1665.04 1891.04 1891.04 272.04 2341.04 2341.04 0.05 1238.03 1238.04 1238.04 1530.04 2127.04 711.04 711.04 1112.04 1112.04 655.03 675.03 2388.04 277.04 277.04 1685.04 1685.04 0.11 920.03
0.0 0.0 0.0 0.0 0.0 0.0 0.0 0.0 0.0 0.0 0.0 0.0 0.0 0.0 0.0 0.0 0.0 0.0 2346.04 2346.04 2158.04 2158.04 0.05 159.04 159.04 1169.04 1290.04 0.05 504.04 575.04 575.04 1059.04 1059.04 1059.04 1889.04 1944.04 1057.04 1057.04 1378.04 1378.04 2267.04 2267.04 1363.04 1363.04 1363.04 2281.04 1964.04 2414.04 907.04 400.04 1891.04 1891.04 272.04 272.04 325.04 325.04 1238.03 1238.04 1238.04 1213.04 1213.04 711.04 711.04 1112.04 1112.03 675.04 675.03 2059.03 658.04 658.04 658.04 1685.04 0.11 0.11
0.0 0.0 0.0 0.0 0.0 0.0 0.0 0.0 0.0 0.0 0.0 0.0 0.0 0.0 0.0 0.0 0.0 2346.04 2346.04 1984.04 187.04 187.04 187.04 0.05 855.04 855.04 855.04 504.04 504.04 1949.04 1949.04 1949.04 1059.04 1889.04 1889.04 1944.04 0.05 0.05 1832.04 1562.04 1562.04 1562.04 0.11 1363.04 1695.04 2281.04 2173.04 2173.04 907.04 1579.04 1579.04 0.05 0.05 0.05 325.04 325.04 325.04 1238.04 147.04 1213.04 1213.04 1213.04 1688.04 1688.03 1862.04 1862.03 1298.03 2059.04 1477.04 658.04 120.04 1685.04 0.11 0.11
0.0 0.0 0.0 0.0 0.0 0.0 0.0 0.0 0.0 0.0 0.0 0.0 0.0 0.0 0.0 0.0 2346.04 2346.04 1984.04 1984.04 1568.04 187.04 187.04 1817.04 1817.04 2330.04 2330.04 2402.04 180.04 1949.04 1949.04 1163.04 2006.04 1889.04 1889.04 1889.04 0.05 0.05 1832.04 1562.04 1562.04 1562.04 0.11 0.11 1695.04 1695.04 387.04 1200.04 559.04 1579.04 1980.04 1980.04 1894.04 1894.04 1894.04 325.04 325.04 147.04 147.04 147.04 1213.04 1213.03 1688.04 1688.04 1862.04 1862.03 1298.03 133.04 1477.04 120.04 120.04 0.11 0.11 0.11
0.0 0.0 0.0 0.0 0.0 0.0 0.0 0.0 0.0 0.0 0.0 0.0 0.0 0.0 0.0 2427.04 2427.04 1984.04 1568.04 1568.04 1568.04 2195.04 2195.04 1817.04 1817.04 2330.04 2330.04 2402.04 0.05 0.05 0.05 1163.04 2151.04 2006.04 1889.04 1889.04 1944.04 1649.04 0.05 1562.04 1562.04 1179.04 1179.04 1179.04 1695.04 179.03 179.04 179.04 559.04 1430.04 1430.04 433.04 433.04 420.04 420.04 420.04 122.04 2263.04 147.04 147.04 147.03 1885.04 1688.04 1688.04 1416.04 2372.04 2372.04 1393.04 1477.04 120.04 120.04 1258.04 1258.04 1258.03
