Inputs/GridInputs/LU&ParcGridDiohine10.asc
ncols         615
nrows         672
xllcorner     -1693877.958766256
yllcorner     3174597.0031306315
dx            10.011728256511525
dy            10.012092849652705
[rows 416 to 447 of 672, columns 355 to 425 of 615]
2007.03 0.02 2007.03 2007.03 2007.03 2007.03 1365.03 1365.03 1365.03 1365.03 0.02 0.02 2205.04 2205.04 2205.03 2205.03 2205.03 1301.03 0.02 1301.04 1301.04 0.02 0.01 0.01 0.02 1301.03 1301.03 146.03 146.03 146.03 146.03 0.02 0.02 0.02 146.03 146.03 0.02 1531.03 1531.03 0.02 1531.03 1531.03 1531.03 1531.03 0.01 0.01 0.01 0.01 0.02 1143.03 1143.03 1143.03 1143.03 1143.03 1143.03 1143.03 1143.03 1143.03 1119.03 1119.03 1119.03 0.02 1119.04 1119.04 1119.04 1119.03 99.03 99.03 99.03 99.03 99.03
2007.03 0.02 2007.03 2007.03 2007.03 1365.03 1365.03 1365.03 1365.03 1365.03 0.02 0.02 2205.04 2205.03 2205.03 2205.03 2205.03 2205.03 0.02 0.02 0.02 0.01 0.01 0.01 1301.03 1301.03 1301.03 146.03 146.03 146.03 146.03 146.03 146.03 0.02 0.02 146.03 1531.03 1531.03 1531.03 1531.03 1531.03 1531.03 1531.03 0.01 0.01 0.01 0.01 0.01 1143.03 1143.03 1143.03 1143.03 1143.03 1143.03 1143.03 1143.03 1143.03 1119.03 1119.03 1119.03 1119.03 0.05 1119.04 0.05 1119.03 1119.03 1119.03 99.03 99.03 99.03 99.03
2007.03 0.02 2007.03 2007.03 1365.03 1365.03 1365.03 1365.03 1365.03 0.02 2205.04 2205.04 2205.04 2205.03 2205.03 2205.03 2205.03 2205.03 1301.03 1301.03 0.02 0.02 0.02 0.02 0.02 1301.03 1301.03 146.03 146.03 0.02 146.03 146.03 146.03 146.03 146.03 1531.03 0.01 0.01 0.01 0.01 1531.03 1531.03 1531.03 0.01 0.01 0.01 0.01 1143.03 1143.03 1143.03 1143.03 1143.03 1143.03 1143.03 1143.03 1143.03 1119.03 1119.03 1119.03 1119.03 1119.03 0.05 0.05 1119.03 1119.03 1119.03 1119.03 99.03 99.03 99.03 99.03
2007.03 0.02 0.02 0.02 1365.03 1365.03 1365.03 1365.03 1365.03 2205.04 2205.04 2205.04 2205.04 0.02 2205.03 2205.03 1884.03 1884.03 1884.03 1301.03 1301.03 1301.03 1301.03 0.02 0.02 1301.03 1301.03 146.03 0.02 0.02 0.02 146.03 146.03 146.03 1531.03 0.02 0.01 0.01 0.01 0.01 0.01 1531.03 1531.03 0.02 0.01 0.01 0.01 1143.03 1143.03 0.02 0.02 0.02 1143.04 1143.03 1143.03 1119.03 1119.03 1119.03 1119.03 1119.03 1119.03 0.05 0.05 1119.03 1119.03 1119.03 1119.03 1119.03 99.03 99.03 99.03
0.02 0.02 0.02 0.02 0.02 1365.03 1365.03 1365.03 1365.03 2205.03 2205.03 2205.04 2205.04 0.02 0.02 1884.03 1884.03 1884.03 1884.03 1884.03 1301.03 1301.03 1301.03 0.02 0.01 0.01 0.01 146.03 146.03 0.02 146.03 146.03 146.03 1531.03 1531.03 1531.03 0.01 0.01 0.01 0.01 0.01 0.02 0.06 0.06 0.02 0.02 0.02 0.02 0.02 1143.03 0.02 0.02 0.02 0.02 1119.03 1119.03 1119.03 1119.03 1119.03 1119.03 1119.03 0.05 0.05 1119.03 1119.03 1119.03 1119.03 1119.03 1119.03 99.03 99.03
1312.04 1312.04 1312.04 1312.03 0.02 0.02 1365.03 428.03 428.03 2205.03 2205.03 2205.03 1884.03 1884.03 1884.03 1884.03 0.02 1884.03 1884.03 1884.03 1301.03 1301.03 0.02 0.02 0.01 0.01 0.01 230.03 146.03 146.03 146.03 0.01 1531.03 1531.03 1531.03 1531.03 0.02 0.01 0.01 0.01 0.01 2167.03 0.02 0.02 0.02 2167.03 2167.03 1143.03 0.02 1143.04 0.02 0.02 0.02 0.02 1119.03 1119.03 1119.03 1119.03 1119.03 1119.03 1119.03 0.05 0.05 0.05 1119.03 1119.03 1119.03 1119.03 1119.03 1119.03 1454.03
1312.03 1312.04 1312.03 1312.03 0.02 0.02 0.02 0.02 0.02 428.03 2205.03 1884.03 1884.03 1884.03 1884.03 0.02 0.02 1884.03 1884.03 1884.03 230.03 230.03 230.03 0.02 0.01 0.01 0.01 230.03 230.03 230.03 0.01 0.01 0.01 0.01 1531.03 1531.03 1531.03 0.02 0.01 0.01 0.01 2167.03 0.02 0.02 0.02 2167.03 2167.03 2167.03 1143.03 1143.04 1143.04 0.02 0.02 1119.04 1119.03 1119.03 1119.03 1119.03 1119.03 1119.03 1119.03 1119.03 1119.03 0.05 0.05 1119.03 1119.03 0.02 1119.03 1454.03 1454.03
0.02 1312.03 1312.03 1312.03 0.02 0.02 428.04 0.02 428.03 428.03 1884.03 1884.03 1884.03 1884.03 1884.03 0.02 1884.03 1884.03 1884.03 1884.03 230.03 230.03 230.03 230.03 230.03 0.02 230.03 230.03 230.03 230.03 0.01 0.01 0.01 0.01 0.02 1531.03 1531.03 1531.03 0.01 0.01 0.01 2167.03 2167.03 2167.03 2167.03 2167.03 2167.03 2167.03 2167.04 0.02 1143.04 1143.04 1119.04 1119.04 0.02 0.02 1119.03 1119.03 1119.03 1119.03 1119.04 0.05 1119.03 1119.04 0.05 1119.03 1119.03 0.02 1119.03 1454.03 1454.03
0.02 0.02 1312.03 0.02 1312.03 428.04 428.04 428.03 428.03 428.03 1884.03 1884.03 1884.03 1884.03 1884.03 1884.03 1884.03 1884.03 1884.03 1884.03 230.03 230.03 230.03 230.03 230.03 230.03 230.03 230.03 230.03 0.02 0.01 0.01 0.01 0.02 1531.03 1531.03 1531.03 1531.03 0.02 0.01 0.02 2167.03 2167.03 2167.03 2167.03 2167.03 2167.03 2167.03 2167.04 0.02 0.02 1119.04 1119.04 1119.04 1119.04 0.02 0.02 0.02 0.02 0.02 1119.04 1119.04 1119.04 1119.04 1119.03 0.05 1119.03 1119.03 1454.03 1454.03 1454.03
0.08 0.08 1312.04 0.02 0.02 0.02 0.02 428.03 428.03 428.03 428.03 1884.03 1884.03 1884.03 1884.03 1884.03 1884.03 1884.03 1884.03 230.03 230.03 230.03 230.03 230.03 0.02 230.03 230.03 230.03 230.03 230.03 1308.03 0.01 0.02 1308.03 1308.03 1531.03 1531.03 1531.03 2167.03 2167.03 2167.03 2167.03 2167.03 2167.03 2167.03 2167.03 2167.03 2167.03 2167.04 2167.04 0.02 0.02 0.02 0.02 1119.04 1119.04 1119.04 1119.03 0.02 0.02 1119.04 1119.04 1119.04 1119.04 1119.04 1119.03 0.05 1119.03 1454.03 1454.03 0.02
1312.04 1312.04 1312.04 0.02 0.02 0.02 0.02 428.03 428.03 428.03 428.03 1884.03 1884.03 1884.03 1884.03 1884.03 1884.03 1884.03 1884.03 230.03 230.03 230.03 230.03 230.03 230.03 230.03 230.03 230.03 230.03 230.03 1308.03 1308.03 0.02 1308.03 1308.03 1308.03 1531.03 0.02 2167.03 2167.03 2167.03 2167.03 2167.03 2167.03 2167.03 2167.03 0.02 0.02 2167.04 0.02 1119.03 0.02 0.02 0.02 1119.04 1119.03 1119.03 1119.03 0.02 1119.04 1119.04 1119.04 1119.04 1119.04 1119.04 1119.03 1119.03 0.05 1454.03 1454.03 1454.04
1312.04 1312.04 1312.04 1312.04 0.02 428.03 428.03 428.03 428.03 428.03 428.03 1884.03 1884.03 1884.03 1884.03 1884.03 1409.03 0.02 1409.03 230.03 230.03 230.03 230.03 230.03 230.03 230.03 230.03 230.03 230.03 1308.03 1308.03 1308.03 1308.03 1308.03 1308.03 1308.03 1308.03 0.02 2167.03 2167.03 2167.03 2167.03 2167.03 2167.03 2167.03 2167.03 0.02 0.02 0.02 2167.03 2167.03 1119.03 1119.03 1119.03 1119.04 1119.03 1119.03 1119.03 1119.04 1119.04 1119.04 1119.03 1119.04 1119.04 1119.04 1119.03 1119.03 1454.03 0.05 0.05 1454.04
1312.04 0.11 0.11 0.11 428.03 428.03 428.03 428.03 428.03 428.03 428.03 1884.03 1409.03 1409.03 0.05 1409.03 1409.03 0.02 1409.04 1409.03 230.03 230.03 230.03 230.03 230.03 230.03 230.03 230.03 230.03 1308.03 1308.03 1308.03 1308.03 1308.03 1308.03 1308.03 1308.03 1308.03 2167.03 2167.03 2167.03 2167.03 2167.03 2167.03 2167.03 0.02 0.02 0.02 0.02 2167.04 2167.04 1391.03 0.05 1119.03 1119.03 1119.03 1119.03 1119.03 1119.04 1119.04 1119.04 1119.03 1119.04 1119.04 1119.04 1119.03 1454.03 1454.03 1454.03 0.05 0.05
0.11 0.11 0.11 0.11 0.11 428.03 428.03 428.03 428.03 428.03 1409.03 1409.03 1409.03 1409.03 1409.03 1409.03 1409.03 1409.04 1409.04 1409.03 1005.03 230.03 230.03 230.03 230.03 230.03 230.03 230.03 230.03 1308.03 1308.03 1308.03 1308.03 1308.03 1308.03 1308.03 1308.03 0.02 0.02 0.08 2167.04 2167.03 2167.03 2167.03 0.02 2167.03 2167.03 2167.03 2167.04 2167.04 0.05 0.05 1391.03 1391.03 1391.03 1391.03 1391.03 1119.04 1119.04 1119.04 1119.04 1119.04 1119.04 1119.04 1119.04 1454.03 1454.03 1454.03 1454.03 0.05 0.05
0.11 0.11 0.11 0.11 0.11 0.11 428.03 428.03 428.03 1409.03 1409.03 1409.03 1409.04 0.05 1409.03 1409.03 1409.03 1409.03 1409.03 1005.03 1005.03 1005.03 230.03 230.03 230.03 230.03 230.03 230.03 230.03 1308.03 1308.03 1308.03 1308.03 1308.03 1308.03 0.05 1308.03 1308.03 0.02 0.08 2167.04 2167.03 2167.03 2167.03 0.07 1443.03 1443.03 1443.04 1443.04 1391.04 0.05 0.05 0.05 1391.03 1391.03 1391.03 1391.03 1391.04 1391.04 1391.04 1391.04 1391.04 1119.04 1119.04 1119.04 1454.04 1454.03 1454.03 1454.03 1454.03 0.05
0.11 0.11 0.11 0.11 0.11 0.11 0.11 428.03 1409.04 1409.04 1409.04 1409.04 1409.04 0.02 0.02 0.02 1409.03 1409.03 1409.03 1005.03 1005.03 1005.03 1005.03 230.03 230.03 230.03 230.03 230.03 230.03 1308.03 1308.03 1308.03 1308.03 0.05 0.05 1308.03 1308.03 1308.03 0.08 0.08 1443.04 1443.04 1443.03 1443.03 1443.03 1443.03 1443.03 1443.03 1443.04 1391.04 0.05 0.05 1391.03 1391.03 1391.03 1391.03 1391.03 1391.04 1391.04 1391.04 1391.04 1391.04 1391.04 1391.04 1391.04 1454.04 1454.03 1454.03 1454.03 1454.03 1454.03
0.11 0.11 0.11 0.11 0.11 0.11 0.11 1357.04 1409.04 1409.04 1409.04 1409.04 1409.04 1409.04 0.02 1409.03 1409.03 0.02 0.05 1005.03 1005.03 1005.03 1005.03 1005.03 230.03 230.03 230.03 230.03 1308.03 1308.03 1308.03 1308.03 0.05 1308.03 1308.03 1308.03 1308.03 1443.03 1443.03 0.05 1443.04 1443.04 1443.04 1443.03 1443.03 0.02 0.02 1443.03 1443.03 1391.03 1391.04 0.05 0.05 1391.03 1391.03 1391.03 1391.03 1391.03 1391.03 1391.04 1391.04 1391.04 1391.04 1391.04 1391.04 1454.04 0.02 1454.03 1454.03 1454.03 1454.03
0.11 0.11 0.11 0.11 0.11 0.11 1357.04 1357.03 1357.04 1409.04 1409.04 0.05 1409.04 1409.04 1409.04 1409.03 1409.03 1005.03 1005.03 1005.03 1005.03 1005.03 1005.03 1005.03 230.03 230.03 230.03 230.03 1308.03 1308.03 0.05 0.05 1308.03 1308.03 1308.03 1308.03 1443.03 1443.03 1443.03 1443.04 1443.04 1443.04 1443.04 1443.04 1443.04 0.05 0.05 0.05 1443.03 1391.03 1391.03 0.05 0.05 1391.03 1391.03 1391.03 1391.03 0.02 0.02 0.02 1391.04 1391.04 1391.04 1391.04 1391.04 1454.04 1454.04 1454.04 1454.03 1454.03 1454.03
0.11 0.11 0.11 0.11 1357.04 1357.03 1357.03 1357.03 0.02 1409.04 1409.04 1409.04 1409.04 1409.04 1409.04 1409.03 1005.03 1005.03 1005.03 1005.03 1005.03 1005.03 1005.03 1005.03 1005.03 230.03 230.03 230.03 1308.03 0.05 1308.03 1308.03 1308.03 1308.03 1308.03 1443.03 1443.03 1443.03 1443.04 1443.04 1443.04 1443.04 1443.04 1443.04 1443.04 1443.04 1443.04 1443.04 1443.03 1391.03 1391.03 1391.03 1391.03 1391.03 0.08 1391.03 1391.03 1391.03 0.02 0.02 1391.04 1391.04 1391.04 1391.04 1391.04 1454.04 1454.04 1454.04 1454.04 1454.03 1454.03
0.11 0.08 1357.04 1357.04 0.02 1357.03 1357.03 1357.03 0.02 1409.04 1409.04 1409.04 1409.04 1409.04 1409.03 1409.03 1005.03 1005.03 0.05 1005.03 1005.03 1005.03 1005.03 1005.03 1005.03 1005.03 230.03 230.03 1308.03 1308.03 1308.03 1308.03 1308.03 1308.03 1443.03 1443.03 1443.03 0.05 1443.04 1443.04 1443.04 1443.04 1443.04 1443.04 1443.04 1443.04 1443.04 1443.04 1391.04 0.05 1391.03 1391.03 1391.03 1391.03 0.08 1391.03 1391.03 1391.04 0.02 0.02 1391.04 1391.04 1391.04 1391.04 1391.04 1391.04 1454.04 1454.04 1454.04 1454.03 1454.03
1357.04 1357.04 1357.04 1357.04 1357.04 1357.04 1357.04 1357.04 1357.04 1357.04 1409.04 1409.04 1409.04 1409.04 1409.04 1005.04 1005.03 1005.03 1005.03 1005.03 1005.03 1005.03 1005.03 1005.03 1005.03 1005.03 1005.03 230.03 1308.03 1308.03 1308.03 1308.03 1308.03 1443.03 1443.03 1443.03 1443.03 1443.04 1443.04 1443.04 1443.04 1443.04 1443.04 1443.04 1443.04 1443.04 1443.04 1443.04 0.05 0.05 0.05 1391.03 1391.03 0.08 1391.03 1391.03 1391.03 1391.04 1391.04 1391.04 1391.04 1391.04 1391.04 0.02 1391.04 1445.03 1445.03 1454.04 1454.04 1454.04 1454.03
1357.04 1357.04 1357.04 1357.04 1357.04 1357.04 1357.04 1357.04 1357.04 1357.04 1409.04 1409.04 1409.04 1409.04 1005.04 1005.04 1005.04 1005.03 1005.03 1005.03 1005.03 1005.03 1005.03 1005.03 1005.03 1005.03 1005.03 1005.03 1308.03 1308.03 1308.03 0.02 1443.03 1443.03 0.02 1443.03 1443.03 1443.04 1443.04 1443.04 1443.04 1443.04 1443.04 1443.04 1443.04 1443.04 74.04 74.04 0.05 1391.04 1391.04 1391.04 1391.04 1391.04 1391.03 1391.03 1391.03 1391.03 1391.04 1391.04 1391.04 1391.04 1391.04 1391.03 1391.03 1445.03 0.02 0.02 1454.04 1454.04 1454.03
1357.04 1357.04 1357.04 1357.04 1357.04 1357.04 1357.03 1357.03 1357.04 1357.04 1409.04 1409.04 1409.04 1005.04 1005.04 1005.04 1005.04 1005.03 1005.03 1005.03 1005.03 0.02 0.02 1005.03 1005.03 1005.03 1005.03 1005.03 1308.03 1308.03 1308.03 0.02 0.02 1443.03 0.02 0.02 1443.03 1443.04 1443.04 1443.04 1443.04 1443.04 1443.04 1443.04 1443.04 74.04 74.04 74.04 0.05 0.05 0.05 0.05 0.05 1391.04 1391.04 1391.03 1391.03 0.02 1391.04 1391.04 1391.04 1391.04 1391.04 1391.03 1445.03 1445.03 0.02 0.02 1445.04 1445.03 1454.03
1357.04 1357.04 1357.04 1357.04 1357.04 1357.04 0.02 0.02 0.05 1357.04 2498.04 2498.04 1409.04 1005.04 1005.04 1005.04 1005.04 0.02 1005.03 1005.03 1005.03 0.02 0.02 0.02 1005.03 1005.03 1005.03 1005.03 794.03 794.03 794.03 1443.03 1443.03 1443.03 0.02 0.02 1443.04 1443.04 1443.04 1443.04 1443.04 1443.04 1443.04 1443.04 74.04 74.04 74.04 74.04 0.05 0.05 0.05 0.05 1391.04 1391.04 1391.04 1391.03 1391.03 0.02 1391.03 1391.03 1391.03 1391.03 1391.04 1445.03 1445.03 0.01 0.01 0.01 1445.03 1445.03 1445.03
1357.04 1357.04 1357.04 1357.04 1357.04 1357.04 1357.04 0.02 1357.04 2498.04 2498.04 0.02 0.02 2498.04 1005.04 1005.04 1005.04 0.02 0.02 1005.03 1005.03 0.02 0.02 0.02 1005.03 1005.03 794.03 794.03 794.03 794.03 794.03 794.03 1443.03 0.02 1443.03 0.02 1443.03 1443.04 1443.04 1443.04 1443.04 2093.04 2093.04 2093.04 74.04 74.04 74.04 74.04 0.05 0.05 0.05 0.05 1391.04 1391.04 1391.04 1391.04 1391.03 1391.03 1391.03 1391.03 1391.03 1391.03 0.02 1445.03 1445.03 0.01 0.01 0.01 0.01 1445.03 1445.03
1357.04 1357.04 1357.04 1357.04 1357.04 1357.04 1357.04 0.05 2498.04 2498.04 2498.04 2498.04 0.02 2498.04 2498.04 2498.04 1005.04 1005.03 1005.03 1005.03 1005.03 1005.03 1005.03 1005.03 1005.03 794.03 794.03 794.03 794.03 794.03 794.03 794.03 794.03 1443.03 1443.03 1443.03 1443.03 1443.04 1443.04 2093.04 2093.04 2093.04 2093.04 2093.04 2093.04 74.04 0.05 0.05 0.05 0.05 0.05 257.04 257.04 257.04 1391.04 1391.04 1391.04 1391.03 1391.03 1391.03 1391.03 2162.03 0.02 0.02 0.02 0.01 0.01 0.01 0.01 1445.03 1445.03
1357.04 1357.04 1357.04 1357.04 1357.04 1357.04 1357.04 2498.04 2498.04 2498.04 2498.04 2498.04 2498.04 2498.04 2498.04 2498.04 2498.03 2498.03 1005.03 1005.03 1005.03 1005.03 1005.03 1005.03 794.03 794.03 794.03 794.03 794.03 794.03 794.03 794.03 794.03 794.03 2500.03 2500.03 2500.03 2500.04 2093.04 2093.04 2093.04 2093.04 2093.04 2093.04 2093.04 74.04 74.03 74.03 0.05 0.05 0.05 257.04 257.04 257.04 257.04 257.04 257.04 257.03 257.03 257.03 2162.03 0.02 0.01 0.01 1445.03 1445.03 0.01 0.01 0.02 1445.03 0.01
1357.04 1357.04 1357.04 1357.04 1357.04 1357.04 2498.04 2498.04 2498.04 2498.04 2498.04 2498.04 2498.04 2498.04 2498.04 2498.03 2498.03 2498.03 2498.03 2498.03 1005.03 1005.03 794.03 794.03 794.03 794.03 794.03 794.03 794.03 794.03 794.03 794.04 794.03 794.03 2500.03 2500.03 2500.03 2500.04 2500.04 2500.04 2093.04 2093.04 2093.04 2093.04 2093.04 2093.04 74.03 74.03 0.05 0.05 1344.04 257.04 257.04 257.04 257.04 257.04 257.03 257.04 257.03 257.03 2162.03 0.01 0.01 0.01 0.01 0.02 1445.04 1445.03 1445.03 1445.03 0.01
1357.04 1357.04 1357.04 1357.04 2498.04 2498.04 0.02 0.02 2498.04 2498.04 2498.04 2498.04 2498.04 2498.04 2498.03 2498.03 2498.03 2498.03 0.02 2498.03 2498.03 794.03 794.03 794.03 794.03 794.03 794.03 794.03 794.03 794.04 794.04 794.04 794.04 794.04 2500.03 2500.03 2500.03 2500.04 2500.04 2500.04 2500.04 2093.04 2093.04 2093.04 2093.04 2093.03 2093.03 0.05 0.05 1344.04 1344.04 257.04 257.04 257.04 257.04 257.04 257.04 257.04 257.03 2162.03 0.01 0.01 0.01 0.01 0.01 1445.03 1445.04 1445.03 1445.03 0.02 0.01
1357.04 1357.03 0.02 2498.04 2498.04 2498.04 0.02 0.02 2498.04 2498.04 2498.04 2498.04 2498.03 0.05 2498.03 2498.03 2498.03 2498.03 2498.03 2498.03 2498.03 794.03 794.03 794.03 794.03 794.03 794.03 794.03 794.03 794.04 794.04 794.04 794.04 794.04 2500.04 2500.04 2500.03 2500.04 2500.04 2500.04 2500.04 471.04 471.04 471.04 471.04 2093.04 1344.03 0.05 0.05 1344.04 1344.04 257.04 257.04 257.04 257.04 257.04 257.03 257.03 257.03 2162.03 2162.03 0.01 0.01 0.01 0.02 1445.03 1445.03 1445.03 1445.03 1445.03 0.01
1360.04 1357.04 0.02 2498.04 2498.04 2498.04 2498.04 2498.04 2498.04 2498.04 2498.03 0.05 0.05 2498.03 2498.03 2498.03 2498.03 2498.03 2498.03 2498.03 2498.03 794.03 0.02 0.02 794.03 794.03 794.03 0.02 0.02 794.04 794.04 794.04 794.04 794.04 2500.04 2500.04 0.05 2500.04 2500.04 2500.04 2500.04 2500.04 0.05 471.03 471.04 471.04 1344.03 1344.03 1344.03 1344.04 1344.04 257.04 257.04 257.03 257.03 257.03 257.03 0.02 257.03 2162.03 2162.03 2162.03 2162.03 2162.03 0.05 1445.03 1445.03 1445.03 1445.03 1445.03 0.02
1360.04 1360.04 0.02 2498.04 2498.04 2498.04 2498.04 2498.04 2498.03 2498.03 0.05 2498.03 2498.03 2498.03 2498.03 2498.03 2498.03 2498.03 2498.03 2498.03 2498.03 794.03 0.02 0.02 0.02 794.03 794.03 0.02 0.02 794.04 794.04 794.04 794.04 794.04 794.04 2500.04 0.05 2500.03 2500.03 2500.03 0.05 0.05 0.02 0.02 471.04 471.04 1344.04 0.02 1344.03 1344.04 1344.04 0.02 257.04 257.03 257.03 257.03 257.03 0.02 257.03 2162.03 2162.03 2162.03 2162.03 0.05 0.05 1445.03 1445.03 1445.03 1445.03 1445.04 0.02
