Inputs/GridInputs/LU&ParcGridDiohine50.asc
ncols         123
nrows         134
xllcorner     -1693877.958766256
yllcorner     3174597.0031306315
dx            50.05864128255762
dy            50.20989846990013
[rows 99 to 131 of 134, columns 0 to 73 of 123]
0.0 0.0 0.0 0.0 0.0 0.0 0.0 0.0 0.0 0.0 0.0 0.0 0.0 0.0 893.03 893.04 2427.04 1568.04 1568.04 1568.04 1568.04 2195.04 2195.04 603.04 603.04 1166.04 1166.04 1166.04 180.04 0.05 0.05 1314.04 1314.04 1716.04 1716.04 1716.04 43.04 43.04 1649.04 294.04 294.04 1897.04 1179.04 1179.03 1179.03 179.04 179.04 179.04 1430.04 1430.04 1430.04 108.04 1948.04 420.04 420.04 122.04 122.04 122.04 2263.04 1837.04 1885.04 1885.04 1688.04 1416.04 1416.04 2372.04 2372.04 114.04 114.04 190.04 1258.04 1258.04 1258.03 2188.03
0.0 0.0 0.0 0.0 0.0 0.0 0.0 0.0 0.0 0.0 0.0 0.0 0.0 893.04 893.04 2427.03 2427.04 2427.04 2191.04 2191.04 1512.04 1512.04 1846.04 1846.04 603.04 512.04 1166.04 1166.04 1868.04 1865.04 1865.04 1314.04 1314.04 1716.04 0.05 43.04 43.04 43.04 662.04 662.04 294.04 1897.04 1351.03 1351.03 1351.03 1389.04 179.04 2168.04 2168.04 2143.04 108.04 108.04 1948.04 1948.04 420.03 1929.04 122.04 122.04 1947.04 1753.04 1885.04 1885.04 1885.03 1416.04 1416.04 2251.04 2251.04 114.04 1110.04 513.03 306.04 306.03 1400.03 2188.03
0.0 0.0 0.0 0.0 0.0 0.0 0.0 0.0 0.0 0.0 0.0 0.0 970.04 893.04 893.04 2427.04 0.05 0.05 2191.04 2191.04 1512.04 1512.04 1512.04 1233.04 1381.04 512.04 512.04 505.04 280.04 1865.03 1865.04 1847.04 1847.04 413.04 0.05 731.04 43.04 43.04 1348.04 1348.04 991.04 991.04 1351.03 1351.03 1389.03 1389.04 1389.04 2168.04 2168.04 2143.04 2143.04 108.04 1948.04 1948.03 134.03 1929.03 1929.03 1929.04 1947.04 1753.04 1753.04 762.04 291.04 291.04 2116.04 2251.04 2251.04 2251.04 513.03 513.03 412.03 412.03 1400.03 2188.03
0.0 0.0 0.0 0.0 0.0 0.0 0.0 0.0 0.0 0.0 0.0 2348.04 970.04 970.04 970.04 0.05 491.04 0.05 0.05 0.05 2343.04 2343.04 36.04 1233.04 1381.04 512.04 505.04 0.05 1305.04 33.04 1879.04 1847.04 413.04 413.04 731.04 731.04 1527.04 1348.04 1348.04 1348.04 1150.04 991.04 129.03 129.04 1389.03 1389.04 1389.04 1228.04 1228.04 2143.04 2143.04 1820.04 1820.03 1820.03 134.03 134.04 1929.04 1929.04 89.04 89.04 89.04 762.04 291.04 291.04 2116.04 2116.04 2251.04 2251.04 810.04 810.03 2029.03 2029.03 1400.03 481.03
0.0 0.0 0.0 0.0 0.0 0.0 0.0 0.0 0.0 0.0 2348.04 2348.04 1907.04 1142.04 1142.04 0.05 491.04 0.05 0.05 2191.04 2343.04 2343.04 36.04 1233.04 1381.04 1381.04 505.04 0.05 0.05 1879.04 1879.04 0.05 698.04 1474.04 1474.04 1474.04 1527.04 1527.04 1348.04 1150.04 1150.04 129.04 129.04 129.04 1938.04 1389.04 1389.04 1228.04 1228.04 2417.04 835.04 835.04 1464.04 1464.03 1120.04 576.04 439.04 439.04 867.04 89.04 2291.04 762.04 291.04 291.03 2116.04 2116.04 155.04 155.04 117.04 810.03 406.04 406.04 406.03 2239.04
0.0 0.0 0.0 0.0 0.0 0.0 0.0 0.0 0.0 0.0 1732.04 2348.04 1907.04 1907.04 666.04 666.04 666.04 491.04 530.04 821.04 821.04 821.04 816.04 816.04 1986.04 1986.03 0.05 0.05 234.04 1879.04 1879.04 1879.04 698.04 698.04 1474.04 1474.04 1527.04 896.04 896.04 1150.04 1150.04 129.04 1938.04 1938.04 1938.04 737.04 1818.04 1818.04 1335.04 1335.04 835.04 835.04 808.04 2209.04 2209.04 576.04 439.04 1316.04 867.04 2291.04 2291.04 762.03 762.03 291.04 2116.04 2086.04 2086.04 155.04 1691.04 1691.03 1691.04 406.03 2239.04 2239.04
0.0 0.0 0.0 0.0 0.0 0.0 0.0 0.0 0.0 1787.04 1787.03 2381.04 0.05 0.05 516.04 516.04 951.04 951.04 530.04 530.04 821.04 821.03 284.04 816.04 1986.04 0.05 0.05 0.05 234.04 0.05 1879.04 76.04 760.03 760.03 844.03 844.04 2103.04 896.03 896.03 1470.04 508.04 508.04 508.04 1510.04 1510.04 737.03 737.04 1818.04 1335.04 1335.04 1335.04 808.03 808.04 228.04 1145.04 1309.04 1316.04 1316.04 867.04 2291.04 2291.03 2291.03 72.03 72.04 72.04 2086.04 2086.04 155.04 1691.04 1691.04 1457.03 780.04 2239.04 2239.04
0.0 0.0 0.0 0.0 0.0 0.0 0.0 0.0 0.0 0.0 0.11 0.11 0.05 12.04 12.04 12.04 951.04 951.04 530.04 530.04 103.04 103.04 284.04 751.04 751.04 466.04 1259.04 0.05 74.04 74.04 74.04 76.03 76.03 76.04 1860.04 0.05 2103.03 1470.03 1470.03 1470.04 508.04 508.04 1510.04 1510.04 1678.04 737.03 1810.03 1776.04 1776.04 470.04 564.03 808.04 228.04 228.04 1145.04 1309.04 1309.04 962.04 215.04 215.04 6.03 6.03 72.03 72.04 72.04 72.04 1969.04 1969.04 930.04 930.04 1457.04 780.04 1093.03 2239.03
0.0 0.0 0.0 0.0 0.0 0.0 0.0 0.0 0.0 0.0 0.11 0.11 223.04 12.04 12.04 288.04 951.04 951.04 2334.04 530.04 103.04 103.04 1730.04 1767.03 1767.04 466.04 1003.04 1003.04 0.05 74.04 74.04 76.03 76.04 1973.04 1622.04 1860.04 1041.04 714.04 714.04 1470.04 1253.04 1253.04 1253.04 1510.04 1678.04 1678.04 1810.03 1810.04 1776.03 470.03 470.04 564.04 228.04 1931.04 1931.04 1931.04 1448.04 962.04 962.04 215.04 6.04 6.03 2286.03 2286.04 2286.04 2286.04 0.05 0.08 930.03 930.04 930.03 780.04 1093.03 1093.03
0.0 0.0 0.0 0.0 0.0 0.0 0.0 0.0 0.0 0.0 0.0 223.04 223.04 223.04 288.04 288.04 288.04 2334.04 2334.04 1814.04 909.04 232.04 1730.04 255.04 1767.04 1767.04 1003.04 1003.04 1384.04 1384.03 2162.03 2162.04 2162.04 1973.04 1973.04 1622.03 1041.04 714.04 714.04 714.04 1253.04 1253.04 1253.04 1253.04 1678.04 1678.03 1678.03 0.05 2323.03 1872.03 470.04 1581.04 1581.04 1931.04 1931.04 1448.03 1448.04 341.04 962.04 962.04 6.04 827.03 827.03 494.04 494.04 0.05 1360.03 1360.03 1849.03 1849.04 132.04 132.04 1093.04 1093.04
0.0 0.0 0.0 0.0 0.0 0.0 0.0 0.0 0.0 0.0 0.0 0.0 0.05 1045.04 1045.04 288.04 288.03 288.04 2334.04 1814.04 1531.04 275.04 292.04 1382.04 1382.04 2431.04 1239.04 116.04 1384.04 1384.04 2162.04 2162.04 2162.04 1973.04 1973.03 1979.03 1979.04 714.04 1646.04 1646.04 1253.04 1253.04 1253.04 1253.04 1253.03 1198.03 1198.03 2323.03 2323.03 1872.03 487.03 1155.03 1155.03 1155.04 1548.03 1448.03 341.04 341.04 91.04 2109.04 1680.04 0.02 827.03 494.04 494.04 2002.03 1912.03 1912.04 1849.04 1745.04 1745.04 0.05 1182.04 702.04
0.0 0.0 0.0 0.0 0.0 0.0 0.0 0.0 0.0 0.0 0.0 0.0 0.0 973.04 1045.04 1045.04 421.04 421.04 2334.03 1531.04 1531.04 292.04 292.04 1382.04 1382.04 2431.04 1239.04 1239.04 116.04 1187.04 1187.04 2162.04 2162.03 2162.03 1979.03 1979.03 1979.04 1646.04 1646.03 1646.04 1995.04 1995.04 1253.03 1253.04 1198.03 1198.03 1198.03 189.03 2323.04 1697.04 1697.03 1155.03 1155.04 1903.04 1548.04 1548.04 341.04 91.04 91.04 2109.04 2109.04 1493.04 1493.03 515.04 515.04 521.04 521.04 1912.04 1578.04 1578.04 1745.04 1182.03 1182.03 702.04
0.0 0.0 0.0 0.0 0.0 0.0 0.0 0.0 0.0 0.0 0.0 0.0 0.0 0.0 973.04 1920.04 421.04 421.04 1372.04 1531.04 1752.04 1752.04 1752.04 1752.04 2431.04 411.04 411.03 1239.04 716.04 1187.04 670.04 2162.04 2162.03 1022.03 1979.03 1979.04 0.08 1646.03 1646.03 1995.03 1995.04 1995.04 1995.04 1664.04 1664.04 189.03 189.04 189.04 1368.04 1368.04 1697.04 1697.03 1159.04 1903.04 430.04 1548.04 589.04 589.03 640.03 990.03 2109.03 1493.03 1493.04 515.04 515.04 521.04 422.04 1912.04 1578.04 1578.04 1578.04 1182.04 702.03 702.04
0.0 0.0 0.0 0.0 0.0 0.0 0.0 0.0 0.0 0.0 0.0 0.0 0.0 0.0 0.0 1920.04 0.05 1372.04 0.05 694.04 694.04 1752.04 1752.04 1645.04 1645.04 1645.04 0.11 0.11 350.03 670.04 670.04 775.03 775.03 1022.03 525.03 525.03 2244.03 2244.03 1646.04 1995.04 1995.04 1995.04 1664.04 1664.04 1664.04 1664.04 2093.04 1368.04 1610.04 1610.04 1610.03 369.03 1159.04 1159.04 430.04 831.04 1952.03 589.04 640.03 2318.03 2318.03 1778.04 1493.04 523.04 523.04 422.04 422.04 422.04 422.04 1578.04 1578.04 1773.04 1773.04 1950.04
0.0 0.0 0.0 0.0 0.0 0.0 0.0 0.0 0.0 0.0 0.0 0.0 0.0 0.0 0.0 0.0 0.0 0.05 0.05 694.04 694.04 0.05 948.04 2367.04 1645.04 1645.04 0.11 1963.04 350.04 670.04 670.04 0.05 0.05 0.05 525.03 525.03 2244.04 2244.04 614.04 1473.04 1473.03 1995.03 2206.03 2206.04 1664.04 2093.04 2093.04 1610.04 1610.04 1610.04 369.04 369.04 369.04 906.04 1426.04 1426.04 39.03 39.04 39.04 2202.04 2202.04 566.04 523.04 523.04 523.04 422.04 1675.04 1675.04 238.04 238.04 238.04 1773.04 0.05 2087.04
0.0 0.0 0.0 0.0 0.0 0.0 0.0 0.0 0.0 0.0 0.0 0.0 0.0 0.0 0.0 0.0 0.0 0.0 694.03 694.04 694.04 694.04 2367.04 0.05 0.11 1627.04 1552.04 1963.04 1963.04 2424.04 2424.03 775.03 0.08 1022.04 177.04 177.04 177.04 614.04 614.04 1473.04 1473.04 1473.04 2206.03 2206.03 2206.04 2093.03 2093.04 1195.04 1195.03 1195.04 369.04 369.04 257.04 257.04 1426.04 939.04 21.04 39.04 488.04 2202.04 2202.04 566.04 566.04 523.04 1475.03 1475.03 1141.04 1141.04 238.03 238.04 238.04 1773.04 1773.04 2087.03
0.0 0.0 0.0 0.0 0.0 0.0 0.0 0.0 0.0 0.0 0.0 0.0 0.0 0.0 0.0 0.0 0.0 0.0 0.0 694.04 694.04 168.04 0.05 1737.04 1737.04 1831.04 1831.04 1552.04 2424.04 2424.04 2424.04 1012.03 1012.04 1317.04 1317.04 177.04 177.04 2303.04 2303.04 2018.04 1358.04 349.04 349.04 811.04 811.04 811.03 1251.03 1195.04 1195.04 1195.04 1661.04 369.04 257.04 257.03 571.04 939.04 939.04 488.04 488.03 615.04 2060.04 2060.04 2060.04 1475.04 1475.03 1475.03 1141.04 1141.04 1024.04 1024.04 0.05 1773.04 1773.04 0.13
0.0 0.0 0.0 0.0 0.0 0.0 0.0 0.0 0.0 0.0 0.0 0.0 0.0 0.0 0.0 0.0 0.0 0.0 0.0 0.0 168.04 168.04 168.04 1628.04 2069.04 2069.04 1831.04 2150.04 2150.04 2424.04 486.04 486.04 1012.04 1666.04 1317.04 1317.04 2303.04 2303.04 2303.04 1358.04 1358.04 349.04 349.04 2382.04 811.04 798.03 1251.04 1251.04 1195.04 239.04 1661.04 1661.03 1661.04 571.04 571.04 571.04 1262.04 710.04 744.04 615.04 2252.04 2060.04 212.04 212.04 471.03 1916.03 1916.03 1343.03 1343.04 1024.04 1024.04 1773.03 1773.04 0.13
0.0 0.0 0.0 0.0 0.0 0.0 0.0 0.0 0.0 0.0 0.0 0.0 0.0 0.0 0.0 0.0 0.0 0.0 0.0 0.0 0.0 98.04 98.04 98.04 2069.04 2069.04 431.04 2150.03 2150.03 2424.04 486.04 2319.04 2319.04 1666.04 1666.03 1317.04 2292.04 2292.04 935.04 935.04 935.04 349.03 616.04 616.04 2382.04 798.03 1251.04 1313.04 1313.04 239.04 1661.04 1240.04 1598.04 1598.04 571.04 2337.04 1550.04 1262.03 1262.03 2128.04 2128.04 1369.04 212.04 404.04 404.04 471.03 1916.03 1343.03 606.04 606.04 606.03 606.03 1773.03 0.0
0.0 0.0 0.0 0.0 0.0 0.0 0.0 0.0 0.0 0.0 0.0 0.0 0.0 0.0 0.0 0.0 0.0 0.0 0.0 0.0 0.0 0.0 469.03 469.03 2189.03 431.04 431.04 2150.03 2058.03 211.03 211.03 211.04 474.04 474.04 474.03 474.03 2292.04 2292.04 2292.04 935.04 935.03 349.03 616.04 616.04 616.04 798.04 1251.04 1313.04 1332.03 1332.04 1240.04 1240.04 1598.04 1598.04 2337.04 2337.03 1550.04 1550.04 249.04 2128.03 2128.03 1369.03 1369.04 404.04 1696.04 1696.04 1916.04 606.04 606.04 606.04 606.03 606.03 0.0 0.0
0.0 0.0 0.0 0.0 0.0 0.0 0.0 0.0 0.0 0.0 0.0 0.0 0.0 0.0 0.0 0.0 0.0 0.0 0.0 0.0 0.0 10.04 469.04 2189.03 2189.03 2189.04 431.04 2058.04 2058.04 1119.04 211.04 1047.04 1124.04 1124.03 1136.04 1593.04 749.04 749.03 2292.04 1399.04 1399.04 1039.04 616.04 689.04 689.04 1066.04 1066.04 1332.04 1332.04 0.05 1506.04 1240.04 1598.04 1598.04 2337.04 2337.04 1550.04 249.04 249.04 1215.03 1567.03 1369.03 1147.03 1147.04 1696.04 1696.04 1696.04 407.04 407.04 407.04 0.13 0.0 0.0 0.0
0.0 0.0 0.0 0.0 0.0 0.0 0.0 0.0 0.0 0.0 0.0 0.0 0.0 0.0 0.0 0.0 0.0 0.0 0.0 0.0 0.0 1874.04 10.04 10.04 2189.04 2355.04 2355.04 2355.04 2058.04 1119.04 1419.04 1047.04 1124.04 1124.04 1136.04 1593.04 1593.04 2212.03 2212.04 1399.04 1039.04 1039.04 876.04 876.04 689.04 689.04 2217.04 2217.03 1506.04 1506.03 2009.04 2009.03 682.04 682.04 1851.04 1851.04 1851.04 249.04 1215.03 1215.04 1567.04 1092.04 1147.04 1147.04 1696.04 1696.04 338.04 338.04 407.04 407.04 0.0 0.0 0.0 0.0
0.0 0.0 0.0 0.0 0.0 0.0 0.0 0.0 0.0 0.0 0.0 0.0 0.0 0.0 0.0 0.0 0.0 0.0 0.0 0.0 0.0 1874.04 1874.04 1874.04 1874.04 2355.04 2355.04 2355.04 2355.04 1280.04 849.04 849.03 849.04 2063.04 1136.04 1593.03 1593.04 2212.04 2212.04 1399.04 1039.04 1039.04 876.04 876.04 876.04 2217.04 2217.04 2264.04 2264.04 1962.04 1962.04 2009.04 682.04 682.04 375.04 375.04 375.04 1215.04 1215.04 1567.04 1092.04 48.04 48.04 168.04 168.04 2185.04 338.03 338.04 338.04 0.0 0.0 0.0 0.0 0.0
0.0 0.0 0.0 0.0 0.0 0.0 0.0 0.0 0.0 0.0 0.0 0.0 0.0 0.0 0.0 0.0 0.0 0.0 0.0 0.0 0.0 738.04 738.04 738.03 738.03 2355.03 2355.04 2355.04 949.04 1280.03 1733.03 849.04 2215.04 2063.04 2063.04 1593.04 1593.04 421.04 421.04 421.04 1771.04 1677.04 1677.04 882.04 882.04 1414.04 1414.04 1414.04 2264.04 1962.04 1962.03 2228.04 584.04 2001.03 0.05 0.05 56.04 1224.04 435.04 435.04 48.04 48.04 2432.04 2432.04 2185.04 2185.03 2113.04 338.04 338.04 0.0 0.0 0.0 0.0 0.0
0.0 0.0 0.0 0.0 0.0 0.0 0.0 0.0 0.0 0.0 0.0 0.0 0.0 0.0 0.0 0.0 0.0 0.0 0.0 0.0 738.04 738.04 738.03 738.03 738.03 32.03 32.04 949.04 949.04 1733.03 1733.04 2215.04 1635.04 2376.04 2376.04 478.04 2205.04 1.04 421.04 421.04 421.04 1677.04 1083.04 1083.04 882.04 1414.04 1414.03 221.04 221.04 1221.03 1221.03 1221.04 2228.04 220.04 2001.03 56.04 56.04 1224.04 435.04 435.04 0.08 48.04 2432.04 172.04 172.04 2185.03 0.05 2113.04 2113.04 0.0 0.0 0.0 0.0 0.0
0.0 0.0 0.0 0.0 0.0 0.0 0.0 0.0 0.0 0.0 0.0 0.0 0.0 0.0 0.0 0.0 0.0 0.0 0.0 0.0 738.04 738.04 738.04 0.0 32.03 32.03 32.04 32.04 2394.04 2394.04 1733.04 1633.04 1633.04 2376.04 2376.04 478.04 478.04 1.04 597.04 597.04 1723.04 1723.04 1723.04 1875.04 1875.04 1875.04 221.03 221.04 221.04 1522.04 1522.04 1954.04 220.04 220.04 1830.03 1830.03 1827.03 1224.04 435.03 435.04 2302.04 2302.04 2302.04 1626.04 1626.04 1626.03 0.0 0.0 0.0 0.0 0.0 0.0 0.0 0.0
0.0 0.0 0.0 0.0 0.0 0.0 0.0 0.0 0.0 0.0 0.0 0.0 0.0 0.0 0.0 0.0 0.0 0.0 0.0 0.0 0.0 0.0 0.0 0.0 0.0 0.0 0.0 480.04 480.04 2394.04 2394.04 1633.03 247.03 247.04 2376.04 1102.04 1102.04 1450.04 1450.04 597.04 1723.04 1723.04 1723.04 729.04 1875.04 1875.04 1178.04 221.04 1522.04 1522.04 1522.04 1954.04 220.04 220.03 1830.03 1830.03 1827.03 1827.03 1811.04 2409.04 2302.04 2302.04 814.04 1626.03 1626.03 0.0 0.0 0.0 0.0 0.0 0.0 0.0 0.0 0.0
0.0 0.0 0.0 0.0 0.0 0.0 0.0 0.0 0.0 0.0 0.0 0.0 0.0 0.0 0.0 0.0 0.0 0.0 0.0 0.0 0.0 0.0 0.0 0.0 0.0 0.0 934.04 934.04 480.04 0.02 1800.04 1800.04 1800.04 283.04 283.04 1102.04 1102.04 617.04 617.04 1079.04 1079.04 1723.04 2044.04 2044.04 1875.04 1178.04 1178.04 1178.04 1522.04 1522.04 1522.04 2364.04 2364.04 2364.04 1830.04 1830.03 1827.03 191.04 1811.04 1811.04 2409.04 814.04 814.04 1049.03 1049.03 1049.04 0.0 0.0 0.0 0.0 0.0 0.0 0.0 0.0
0.0 0.0 0.0 0.0 0.0 0.0 0.0 0.0 0.0 0.0 0.0 0.0 0.0 0.0 0.0 0.0 0.0 0.0 0.0 0.0 0.0 0.0 0.0 0.0 0.0 0.0 1799.03 5.04 5.04 5.03 2117.04 2117.04 1800.04 283.04 283.04 2147.04 2147.04 391.03 617.04 1079.04 1079.03 2044.04 2044.04 2044.04 2132.04 2132.04 2132.04 1178.04 1178.04 1522.03 2364.04 2364.04 2364.04 2364.04 768.04 768.04 0.08 191.04 191.04 443.04 443.04 2054.04 814.03 1049.03 1049.04 307.04 0.0 0.0 0.0 0.0 0.0 0.0 0.0 0.0
0.0 0.0 0.0 0.0 0.0 0.0 0.0 0.0 0.0 0.0 0.0 0.0 0.0 0.0 0.0 0.0 0.0 0.0 0.0 0.0 0.0 0.0 0.0 0.0 0.0 0.0 1799.03 1799.03 5.03 0.0 0.08 1242.04 2126.04 2126.04 1524.04 983.04 983.04 391.03 391.04 1181.04 1181.03 1181.04 0.0 0.0 0.0 0.0 2132.04 2132.04 2132.04 1522.04 2364.04 2364.04 2364.04 1137.04 1137.04 768.03 768.04 191.04 191.04 443.04 2054.04 1957.04 1957.04 1049.04 307.04 307.04 0.05 0.0 0.0 0.0 0.0 0.0 0.0 0.0
0.0 0.0 0.0 0.0 0.0 0.0 0.0 0.0 0.0 0.0 0.0 0.0 0.0 0.0 0.0 0.0 0.0 0.0 0.0 0.0 0.0 0.0 0.0 0.0 0.0 0.0 0.0 0.0 0.0 0.0 0.0 0.0 2126.04 2126.04 1524.04 1524.03 983.03 983.03 1181.04 1181.04 0.02 0.0 0.0 0.0 0.0 0.0 0.0 0.0 2132.04 2364.04 2364.03 2364.03 1137.04 1137.04 1137.04 1137.03 217.03 217.04 217.04 503.04 503.04 2240.04 1957.04 95.04 307.04 218.04 0.05 0.0 0.0 0.0 0.0 0.0 0.0 0.0
0.0 0.0 0.0 0.0 0.0 0.0 0.0 0.0 0.0 0.0 0.0 0.0 0.0 0.0 0.0 0.0 0.0 0.0 0.0 0.0 0.0 0.0 0.0 0.0 0.0 0.0 0.0 0.0 0.0 0.0 0.0 0.0 0.0 0.0 0.0 1524.03 983.03 983.04 1181.03 1181.03 0.0 0.0 0.0 0.0 0.0 0.0 0.0 0.0 2132.04 2364.03 1137.03 1137.03 1137.04 1137.04 1137.04 1137.03 429.04 217.04 217.04 503.04 1245.03 1245.04 1007.04 95.04 95.04 0.05 0.0 0.0 0.0 0.0 0.0 0.0 0.0 0.0
0.0 0.0 0.0 0.0 0.0 0.0 0.0 0.0 0.0 0.0 0.0 0.0 0.0 0.0 0.0 0.0 0.0 0.0 0.0 0.0 0.0 0.0 0.0 0.0 0.0 0.0 0.0 0.0 0.0 0.0 0.0 0.0 0.0 0.0 0.0 0.0 0.0 0.0 0.0 0.0 0.0 0.0 0.0 0.0 0.0 0.0 0.0 0.0 0.0 0.0 1137.03 1137.03 0.08 0.08 1137.04 429.04 429.04 429.04 348.04 348.03 149.03 149.04 1007.04 1007.04 95.04 0.0 0.0 0.0 0.0 0.0 0.0 0.0 0.0 0.0
