Inputs/GridInputs/LU&ParcGridDiohine10.asc
ncols         615
nrows         672
xllcorner     -1693877.958766256
yllcorner     3174597.0031306315
dx            10.011728256511525
dy            10.012092849652705
[rows 288 to 319 of 672, columns 426 to 496 of 615]
898.04 898.04 898.04 898.04 898.04 898.04 2148.04 2148.04 2148.04 2148.04 2148.04 2148.04 2148.04 1496.04 1496.04 1496.04 1496.04 1496.04 1496.04 1496.04 1139.03 1139.03 1139.03 1139.04 1139.04 1139.04 2036.04 2036.04 2036.04 0.05 2036.04 2036.04 2036.04 859.04 2134.04 2134.04 2134.04 2134.04 2134.04 2134.04 2134.04 2134.04 2134.04 2134.04 2134.04 1291.03 1291.03 1291.03 1291.03 1291.03 1291.03 1291.04 1291.04 1291.03 1291.03 1291.03 1291.03 728.04 728.04 728.04 728.04 728.04 728.04 728.04 728.04 728.04 728.04 728.04 1434.04 0.02 1434.03
898.04 898.04 898.04 898.04 898.04 898.04 2148.04 2148.04 2148.04 2148.04 2148.04 2148.04 0.05 1496.04 1496.04 1496.04 0.02 0.02 1496.04 1496.04 0.02 0.02 0.02 1139.04 1139.04 1139.04 2036.04 2036.04 2036.04 2036.04 2036.04 2036.04 2036.04 2134.04 2134.04 2134.04 2134.04 2134.04 2134.04 2134.04 2134.04 2134.04 2134.04 2134.04 2134.04 1291.03 1291.03 1291.03 1291.03 1291.03 1291.03 1291.03 1291.03 1291.03 1291.03 1236.03 1236.03 1236.04 728.04 728.04 728.04 728.04 728.04 728.04 728.04 728.04 728.04 728.04 0.02 0.02 0.02
898.04 898.04 898.04 898.04 898.04 898.04 898.04 2148.04 2148.04 2148.04 2148.04 2148.04 0.05 1496.04 1496.04 1496.04 1496.04 0.02 1496.04 1496.04 0.02 0.02 0.02 1139.04 1139.04 1139.04 2036.04 2036.04 2036.04 0.05 2036.04 2036.04 2134.04 2134.04 2134.04 2134.04 2134.04 2134.04 2134.04 2134.04 2134.04 2134.04 2134.04 2134.04 2134.04 2304.03 0.02 2304.03 2304.03 1291.03 1291.03 1291.03 1291.03 1291.03 1236.03 0.02 1236.03 1236.03 1236.03 728.04 728.04 728.04 728.04 728.04 728.04 728.04 728.04 728.04 728.04 0.02 1059.03
898.04 898.04 898.04 898.04 898.04 898.04 898.04 2210.04 2210.04 2148.04 2148.04 2148.04 0.05 0.05 1496.04 1496.04 1496.04 1496.04 1496.04 1496.03 0.02 0.02 0.02 1139.04 1139.04 1139.04 2036.04 2036.04 2036.04 2036.04 2036.04 2036.04 2134.04 2134.04 2134.04 2134.04 2134.04 2134.04 2134.04 2134.04 2134.04 2134.04 2134.04 2134.04 2304.03 2304.03 0.02 0.02 2304.03 2304.03 2304.03 2304.03 2304.03 1236.03 0.02 0.02 0.02 0.02 0.02 1236.04 1236.04 728.04 728.04 728.04 728.04 728.04 728.04 728.04 0.05 1059.03 1059.03
898.04 898.04 898.03 898.03 898.03 898.04 898.04 2210.04 2210.04 2210.04 2210.04 2210.04 2210.04 1496.04 1496.04 0.02 0.02 1496.04 1496.04 1496.04 1496.03 1139.03 1139.04 1139.04 1139.03 0.02 0.02 2036.03 2036.03 2036.04 2036.04 2036.04 2134.04 2134.04 2134.04 2134.04 2134.04 2134.04 2134.04 2134.04 2134.04 2134.04 2134.04 2304.04 2304.04 2304.03 2304.03 2304.03 2304.03 2304.03 2304.03 2304.03 0.01 0.01 0.01 0.02 0.01 0.01 0.02 0.02 0.02 1236.04 728.04 728.04 728.04 728.04 728.03 1059.03 1059.03 1059.03 1059.03
898.03 898.04 898.04 898.03 0.02 0.02 898.04 2210.04 2210.04 2210.04 2210.04 2210.04 2210.04 2210.04 2210.03 0.02 0.02 1496.04 0.02 1496.04 1496.04 1496.03 1139.03 1139.04 1139.04 0.02 0.01 0.02 2036.03 2036.04 2036.04 2134.04 2134.04 2134.04 2134.04 2134.04 0.02 0.02 2134.03 2134.04 2134.04 2134.04 2304.04 2304.04 2304.04 2304.04 2304.03 2304.03 2304.03 2304.03 2304.03 2304.03 0.01 0.01 0.01 0.02 0.01 0.01 0.01 0.02 0.08 1236.04 1236.04 728.04 728.03 728.03 1059.03 1059.03 1059.03 1059.03 1059.03
898.03 0.02 898.04 898.03 898.03 898.03 898.03 2210.04 2210.04 2210.04 2210.04 2210.04 2210.04 2210.04 2210.03 2210.03 0.02 1496.03 0.02 0.02 1496.03 1496.03 1139.03 0.02 0.01 0.01 0.01 0.01 2036.03 2036.04 106.04 106.04 106.04 106.04 106.04 106.04 106.04 0.02 2134.03 2134.04 2134.04 2304.04 0.02 2304.04 2304.04 2304.04 2304.04 2304.04 2304.03 2304.03 2304.03 0.02 0.01 0.01 0.01 1236.03 0.01 0.01 0.01 0.02 0.08 1236.04 1236.03 1236.03 1236.03 1059.03 1059.03 1059.03 1059.03 1059.03 1059.03
898.03 898.03 898.03 898.03 898.03 898.03 898.04 2210.04 2210.04 2210.04 2210.04 2210.04 2210.04 2210.04 0.02 2210.03 2210.03 2210.03 0.02 0.02 1496.03 1496.03 1496.03 0.01 0.01 0.01 0.01 0.01 106.03 106.03 0.01 0.01 0.01 106.04 106.04 106.04 106.04 106.03 106.03 106.03 106.04 2304.04 2304.04 2304.04 0.02 0.01 2304.03 2304.03 2304.03 2304.03 2304.03 719.03 0.02 0.01 0.01 1236.03 1236.03 0.01 0.01 0.02 1236.04 1236.03 1236.03 1236.03 1236.03 0.01 0.01 0.01 1059.03 1059.03 1059.03
898.03 898.03 898.03 898.03 898.03 898.03 898.03 2210.04 2210.04 0.02 2210.04 2210.04 2210.04 2210.04 0.08 0.08 2210.03 2210.03 2210.03 0.02 1496.03 1496.03 1496.03 1139.03 0.01 0.01 0.01 0.01 106.03 0.01 0.01 0.01 0.01 0.01 106.04 106.03 106.04 106.04 106.03 106.03 106.04 2304.04 2304.04 0.08 0.01 0.01 0.01 2304.03 2304.03 2304.03 719.03 719.03 719.03 1236.03 1236.03 1236.03 1236.04 0.02 0.02 1236.03 1236.03 1236.03 0.02 0.01 0.01 0.01 0.01 0.01 0.01 1059.03 1059.03
898.03 898.03 898.03 898.03 898.03 898.03 898.03 2210.03 2210.04 2210.04 2210.04 2210.04 2210.04 2210.04 2210.03 2210.03 2210.03 0.02 0.02 0.01 0.01 0.01 740.03 740.03 0.01 0.01 0.01 0.01 106.03 0.01 0.01 0.01 0.01 0.01 106.03 106.03 106.04 106.03 106.03 106.03 106.04 106.03 2304.03 0.08 0.01 0.01 0.01 0.01 2304.03 719.03 719.03 719.03 719.03 1236.03 1236.03 1236.03 1236.04 1236.04 1236.03 1236.03 1236.03 1236.03 0.01 0.01 0.01 0.01 0.01 0.01 0.01 0.01 1059.03
0.02 898.03 898.03 898.03 898.03 898.03 898.03 2210.03 2210.03 2210.04 2210.04 2210.04 2210.04 2210.04 2210.03 740.03 740.03 0.02 0.02 0.01 0.01 0.01 0.01 0.02 0.02 1852.03 0.02 0.02 106.03 0.01 0.01 0.01 0.01 0.01 0.01 0.02 106.03 106.03 106.03 106.03 106.03 106.03 2304.03 0.08 0.01 0.01 0.01 0.01 0.01 719.03 719.03 719.03 719.03 719.03 1236.03 1236.03 1236.03 1236.04 1236.03 1236.03 0.01 0.01 0.01 0.01 0.01 0.01 0.01 0.01 0.01 0.01 1059.03
0.02 2057.03 2057.03 898.03 898.03 898.03 898.03 2210.03 2210.03 2210.03 2210.04 2210.04 2210.04 740.03 740.03 740.03 0.02 740.03 0.02 0.01 0.01 0.01 0.01 0.02 1852.03 1852.03 106.03 106.03 106.03 106.03 106.03 0.01 0.01 0.01 0.01 0.01 106.03 106.03 106.03 106.03 106.03 106.03 106.03 2304.03 0.02 0.01 0.01 0.01 0.01 0.01 719.03 0.02 719.03 719.03 1236.03 1236.03 1236.03 1236.03 1236.03 0.02 0.01 0.01 0.01 0.01 0.01 0.01 0.01 0.01 0.01 0.01 1059.03
0.02 2057.03 2057.03 2057.03 898.03 898.03 898.03 0.02 2210.03 2210.03 740.03 740.04 740.04 740.04 740.03 740.03 0.02 740.03 740.03 0.01 0.01 0.01 0.01 0.02 1852.03 0.02 106.03 106.03 106.03 106.03 106.03 0.01 0.01 0.01 0.01 106.03 106.03 106.03 106.03 0.02 0.02 106.03 106.03 2304.03 0.02 0.01 0.01 0.01 0.01 0.01 719.03 0.02 0.02 719.03 1236.03 1236.03 1236.03 1236.03 1236.03 1236.03 0.01 0.01 0.01 0.01 0.01 0.01 0.01 0.01 0.01 1059.03 1059.03
2057.03 2057.03 2057.03 2057.03 2057.03 2057.03 898.03 740.03 0.02 0.02 740.04 740.04 740.04 0.02 740.03 740.03 0.02 740.03 740.03 0.02 0.01 0.01 0.01 0.02 0.02 0.02 1852.03 106.03 106.03 106.03 106.03 106.03 0.01 0.01 0.02 106.03 106.03 106.03 0.02 0.02 0.02 0.02 106.03 106.03 0.01 0.01 0.01 0.01 0.01 0.02 719.03 719.03 719.03 719.03 719.03 1236.03 1236.03 1236.03 1236.03 1236.03 0.02 0.01 0.01 0.01 0.01 0.01 0.01 0.01 0.02 1541.03 1059.03
2057.03 2057.03 2057.03 2057.03 2057.03 2057.03 1230.03 740.03 0.02 0.02 740.03 740.04 740.04 740.03 740.03 740.03 0.02 740.03 740.03 0.01 0.01 0.01 0.01 0.02 0.02 1852.03 1852.03 0.01 0.01 0.01 0.01 0.01 106.03 106.03 106.04 106.04 106.03 106.03 106.03 0.02 0.01 0.01 0.01 0.01 0.01 0.01 0.01 0.01 0.01 719.03 719.03 719.03 719.03 719.03 719.03 1236.03 1236.03 1236.03 0.02 0.02 0.02 0.02 0.01 0.01 0.01 0.02 0.02 0.02 0.02 0.02 1541.03
2057.03 2057.03 2057.03 2057.03 2057.03 1230.03 1230.03 0.08 0.08 0.02 0.02 740.03 0.02 0.02 0.02 740.03 0.02 0.02 740.03 0.01 0.01 0.01 0.01 0.01 1852.03 1852.03 0.01 0.01 0.01 0.01 0.01 0.01 0.01 0.01 106.04 106.04 106.03 106.03 106.03 0.01 0.01 0.01 0.01 0.01 0.01 0.01 0.01 0.01 719.04 719.03 719.03 719.03 719.03 719.03 719.04 1236.03 1236.03 1236.03 0.02 0.02 1236.04 0.02 1236.03 1541.03 0.02 0.02 0.02 0.02 1541.03 1541.03 1541.03
2057.03 2057.03 2057.03 2057.03 1230.03 1230.03 1230.03 1230.03 1230.03 0.02 0.02 740.03 0.02 0.02 0.02 740.03 740.03 0.02 0.02 0.01 0.01 0.01 0.01 0.01 1852.03 0.01 0.01 0.01 0.01 0.01 0.01 0.01 0.01 0.01 0.01 0.01 106.03 106.03 106.03 0.01 0.01 0.01 0.01 0.01 0.01 0.01 0.01 0.01 719.03 719.03 719.03 719.03 719.03 0.01 0.01 0.02 1236.03 1236.03 1236.03 1236.03 1236.03 1236.03 1541.03 1541.03 1541.03 0.02 0.02 1541.03 1541.03 1541.03 0.02
2057.03 2057.03 2057.03 1230.03 1230.03 1230.03 1230.03 1230.03 1230.03 740.03 0.02 0.02 740.03 740.03 740.03 740.03 740.03 1852.03 1852.04 1852.04 0.01 0.01 0.01 0.01 1852.03 0.01 0.01 0.01 0.01 0.01 0.01 0.01 0.01 0.01 0.01 0.01 0.01 106.03 106.03 0.01 0.01 0.01 0.01 0.01 0.01 0.01 0.01 0.02 719.03 719.03 719.03 719.03 0.01 0.01 0.01 0.01 1236.03 0.02 1236.03 1236.03 1236.03 1541.03 1541.03 1541.03 1541.03 1541.03 1541.03 1541.03 1541.03 1541.03 0.02
2057.03 2057.03 2057.03 0.02 0.02 1230.03 1230.03 1230.03 1230.03 1230.03 740.03 0.02 0.02 0.02 740.03 0.02 0.02 1852.04 1852.04 1852.04 0.02 0.01 0.01 0.02 1852.03 0.01 0.01 0.01 0.01 0.01 0.01 0.01 0.01 0.01 0.01 0.01 0.01 0.01 0.02 0.01 0.01 0.01 0.01 0.01 0.01 0.01 0.02 719.03 719.03 719.03 719.03 0.01 0.01 0.01 0.01 0.01 0.01 1236.03 1236.03 1236.03 1236.03 1541.03 1541.03 1541.03 1541.03 1541.03 1541.03 1541.03 1541.03 1541.03 1541.04
2057.03 2057.03 1230.03 0.02 0.02 0.02 1230.03 1230.03 1230.03 1230.03 1230.03 740.03 0.02 0.02 740.03 1852.03 1852.03 1852.03 1852.03 1852.03 1852.03 0.02 0.02 1852.03 223.03 0.01 0.01 0.01 0.01 0.01 0.01 0.01 0.01 0.01 0.01 0.01 0.01 0.01 0.02 0.01 0.01 0.01 0.01 0.01 0.01 0.01 719.03 719.03 719.03 719.03 719.03 0.01 0.01 0.01 0.01 0.01 0.01 1236.03 1236.03 1236.03 1541.03 1541.03 1541.03 1541.03 1541.03 1541.03 1541.03 1541.03 1541.03 1541.03 1541.04
2127.03 2127.03 1230.04 1230.04 0.02 0.02 1230.03 1230.03 1230.03 1230.03 1230.03 1230.03 740.03 0.02 1852.03 1852.03 1852.03 1852.03 1852.03 1852.03 1852.03 0.02 1852.03 223.03 223.03 0.01 0.01 0.01 0.01 0.01 0.01 0.01 0.01 0.01 0.01 0.01 0.01 0.01 0.02 0.01 0.01 0.01 0.01 0.01 0.01 719.03 719.03 719.03 0.01 719.03 719.03 0.02 0.01 0.01 0.01 0.01 0.01 0.01 0.02 1541.03 1541.03 1541.03 1541.03 1541.03 1541.03 1541.03 1541.03 1541.03 1541.03 1541.03 1541.03
0.02 2127.04 2127.04 1230.04 1230.03 1230.03 1230.03 1230.03 1230.03 0.02 1230.03 1230.03 740.03 0.02 1852.03 1852.03 1852.03 0.02 0.02 0.02 1852.03 1852.03 223.03 0.01 0.01 0.01 0.01 0.01 0.01 0.01 0.01 0.01 0.01 0.01 0.01 0.01 0.01 0.01 0.02 0.01 0.01 0.01 0.01 0.01 106.03 719.03 719.03 0.01 0.01 0.01 0.02 0.02 0.01 0.01 0.01 0.01 0.01 0.02 0.02 1574.03 1574.03 1541.03 1541.03 1541.03 1541.03 1541.03 1541.03 1541.03 1541.03 1541.03 1541.03
0.02 0.02 2127.04 1230.04 1230.03 1230.03 1230.03 1230.03 1230.03 0.02 1230.03 1230.03 1852.03 1852.03 1852.03 1852.03 1852.03 0.02 0.02 0.02 1852.03 223.03 223.03 0.01 0.01 0.01 0.01 0.01 0.01 0.01 0.01 0.01 0.01 0.01 0.01 0.01 0.01 0.01 106.03 0.01 0.01 0.01 0.02 106.03 106.03 719.04 0.01 0.01 0.01 0.01 0.01 0.02 0.02 0.02 0.01 0.01 0.01 1999.03 1574.03 1574.03 1574.03 1574.03 1574.03 1574.03 1574.03 1541.03 1541.03 1541.03 1541.03 1541.03 1541.03
0.02 0.02 2127.04 2127.03 1230.03 1230.03 1230.03 1230.03 1230.03 0.02 1230.03 1230.03 0.02 0.02 0.02 1852.03 1852.03 1852.03 0.02 0.02 223.03 223.03 0.01 0.01 0.01 0.01 0.01 0.01 0.01 0.01 0.01 0.01 0.01 0.01 0.01 0.01 0.01 106.03 106.03 0.02 0.02 0.02 0.02 0.02 0.01 719.04 719.04 0.01 0.01 0.01 0.01 1999.03 0.02 1999.03 1999.03 1999.03 1999.03 1999.03 1999.03 1574.03 1574.03 1574.03 1574.03 1574.03 1574.03 1574.03 1574.03 1574.03 1574.03 1574.03 1541.03
2127.04 2127.04 2127.04 2127.03 1230.03 1230.03 1230.03 1230.03 1230.04 1230.04 0.02 1230.04 1230.03 1852.03 0.02 1852.03 1852.03 1852.03 0.02 0.01 0.01 223.03 0.01 0.01 0.01 0.01 0.01 0.01 0.01 0.01 0.01 0.01 0.01 0.02 637.03 637.03 637.03 637.03 637.03 0.02 0.02 0.02 0.02 0.02 0.01 0.01 719.04 0.02 0.01 0.01 0.02 1999.03 1999.03 1999.03 1999.03 1999.03 1999.03 1999.03 1999.03 1574.03 1574.03 1574.03 1574.03 1574.03 1574.03 1574.03 1574.03 1574.03 1574.03 1574.03 1574.03
2127.04 2127.03 2127.03 2127.03 1230.03 1230.03 1230.03 1230.03 1230.04 1230.04 1230.03 1230.03 0.02 0.02 0.02 1852.03 1852.03 223.03 0.01 0.01 0.01 223.03 223.03 0.02 0.01 0.01 0.01 0.01 0.01 0.01 0.01 0.01 0.01 0.01 637.03 637.03 637.03 637.03 637.03 0.02 0.01 0.01 0.01 0.02 0.02 0.02 1999.03 1999.03 1999.03 0.02 0.01 0.01 0.01 1999.03 1999.03 1999.03 1999.03 1999.03 1999.03 1999.03 1574.03 0.02 1574.03 1574.03 1574.03 1574.03 1574.03 1574.03 1574.03 1574.03 1574.03
2127.04 2127.03 2127.03 2127.03 2127.03 1230.03 1230.03 1230.03 1230.03 1230.04 1230.03 1230.03 0.02 0.02 1852.03 1852.03 223.03 223.03 0.01 0.01 0.01 223.03 223.03 223.03 0.02 0.01 0.01 0.01 0.01 0.01 0.01 0.01 0.01 0.01 0.01 637.03 637.03 637.03 0.02 0.01 0.01 0.01 0.02 0.02 0.02 0.02 0.02 0.02 1999.03 1999.03 0.01 0.01 0.01 1999.03 1999.03 1999.03 1999.03 1999.03 1999.03 1999.03 1574.03 1574.03 1574.03 1574.03 1574.03 1574.03 1574.03 1574.03 1574.03 1574.03 1574.03
2127.04 2127.03 2127.03 2127.03 2127.03 1230.03 1230.03 1230.03 1230.03 1230.03 1230.03 1230.03 0.02 0.02 1852.03 223.03 223.03 0.01 0.01 0.01 0.01 1063.03 1063.03 1063.03 0.02 0.01 0.01 0.01 0.01 0.01 0.01 0.01 0.01 0.01 0.02 637.03 637.03 637.03 637.03 0.01 0.02 0.02 0.02 0.02 0.02 1999.04 0.02 0.02 0.02 0.02 0.01 0.01 0.01 1999.03 1999.03 1999.03 1999.03 1999.03 1999.03 1999.03 1999.03 1574.03 1574.03 1574.03 1574.03 1574.03 1574.03 1574.03 1574.03 1574.03 1574.03
2127.04 2127.03 2127.03 2127.03 2127.03 2127.03 1230.03 1230.03 1230.03 1230.03 1230.03 1230.03 1230.03 0.08 1175.03 0.01 0.01 0.01 0.01 0.01 1063.03 1063.03 1063.03 1063.03 0.01 0.01 0.01 0.01 0.01 0.01 0.01 0.01 0.01 0.02 637.03 0.02 637.03 0.02 0.02 0.02 0.02 0.02 0.02 0.02 1999.04 1999.04 1999.04 0.02 0.02 0.02 0.02 0.01 0.02 1999.03 1999.03 1999.03 1999.03 1999.03 1999.03 1999.03 1999.03 1999.03 1574.03 1574.03 1574.03 1574.03 1574.03 1574.03 1574.03 1574.03 2086.03
2127.03 2127.03 2127.03 2127.03 2127.03 2127.03 1230.03 1230.03 1230.03 1230.03 1230.03 1175.03 1175.03 0.08 0.01 0.01 0.01 0.01 0.01 0.01 1063.03 1063.03 1063.03 0.01 0.01 0.01 0.01 0.01 0.01 0.01 0.01 0.01 637.03 0.02 637.03 0.02 0.02 0.02 0.02 0.02 0.02 0.02 637.04 637.04 1999.04 1999.04 1999.04 1999.04 1999.04 1999.03 1999.03 0.02 1999.03 1999.03 1999.03 1999.03 1999.03 1999.03 1999.03 1999.03 1999.03 0.02 0.02 1574.03 1574.03 1574.03 0.05 1574.03 1574.03 1574.03 2086.03
2127.03 2127.03 2127.03 2127.03 2127.03 2127.03 1230.03 1230.03 1230.03 1230.03 1175.03 1175.03 1175.03 1175.03 0.01 0.01 0.01 0.01 0.01 0.01 1063.03 1063.03 1063.03 0.01 0.01 0.01 0.01 0.01 0.01 0.01 0.01 0.02 637.03 637.03 637.03 0.02 0.02 0.02 0.02 0.01 0.02 637.04 637.04 637.04 1999.04 1999.04 1999.04 1999.03 1999.03 1999.03 1999.03 1999.03 1999.03 1999.04 1999.03 0.05 0.05 1999.03 1999.03 1999.03 1999.03 1999.04 0.02 0.05 0.05 0.05 0.05 1574.03 1574.03 1574.03 2086.03
2127.03 2127.03 2127.03 2127.03 2127.03 2127.03 2127.03 1230.03 1230.03 0.02 1175.03 1175.03 1175.03 0.01 0.01 0.01 0.01 0.01 0.01 0.01 0.02 2261.03 2261.03 0.02 0.01 0.01 0.01 0.01 0.01 637.03 637.03 637.03 637.03 637.03 637.03 0.02 0.02 0.01 0.01 0.01 0.01 0.02 637.04 2283.04 1999.04 1999.04 1999.03 1999.03 1999.03 0.02 0.02 0.02 1999.03 1999.03 1999.03 0.05 1999.03 1999.03 1999.03 1999.03 1999.03 1999.03 1999.04 877.04 877.04 0.05 0.05 0.05 1574.03 1574.03 2086.03
