Inputs/GridInputs/LU&ParcGridBarry40.asc
ncols         58
nrows         60
xllcorner     -1688447.691606855
yllcorner     3186581.191380518
dx            40.63163548370759
dy            40.63761307856378
0.0 0.0 0.0 0.0 0.0 0.0 0.0 0.0 0.0 0.0 0.0 0.0 0.0 0.0 0.0 0.0 0.0 0.0 0.0 0.0 0.0 0.0 0.0 0.0 0.0 0.0 0.0 197.04 197.04 197.04 244.04 0.0 0.0 0.0 0.0 0.0 0.0 0.0 0.0 0.0 0.0 0.0 0.0 0.0 0.0 0.0 0.0 0.0 0.0 0.0 0.0 0.0 0.0 0.0 0.0 0.0 0.0 0.0 
0.0 0.0 0.0 0.0 0.0 0.0 0.0 0.0 0.0 0.0 0.0 0.0 0.0 0.0 0.0 0.0 0.0 0.0 0.0 0.0 0.0 0.0 0.0 0.0 0.0 0.0 197.04 197.04 197.04 197.04 0.05 0.05 0.05 139.04 33.04 0.0 0.0 0.0 0.0 0.0 0.0 0.0 0.0 0.0 0.0 0.0 0.0 0.0 0.0 0.0 0.0 0.0 0.0 0.0 0.0 0.0 0.0 0.0 
0.0 0.0 0.0 0.0 0.0 0.0 0.0 0.0 0.0 0.0 0.0 0.0 0.0 0.0 0.0 0.0 0.0 0.0 0.0 0.0 0.0 0.0 0.0 0.0 0.05 255.04 255.04 255.04 197.04 0.05 0.05 0.05 139.04 33.04 33.03 33.03 33.03 33.04 0.0 0.0 0.0 0.0 0.0 0.0 0.0 0.0 0.0 0.0 0.0 0.0 0.0 0.0 0.0 0.0 0.0 0.0 0.0 0.0 
0.0 0.0 0.0 0.0 0.0 0.0 0.0 0.0 0.0 0.0 0.0 0.0 0.0 0.0 0.0 0.0 0.0 0.0 0.0 0.0 0.0 0.0 256.03 256.03 256.04 256.04 255.04 255.04 0.05 0.05 0.05 41.03 139.04 33.04 33.03 33.03 33.03 33.04 138.04 138.03 138.03 0.0 0.0 0.0 0.0 0.0 0.0 0.0 0.0 0.0 0.0 0.0 0.0 0.0 0.0 0.0 0.0 0.0 
0.0 0.0 0.0 0.0 0.0 0.0 0.0 0.0 0.0 0.0 0.0 0.0 0.0 0.0 0.0 0.0 0.0 0.0 0.0 0.0 0.0 135.03 0.01 0.01 256.03 256.04 256.04 255.04 0.05 0.05 6.04 41.04 41.03 26.03 33.03 0.02 33.04 317.04 138.04 138.04 138.04 138.04 0.0 0.0 0.0 0.0 0.0 0.0 0.0 0.0 0.0 0.0 0.0 0.0 0.0 0.0 0.0 0.0 
0.0 0.0 0.0 0.0 0.0 0.0 0.0 0.0 0.0 0.0 0.0 0.0 0.0 0.0 0.0 0.0 0.0 0.0 0.0 192.03 135.03 0.01 0.01 0.01 256.04 256.04 256.04 233.04 233.04 0.02 6.04 194.04 194.04 26.03 26.04 26.03 317.04 317.04 276.04 276.04 138.04 138.04 138.04 0.0 0.0 0.0 0.0 0.0 0.0 0.0 0.0 0.0 0.0 0.0 0.0 0.0 0.0 0.0 
0.0 0.0 0.0 0.0 0.0 0.0 0.0 0.0 0.0 0.0 0.0 0.0 0.0 0.0 0.0 0.0 0.0 0.0 0.0 0.01 0.01 0.01 0.01 0.01 135.04 135.04 218.04 233.04 233.04 47.04 222.04 222.04 194.03 0.02 26.04 176.03 317.04 317.03 317.03 276.04 276.04 297.04 297.04 105.04 105.04 0.0 0.0 0.0 0.0 0.0 0.0 0.0 0.0 0.0 0.0 0.0 0.0 0.0 
0.0 0.0 0.0 0.0 0.0 0.0 0.0 0.0 0.0 0.0 0.0 0.0 0.0 0.0 0.0 0.0 0.0 0.0 0.0 0.01 0.01 0.01 0.01 0.01 130.03 130.04 218.04 218.04 47.04 47.04 47.04 64.04 64.03 26.03 176.03 176.03 306.03 317.03 317.03 276.04 276.04 297.04 105.04 105.04 105.03 288.03 288.03 20.03 20.03 0.0 0.0 0.0 0.0 0.0 0.0 0.0 0.0 0.0 
0.0 0.0 0.0 0.0 0.0 0.0 0.0 0.0 0.0 0.0 0.0 0.0 0.0 0.0 0.0 0.0 0.0 0.0 192.03 192.03 0.01 0.01 0.01 130.03 130.03 0.02 218.03 218.04 47.03 47.03 94.04 64.03 64.03 64.03 176.03 176.03 306.03 306.03 317.03 86.04 86.04 143.04 143.04 105.03 288.03 288.03 288.03 20.03 20.03 20.03 0.02 0.0 0.0 0.0 0.0 0.0 0.0 0.0 
0.0 0.0 0.0 0.0 0.0 0.0 0.0 0.0 0.0 0.0 0.0 0.0 0.0 0.0 0.0 0.0 294.03 192.03 192.03 192.03 31.03 0.01 0.01 185.03 3.03 3.03 3.03 3.03 221.04 94.04 94.04 94.03 61.03 299.03 299.03 273.03 273.03 306.04 86.04 86.04 86.04 143.04 143.03 0.02 288.03 288.03 288.03 118.03 118.03 118.03 118.03 283.03 283.03 0.0 0.0 0.0 0.0 0.0 
0.0 0.0 0.0 0.0 0.0 0.0 0.0 0.0 0.0 0.0 0.0 0.0 0.0 0.0 0.02 294.03 294.03 294.03 192.03 0.02 31.03 287.03 287.03 185.03 185.03 3.03 3.04 221.03 221.03 221.03 221.04 61.03 61.03 299.03 299.04 273.03 273.03 273.04 86.04 86.04 86.04 30.04 30.03 46.03 242.03 242.03 242.03 118.03 118.03 118.03 118.03 283.03 283.03 311.03 311.03 0.02 0.02 0.0 
0.0 0.0 0.0 0.0 0.0 0.0 0.0 0.0 0.0 0.0 0.0 0.0 0.0 77.03 294.03 294.03 294.03 294.03 0.02 65.04 65.03 287.03 287.03 185.03 185.03 3.03 3.03 90.03 221.03 221.03 221.04 61.04 61.03 322.04 322.04 273.03 273.03 245.04 86.04 86.04 30.03 30.03 30.03 46.03 46.03 0.02 242.03 182.03 182.03 161.03 161.03 283.03 311.03 311.03 0.02 63.03 63.03 223.03 
0.0 0.0 0.0 0.0 0.0 0.0 0.0 0.0 0.0 0.0 0.0 0.0 119.03 77.03 77.03 294.03 294.03 294.03 294.04 65.04 65.04 164.03 287.03 287.03 265.03 265.03 309.03 90.03 90.03 90.03 0.01 0.01 56.03 56.03 322.04 245.03 0.02 245.03 245.03 30.04 30.03 30.03 30.03 46.03 46.03 21.03 21.03 52.03 182.03 161.03 161.03 283.03 311.03 0.02 63.03 63.03 223.03 223.03 
0.0 0.0 0.0 0.0 0.0 216.03 0.02 13.03 13.03 13.03 119.03 119.03 119.03 77.03 77.04 77.04 294.04 294.04 164.04 0.05 164.04 164.03 34.03 34.03 265.03 265.03 309.03 309.03 0.01 90.03 258.03 258.03 56.03 56.03 50.04 245.04 245.04 245.03 245.03 163.04 170.03 170.03 170.03 170.03 21.03 21.03 52.03 52.03 182.03 182.04 248.03 248.03 248.03 98.03 98.04 223.04 223.03 223.03 
0.0 0.0 0.0 0.0 0.02 216.03 216.03 13.03 13.03 144.03 119.03 119.03 119.03 77.03 77.04 77.04 74.04 151.04 151.04 164.03 164.03 164.03 34.03 34.03 34.03 265.03 264.03 264.03 0.01 258.03 258.03 0.01 0.01 55.03 50.04 50.04 50.03 0.05 101.03 163.03 163.03 170.03 170.03 170.03 0.02 186.03 186.03 52.04 320.04 320.04 248.04 248.03 248.03 98.03 98.03 333.03 223.03 223.03 
0.0 0.0 0.0 216.03 216.03 216.04 216.04 216.04 158.03 158.03 144.03 114.03 114.03 77.03 77.03 74.04 74.04 0.05 0.02 282.04 282.03 282.03 37.03 34.03 34.04 211.03 211.03 264.03 0.01 303.03 153.03 153.03 153.03 55.03 55.03 50.03 101.03 101.03 101.03 163.03 163.03 170.03 170.03 170.03 0.02 186.03 93.03 320.04 320.04 320.04 248.04 248.04 248.03 98.03 330.03 333.03 128.03 128.03 
0.0 0.0 32.03 32.03 216.03 216.04 216.04 158.04 158.04 158.03 114.04 114.04 114.04 114.04 74.03 261.03 261.03 151.03 151.03 121.04 80.03 68.03 37.03 37.03 37.04 211.04 211.03 131.03 131.03 303.03 303.03 153.03 289.03 9.03 9.03 9.03 101.03 101.03 215.03 215.03 173.03 173.03 170.03 285.03 285.03 93.03 93.03 93.04 320.03 320.04 248.04 157.04 157.03 330.03 330.03 128.03 128.03 128.03 
0.0 162.03 32.03 32.04 32.04 32.04 216.04 300.04 158.04 158.03 114.04 114.04 114.04 72.04 72.03 72.03 261.03 59.03 59.03 121.04 80.03 68.03 68.03 0.01 37.04 213.04 131.03 131.03 131.03 303.03 70.03 70.03 289.03 51.04 51.04 9.04 101.04 101.03 215.03 215.03 173.03 173.03 0.01 0.01 285.03 285.03 93.03 93.03 40.03 40.03 40.03 157.03 157.03 157.03 84.03 84.03 128.03 128.03 
162.03 162.03 146.04 32.04 32.04 32.04 32.04 300.04 300.04 300.03 1.04 1.04 72.04 72.04 72.04 72.04 72.03 59.03 59.03 59.03 59.03 68.03 68.03 0.01 0.01 213.03 213.03 131.03 106.03 106.03 137.03 70.03 133.03 0.05 51.04 298.04 298.04 181.03 181.03 181.03 181.03 173.03 0.01 0.01 285.03 285.03 285.03 280.03 40.03 40.03 40.03 157.03 157.03 157.03 84.03 84.04 84.04 304.03 
162.03 162.03 146.04 146.03 32.04 251.04 251.04 300.04 300.04 300.04 1.04 1.03 1.03 72.04 72.04 10.04 34.03 34.03 34.03 34.03 59.03 277.03 230.03 230.03 213.03 213.03 0.05 281.04 281.03 302.04 302.04 73.04 73.03 73.04 298.04 298.04 298.04 181.03 181.03 181.03 181.03 89.03 89.03 89.03 285.03 285.03 280.03 280.03 40.03 40.03 40.03 134.03 17.03 17.03 17.03 84.04 304.04 304.04 
0.01 146.03 146.04 136.03 136.04 251.04 251.04 300.04 300.04 53.04 53.04 1.04 1.04 8.04 10.04 10.03 10.04 34.03 34.03 34.03 16.03 277.03 230.03 230.03 230.03 213.03 213.03 0.05 281.03 302.04 302.04 73.04 73.04 73.04 298.04 298.04 298.03 116.03 116.03 116.04 116.03 89.03 89.03 89.03 89.03 259.03 259.03 280.03 126.03 326.03 134.03 134.03 17.03 17.03 17.03 69.03 304.04 304.04 
0.02 146.03 146.04 136.04 187.04 187.04 251.04 251.04 300.04 53.04 53.04 1.04 8.04 8.04 10.04 10.03 35.04 34.03 34.03 16.04 16.04 277.04 277.04 230.03 230.03 199.03 199.03 199.04 156.04 156.03 302.03 73.03 73.03 73.04 263.04 298.04 298.03 116.03 116.04 116.03 203.03 203.03 89.03 89.03 89.03 259.03 259.03 259.03 126.03 326.03 134.03 134.03 169.03 17.03 69.03 69.03 69.03 0.0 
146.04 146.03 187.04 187.04 187.04 193.03 193.03 193.03 224.03 269.03 269.03 269.04 104.04 8.04 296.03 257.04 201.04 201.04 34.04 16.04 16.04 16.04 277.04 230.04 230.04 199.03 199.03 199.04 156.03 156.03 156.04 246.04 246.04 0.05 263.04 263.04 85.04 96.04 96.04 123.03 203.03 203.03 155.03 89.03 89.03 259.03 259.03 259.03 126.03 313.03 134.03 169.03 169.03 107.03 69.03 69.03 69.03 0.0 
0.02 187.03 187.03 58.03 58.03 193.03 295.03 224.03 224.03 269.03 269.04 327.04 327.04 104.04 296.04 54.04 54.04 49.04 45.04 167.04 167.04 167.04 335.04 335.04 127.04 127.03 199.04 156.04 156.04 156.04 156.03 246.04 246.04 0.05 0.05 85.04 85.04 96.03 123.03 123.03 325.03 325.03 325.03 325.04 206.03 206.03 313.03 313.03 313.03 313.03 313.03 169.03 107.03 107.03 69.03 69.03 69.03 0.0 
0.0 58.03 58.04 58.03 58.03 58.04 145.04 0.01 224.03 269.03 269.04 327.04 327.04 328.04 328.04 27.04 49.04 49.04 45.04 167.04 266.04 266.04 335.04 335.04 127.04 127.03 0.05 156.04 156.04 156.04 246.04 246.04 246.04 246.04 0.05 85.03 75.03 75.03 123.03 123.03 318.03 318.03 318.03 318.03 206.03 91.03 91.03 313.03 313.03 313.04 313.04 169.03 107.03 107.03 107.03 69.03 0.0 0.0 
0.0 58.03 0.02 58.04 58.03 58.04 109.04 0.01 57.03 217.03 217.04 321.04 321.04 328.04 316.04 27.04 49.04 49.04 45.04 97.04 266.04 266.04 335.03 129.04 127.04 127.04 76.04 76.04 76.04 270.04 141.04 141.04 141.04 159.04 159.04 159.03 159.03 75.03 329.03 329.03 329.03 318.03 318.03 206.03 206.03 91.03 91.03 91.03 0.0 0.0 313.04 107.03 107.03 107.03 107.03 69.03 0.0 0.0 
0.0 0.0 58.04 58.04 109.03 109.04 109.04 57.03 57.03 178.03 178.04 321.04 321.04 316.03 316.03 316.04 49.04 49.04 97.04 97.04 62.04 62.04 129.04 129.04 120.04 120.03 76.04 76.04 76.04 270.03 141.04 141.04 141.04 207.04 159.03 159.04 200.04 200.03 329.03 329.03 329.03 225.03 168.03 168.04 206.03 91.03 91.03 149.03 149.03 0.0 0.0 0.0 0.0 107.03 107.03 0.0 0.0 0.0 
0.0 0.0 58.04 28.04 109.03 109.03 109.04 57.04 57.04 178.04 267.04 267.04 267.04 284.03 284.04 316.04 49.04 97.04 97.04 62.04 62.03 62.04 62.04 120.04 120.03 120.03 76.03 76.04 270.04 270.03 270.04 141.04 141.04 207.04 207.04 200.04 200.04 200.03 329.03 329.03 225.03 225.03 168.03 168.03 168.03 91.03 149.03 149.03 149.04 0.0 0.0 0.0 0.0 0.0 0.0 0.0 0.0 0.0 
0.0 0.0 0.0 28.03 28.03 28.04 125.04 194.04 194.04 178.04 267.04 267.04 284.04 284.03 284.03 284.04 284.04 212.03 212.03 212.04 19.04 19.04 108.04 108.03 120.03 120.03 76.04 76.04 270.04 270.03 270.04 141.04 210.04 210.04 207.04 207.04 200.04 200.04 95.03 95.03 225.04 225.03 147.03 147.03 147.03 291.03 291.03 0.05 39.04 122.04 0.0 0.0 0.0 0.0 0.0 0.0 0.0 0.0 
0.0 0.0 0.0 28.03 28.03 28.03 125.04 194.04 194.04 14.04 267.04 267.04 284.03 284.03 284.04 284.04 284.04 212.03 212.04 212.04 19.04 108.04 108.04 108.04 108.03 180.03 180.04 180.04 180.03 274.03 270.04 210.04 210.04 210.04 210.04 0.02 4.03 5.03 95.03 95.03 95.04 225.03 147.03 301.03 301.03 291.03 291.04 18.03 122.04 174.04 174.03 0.0 0.0 0.0 0.0 0.0 0.0 0.0 
0.0 0.0 0.0 0.0 28.03 28.04 28.04 14.04 14.04 14.04 14.03 190.03 190.03 190.03 190.04 190.04 190.04 212.03 212.03 0.05 0.05 0.05 108.04 108.04 108.04 180.04 180.04 180.03 274.03 274.04 274.04 210.04 210.04 210.04 92.04 4.04 4.03 5.03 5.03 95.03 95.03 229.03 229.03 301.03 301.03 301.04 171.04 29.03 44.03 174.03 174.03 174.04 174.04 0.0 0.0 0.0 0.0 0.0 
0.0 0.0 0.0 0.0 0.0 0.0 28.04 14.04 14.03 14.04 14.03 190.03 190.03 190.03 190.04 190.04 190.04 331.04 331.04 331.04 331.04 108.04 108.04 108.04 108.04 180.04 180.04 180.04 274.04 272.04 272.04 272.04 92.04 92.04 92.03 4.03 4.03 5.03 5.03 250.03 250.03 229.03 229.03 301.03 301.03 71.03 29.03 29.03 44.03 174.03 174.03 174.04 254.04 254.04 0.0 0.0 0.0 0.0 
0.0 0.0 0.0 0.0 0.0 0.0 0.0 0.0 0.0 0.0 0.0 190.03 190.03 190.03 190.03 190.04 331.04 331.04 331.04 331.04 312.04 312.04 312.04 108.04 108.04 314.04 180.04 209.04 209.04 272.03 272.03 272.03 228.04 228.04 92.04 4.03 249.03 249.03 115.03 250.03 250.03 229.03 229.03 43.03 71.03 71.03 71.03 29.03 44.03 44.03 254.03 254.03 254.03 254.03 0.0 0.0 0.0 0.0 
0.0 0.0 0.0 0.0 0.0 0.0 0.0 0.0 0.0 0.0 0.0 0.0 190.03 190.03 190.03 190.03 132.03 132.04 132.04 132.04 312.03 312.03 0.01 0.01 208.03 314.03 314.04 236.04 209.04 209.03 272.03 272.03 228.04 228.04 228.04 249.03 249.03 249.03 124.03 250.03 250.03 191.03 43.03 43.03 71.03 71.03 71.03 338.03 338.03 254.03 254.03 254.03 254.03 188.03 0.0 0.0 0.0 0.0 
0.0 0.0 0.0 0.0 0.0 0.0 0.0 0.0 0.0 0.0 0.0 0.0 293.03 0.05 293.03 293.03 286.03 132.03 132.04 132.04 132.04 208.03 0.01 0.01 81.03 314.03 0.02 236.03 236.03 236.03 209.03 295.03 295.04 295.04 228.04 228.03 124.03 124.03 124.03 124.03 191.03 191.03 191.03 43.03 43.03 71.03 71.03 338.03 338.03 338.03 254.03 254.03 254.04 188.03 188.03 188.04 188.04 0.0 
0.0 0.0 0.0 0.0 0.0 0.0 0.0 0.0 0.0 0.0 0.0 0.02 293.03 293.03 293.03 286.03 286.03 132.03 132.04 247.04 247.04 208.04 0.01 0.01 0.01 81.03 314.03 314.03 236.03 236.03 336.03 295.03 295.04 295.03 66.03 66.03 42.03 42.03 12.03 12.03 191.03 191.03 191.03 15.03 113.03 113.03 338.03 338.03 338.03 338.03 338.03 254.03 254.03 188.03 188.03 188.04 188.04 0.0 
0.0 0.0 0.0 0.0 0.0 0.0 0.0 0.0 0.0 0.0 0.0 293.04 293.03 293.03 293.03 286.03 286.03 36.04 247.04 247.04 247.04 208.04 208.03 208.04 81.03 81.03 81.03 308.03 308.03 336.03 336.03 336.03 332.03 332.03 66.03 66.03 42.03 42.03 12.03 0.01 191.03 191.03 15.03 15.03 113.03 113.03 113.03 338.03 338.04 338.03 305.03 305.03 305.03 290.03 290.04 290.04 290.04 0.0 
0.0 0.0 0.0 0.0 0.0 0.0 0.0 0.0 0.0 0.0 0.0 293.04 293.03 0.02 324.03 286.03 36.03 36.03 247.04 247.04 247.04 247.04 22.04 22.04 22.04 150.04 81.03 308.03 308.03 336.03 336.03 336.03 332.03 332.03 66.03 66.03 42.03 42.03 0.01 0.01 165.03 340.03 340.03 340.03 113.03 113.03 231.04 231.03 338.03 305.03 305.03 305.03 305.04 290.04 290.04 0.0 0.0 0.0 
0.0 0.0 0.0 0.0 0.0 0.0 0.0 0.0 0.0 0.0 117.03 293.03 293.03 324.03 324.03 238.03 38.03 36.04 36.03 67.03 67.04 67.04 22.04 22.04 150.04 150.04 150.04 220.04 220.04 220.03 243.03 243.03 243.03 332.03 66.03 66.03 237.03 239.03 239.03 239.03 165.03 165.03 340.03 340.03 226.03 231.04 231.03 231.03 231.04 305.04 305.03 305.03 305.04 0.0 0.0 0.0 0.0 0.0 
0.0 0.0 0.0 0.0 0.0 0.0 0.0 0.0 0.0 0.0 117.03 117.03 117.03 82.03 82.03 82.03 196.04 196.03 196.03 67.03 67.04 67.04 148.04 148.04 148.04 150.03 150.03 220.04 220.04 86.03 243.03 243.03 243.03 243.03 0.01 237.03 237.03 237.03 239.03 239.03 165.03 165.03 165.03 226.03 226.03 231.03 231.03 231.04 184.03 184.03 305.03 305.03 0.0 0.0 0.0 0.0 0.0 0.0 
0.0 0.0 0.0 0.0 0.0 0.0 0.0 0.0 0.0 0.0 0.0 117.03 117.03 117.03 82.03 82.03 196.03 196.03 196.03 67.03 99.03 99.03 227.04 227.03 148.03 0.01 150.03 24.03 24.03 24.03 86.03 243.03 243.03 243.03 0.02 0.02 237.04 237.04 25.04 232.03 232.03 232.03 279.03 279.03 226.03 226.03 337.03 184.03 184.03 184.03 88.03 88.03 0.0 0.0 0.0 0.0 0.0 0.0 
0.0 0.0 0.0 0.0 0.0 0.0 0.0 0.0 0.0 0.0 0.0 117.03 117.03 117.03 179.03 179.03 196.03 196.03 0.0 99.03 99.03 219.03 227.03 227.03 0.01 0.01 275.03 0.01 0.01 24.03 24.03 189.04 243.03 111.03 111.03 111.04 111.04 111.04 25.04 25.03 232.03 232.03 279.03 279.03 279.03 337.03 337.03 337.03 184.03 88.03 88.03 88.03 0.0 0.0 0.0 0.0 0.0 0.0 
0.0 0.0 0.0 0.0 0.0 0.0 0.0 0.0 0.0 0.0 0.0 0.0 117.03 179.03 179.03 179.03 0.0 0.0 0.0 0.02 219.03 219.03 0.01 0.01 0.01 275.03 275.03 110.03 110.03 110.03 0.02 189.03 189.03 111.03 111.03 111.04 111.04 25.04 25.03 160.03 160.03 232.03 279.03 279.03 279.03 337.03 337.03 337.03 184.03 88.03 88.03 88.03 0.0 0.0 0.0 0.0 0.0 0.0 
0.0 0.0 0.0 0.0 0.0 0.0 0.0 0.0 0.0 0.0 0.0 0.0 0.0 179.03 0.0 0.0 0.0 0.0 0.0 219.04 0.02 219.03 219.03 323.03 323.03 275.03 275.03 110.03 110.03 307.04 189.03 189.03 103.03 0.01 142.03 142.03 142.03 0.02 195.03 195.03 160.03 160.03 279.03 262.03 262.03 337.03 339.03 339.03 154.03 154.03 154.03 0.0 0.0 0.0 0.0 0.0 0.0 0.0 
0.0 0.0 0.0 0.0 0.0 0.0 0.0 0.0 0.0 0.0 0.0 0.0 0.0 0.0 0.0 0.0 0.0 0.0 0.0 219.04 219.04 219.03 323.03 323.04 323.04 323.04 323.03 307.03 307.03 307.03 319.03 319.03 103.03 103.03 142.04 142.03 142.03 195.04 195.03 140.03 0.03 0.03 262.03 262.03 262.03 262.03 339.03 339.03 87.03 154.03 0.0 0.0 0.0 0.0 0.0 0.0 0.0 0.0 
0.0 0.0 0.0 0.0 0.0 0.0 0.0 0.0 0.0 0.0 0.0 0.0 0.0 0.0 0.0 0.0 0.0 0.0 0.0 0.02 219.03 323.04 323.04 323.04 323.04 323.04 323.04 307.03 307.04 319.04 319.03 319.03 103.03 103.03 103.04 142.04 172.04 172.03 140.03 140.03 0.03 0.03 262.03 262.03 262.03 262.03 2.03 2.03 87.03 0.0 0.0 0.0 0.0 0.0 0.0 0.0 0.0 0.0 
0.0 0.0 0.0 0.0 0.0 0.0 0.0 0.0 0.0 0.0 0.0 0.0 0.0 0.0 0.0 0.0 0.0 0.0 0.0 0.0 278.04 278.04 278.04 278.04 278.04 278.04 278.04 278.04 252.04 252.03 252.03 252.03 103.03 103.03 271.03 271.03 172.03 172.03 292.03 292.03 102.03 102.03 102.03 79.03 79.03 234.04 234.04 0.02 2.03 0.0 0.0 0.0 0.0 0.0 0.0 0.0 0.0 0.0 
0.0 0.0 0.0 0.0 0.0 0.0 0.0 0.0 0.0 0.0 0.0 0.0 0.0 0.0 0.0 0.0 0.0 0.0 0.0 0.0 278.04 278.04 278.04 278.04 278.04 278.04 278.04 278.04 252.04 252.03 252.03 252.03 83.03 271.03 271.03 271.03 172.03 172.03 172.03 292.03 102.03 102.03 102.03 79.03 79.03 234.04 234.04 0.0 0.0 0.0 0.0 0.0 0.0 0.0 0.0 0.0 0.0 0.0 
0.0 0.0 0.0 0.0 0.0 0.0 0.0 0.0 0.0 0.0 0.0 0.0 0.0 0.0 0.0 0.0 0.0 0.0 0.0 0.0 278.04 278.04 278.04 278.04 278.04 278.04 278.04 278.04 252.04 252.04 83.03 83.03 83.03 253.03 271.03 271.04 172.04 172.03 48.03 11.03 11.03 11.03 11.03 79.04 79.04 0.0 0.0 0.0 0.0 0.0 0.0 0.0 0.0 0.0 0.0 0.0 0.0 0.0 
0.0 0.0 0.0 0.0 0.0 0.0 0.0 0.0 0.0 0.0 0.0 0.0 0.0 0.0 0.0 0.0 0.0 0.0 0.0 0.0 198.04 198.04 198.04 198.04 198.04 198.04 198.04 198.04 175.04 83.04 83.03 83.03 253.03 166.03 166.03 152.03 152.04 202.04 0.05 48.03 241.03 334.03 334.03 0.0 0.0 0.0 0.0 0.0 0.0 0.0 0.0 0.0 0.0 0.0 0.0 0.0 0.0 0.0 
0.0 0.0 0.0 0.0 0.0 0.0 0.0 0.0 0.0 0.0 0.0 0.0 0.0 0.0 0.0 0.0 0.0 0.0 0.0 0.0 0.0 0.05 198.03 198.04 198.04 198.04 198.04 175.04 175.03 175.04 83.04 253.03 0.02 166.03 166.04 152.03 0.05 0.05 0.05 48.03 241.03 334.04 334.03 0.0 0.0 0.0 0.0 0.0 0.0 0.0 0.0 0.0 0.0 0.0 0.0 0.0 0.0 0.0 
0.0 0.0 0.0 0.0 0.0 0.0 0.0 0.0 0.0 0.0 0.0 0.0 0.0 0.0 0.0 0.0 0.0 0.0 0.0 0.0 0.0 0.05 0.05 198.03 201.03 201.04 201.04 175.04 175.04 175.04 183.04 253.04 253.03 166.03 166.04 152.04 0.05 315.04 202.03 202.03 334.03 334.03 334.03 0.0 0.0 0.0 0.0 0.0 0.0 0.0 0.0 0.0 0.0 0.0 0.0 0.0 0.0 0.0 
0.0 0.0 0.0 0.0 0.0 0.0 0.0 0.0 0.0 0.0 0.0 0.0 0.0 0.0 0.0 0.0 0.0 0.0 0.0 0.0 0.0 0.0 0.05 201.03 201.03 201.03 201.04 175.04 78.04 78.04 183.04 183.03 205.03 23.03 23.03 23.03 214.03 214.03 177.03 177.03 177.03 334.03 0.0 0.0 0.0 0.0 0.0 0.0 0.0 0.0 0.0 0.0 0.0 0.0 0.0 0.0 0.0 0.0 
0.0 0.0 0.0 0.0 0.0 0.0 0.0 0.0 0.0 0.0 0.0 0.0 0.0 0.0 0.0 0.0 0.0 0.0 0.0 0.0 0.0 0.0 201.03 201.03 201.03 201.03 201.04 78.04 78.04 268.03 183.03 183.03 205.03 204.04 23.04 112.03 214.03 214.03 177.03 177.03 177.03 0.0 0.0 0.0 0.0 0.0 0.0 0.0 0.0 0.0 0.0 0.0 0.0 0.0 0.0 0.0 0.0 0.0 
0.0 0.0 0.0 0.0 0.0 0.0 0.0 0.0 0.0 0.0 0.0 0.0 0.0 0.0 0.0 0.0 0.0 0.0 0.0 0.0 0.0 0.0 201.03 201.03 201.03 201.03 78.04 78.03 0.01 268.03 268.03 183.03 0.02 204.04 112.03 112.04 100.03 100.03 260.03 260.03 177.03 0.0 0.0 0.0 0.0 0.0 0.0 0.0 0.0 0.0 0.0 0.0 0.0 0.0 0.0 0.0 0.0 0.0 
0.0 0.0 0.0 0.0 0.0 0.0 0.0 0.0 0.0 0.0 0.0 0.0 0.0 0.0 0.0 0.0 0.0 0.0 0.0 0.0 0.0 0.0 0.0 201.03 201.03 201.04 78.03 268.03 0.01 268.03 268.03 240.03 240.03 240.03 240.03 112.03 99.03 100.03 100.03 260.03 260.03 0.0 0.0 0.0 0.0 0.0 0.0 0.0 0.0 0.0 0.0 0.0 0.0 0.0 0.0 0.0 0.0 0.0 
0.0 0.0 0.0 0.0 0.0 0.0 0.0 0.0 0.0 0.0 0.0 0.0 0.0 0.0 0.0 0.0 0.0 0.0 0.0 0.0 0.0 0.0 0.0 0.0 0.0 78.04 310.03 310.03 310.03 310.03 310.03 240.03 240.03 240.03 240.03 99.03 99.03 99.04 0.0 0.0 0.0 0.0 0.0 0.0 0.0 0.0 0.0 0.0 0.0 0.0 0.0 0.0 0.0 0.0 0.0 0.0 0.0 0.0 
0.0 0.0 0.0 0.0 0.0 0.0 0.0 0.0 0.0 0.0 0.0 0.0 0.0 0.0 0.0 0.0 0.0 0.0 0.0 0.0 0.0 0.0 0.0 0.0 0.0 0.0 0.0 310.03 310.03 310.03 310.03 310.03 240.04 240.03 240.03 235.03 7.04 7.04 0.0 0.0 0.0 0.0 0.0 0.0 0.0 0.0 0.0 0.0 0.0 0.0 0.0 0.0 0.0 0.0 0.0 0.0 0.0 0.0 
0.0 0.0 0.0 0.0 0.0 0.0 0.0 0.0 0.0 0.0 0.0 0.0 0.0 0.0 0.0 0.0 0.0 0.0 0.0 0.0 0.0 0.0 0.0 0.0 0.0 0.0 0.0 0.0 0.0 310.03 310.03 60.03 60.04 60.04 60.04 235.03 235.03 235.03 0.0 0.0 0.0 0.0 0.0 0.0 0.0 0.0 0.0 0.0 0.0 0.0 0.0 0.0 0.0 0.0 0.0 0.0 0.0 0.0 
0.0 0.0 0.0 0.0 0.0 0.0 0.0 0.0 0.0 0.0 0.0 0.0 0.0 0.0 0.0 0.0 0.0 0.0 0.0 0.0 0.0 0.0 0.0 0.0 0.0 0.0 0.0 0.0 0.0 0.0 60.03 60.04 60.04 60.04 60.04 0.0 0.0 0.0 0.0 0.0 0.0 0.0 0.0 0.0 0.0 0.0 0.0 0.0 0.0 0.0 0.0 0.0 0.0 0.0 0.0 0.0 0.0 0.0 
