Inputs/GridInputs/LU&ParcGridDiohine40.asc
ncols         153
nrows         168
xllcorner     -1693877.958766256
yllcorner     3174597.0031306315
cellsize      40
[rows 128 to 159 of 168, columns 0 to 72 of 153]
0.0 0.0 0.0 0.0 0.0 0.0 0.0 0.0 0.0 0.0 0.0 0.0 0.0 0.0 155.04 903.04 903.04 903.04 0.05 0.05 915.04 0.05 0.05 0.05 0.05 2013.04 2013.04 2013.04 2321.04 2321.04 1298.04 1298.04 2285.04 0.05 0.05 786.04 2242.04 2242.04 1818.04 1818.04 170.04 170.04 1593.04 1593.04 24.04 316.04 625.04 625.04 625.04 2305.04 126.04 126.04 350.03 350.04 350.03 9.03 9.04 9.04 757.04 757.04 757.04 551.04 551.04 1292.04 897.04 897.03 897.03 1929.03 1929.03 1929.04 893.04 893.04 1172.04
0.0 0.0 0.0 0.0 0.0 0.0 0.0 0.0 0.0 0.0 0.0 0.0 155.04 155.04 155.04 903.04 903.04 83.04 83.04 0.05 610.04 610.04 0.05 0.05 2156.04 2013.04 2013.04 1209.04 1209.04 2321.04 1298.04 1298.04 2285.04 0.05 0.05 0.05 2242.04 1135.04 1135.04 2395.04 2395.04 170.04 24.04 24.04 24.04 316.04 316.04 625.04 2305.04 2305.04 2305.04 350.04 350.04 350.04 350.04 9.04 9.04 9.04 757.04 757.04 757.04 1380.04 1292.04 1292.04 897.04 897.04 2198.03 1275.04 380.04 409.04 2134.04 2134.04 2277.04
0.0 0.0 0.0 0.0 0.0 0.0 0.0 0.0 0.0 0.0 0.0 0.0 614.04 155.04 155.04 209.04 0.05 2003.04 2003.04 2003.04 2003.04 610.04 0.05 2156.04 2156.04 930.04 2013.04 1209.04 1858.04 1858.04 709.04 709.04 0.05 0.05 0.05 0.05 0.05 1135.04 1135.04 0.05 0.05 2395.04 24.04 24.04 316.04 316.04 316.04 812.04 2305.04 2305.03 2305.04 350.04 350.04 147.04 147.04 147.04 9.04 9.04 757.04 757.04 163.04 1380.04 1292.04 1292.04 1292.04 2198.03 715.04 715.04 1275.04 391.04 2134.04 1178.04 2277.04
0.0 0.0 0.0 0.0 0.0 0.0 0.0 0.0 0.0 0.0 0.0 0.0 614.04 614.04 209.04 209.04 0.05 280.04 2003.04 2003.04 2276.04 2276.04 2276.04 129.04 930.04 930.04 930.04 2220.04 1858.04 1858.04 709.04 709.04 0.05 0.05 933.04 2098.04 2098.04 1135.04 1135.04 2102.04 2102.04 2395.04 24.04 24.04 376.04 316.04 812.04 812.04 812.04 2305.04 2305.04 1105.03 1105.04 147.04 147.04 147.04 1557.03 1557.04 1732.04 1732.04 163.04 163.04 163.04 1292.04 1575.03 1575.04 715.04 715.04 2197.04 391.04 2134.04 1178.04 2277.04
0.0 0.0 0.0 0.0 0.0 0.0 0.0 0.0 0.0 0.0 0.0 0.0 738.03 738.03 0.05 0.05 0.05 280.04 280.04 280.04 2276.04 2276.04 2276.04 129.04 129.04 930.04 930.03 2220.04 2220.04 1858.03 858.04 1640.04 0.05 1640.04 0.05 2098.04 0.05 2098.04 1556.04 1556.04 2102.03 2102.03 2102.03 0.05 376.04 2455.04 208.03 208.03 208.03 208.04 1105.04 1105.04 1105.04 1105.04 14.04 14.04 1557.03 1557.03 645.04 1522.04 163.04 163.04 163.04 1575.03 1575.04 1575.04 58.04 2197.04 1709.04 1709.04 1178.04 1178.04 2277.04
0.0 0.0 0.0 0.0 0.0 0.0 0.0 0.0 0.0 0.0 0.0 0.0 738.03 0.11 0.11 0.05 0.05 2430.04 2430.04 2430.04 2276.04 2276.04 2276.04 129.04 129.04 1418.04 1418.03 2220.04 2220.04 858.04 858.04 884.04 1640.04 1673.04 0.05 1224.04 1224.04 1224.04 1556.04 1556.03 1556.03 1556.04 2438.04 2438.04 2438.03 2455.03 208.03 208.03 208.03 208.04 1105.04 1105.04 1105.04 14.04 14.04 307.04 307.03 730.03 730.04 1522.04 1522.04 1391.04 2362.03 2362.04 1575.04 58.04 58.04 2197.04 1709.04 1709.04 1709.04 628.04 881.04
0.0 0.0 0.0 0.0 0.0 0.0 0.0 0.0 0.0 0.0 0.0 0.0 0.0 0.11 0.11 0.05 2430.04 2430.04 2430.04 703.04 2276.04 2276.04 2276.04 129.04 129.04 1418.03 1418.04 1697.04 1697.04 190.04 190.04 884.04 1673.04 1673.04 1673.03 0.05 1224.04 1224.04 1556.03 1556.03 1556.04 2360.04 2438.04 2438.04 2438.04 347.04 347.04 347.03 208.04 208.04 1105.04 1105.04 14.04 14.04 14.04 307.04 307.04 307.03 730.04 1522.04 1522.03 1391.03 1391.04 2362.04 2362.04 58.04 58.04 122.04 122.04 122.04 2143.04 628.04 628.04
0.0 0.0 0.0 0.0 0.0 0.0 0.0 0.0 0.0 0.0 0.0 0.0 0.0 0.0 2407.04 2407.04 2407.04 2430.04 703.04 703.04 703.04 2276.04 2203.04 2203.04 834.04 1330.04 818.04 1697.04 1697.04 190.04 190.04 190.04 1673.04 1673.04 1673.04 1224.04 1224.03 1224.03 1604.03 1604.04 2360.04 2360.04 2360.04 1918.04 1918.04 778.04 347.04 347.04 347.04 347.04 2130.04 2130.04 2130.04 2130.04 2130.04 307.04 307.04 307.03 0.05 0.05 1610.03 1391.03 1391.04 2099.04 2099.04 2099.04 122.04 122.04 122.04 2143.04 0.02 628.04 628.04
0.0 0.0 0.0 0.0 0.0 0.0 0.0 0.0 0.0 0.0 0.0 0.0 0.0 0.0 2407.04 2407.04 2407.04 748.04 703.04 703.04 703.03 703.04 2203.04 2203.04 834.04 1805.04 1805.04 818.04 1334.04 1334.04 1500.04 1500.04 1673.04 1673.04 112.04 112.04 112.03 112.04 1604.04 1604.04 1604.04 2360.04 2360.04 1918.03 1918.03 778.04 347.04 347.04 347.04 347.04 2130.04 2130.04 2130.04 2130.04 2130.04 307.03 307.03 596.03 1610.04 1610.03 1610.03 1840.03 1219.04 2099.04 2099.03 1058.04 1058.04 122.04 2143.03 2143.03 1684.04 1684.04 628.04
0.0 0.0 0.0 0.0 0.0 0.0 0.0 0.0 0.0 0.0 0.0 0.0 0.0 0.0 0.0 0.05 748.04 748.04 748.04 703.04 703.04 703.04 2203.04 2203.04 35.04 35.04 35.04 1919.04 1919.04 1500.04 1500.04 1802.04 1802.04 1967.04 586.04 112.04 112.04 112.04 1604.04 1604.04 1604.04 2360.03 2360.03 2364.03 2364.03 2364.04 347.04 130.04 130.04 130.04 1221.04 2130.03 2130.03 2130.04 2130.03 2130.03 596.03 596.03 596.03 1610.03 1610.03 1840.03 1219.03 1219.04 1058.03 1058.04 1058.04 1547.03 2143.03 2143.04 0.05 1684.04 966.04
0.0 0.0 0.0 0.0 0.0 0.0 0.0 0.0 0.0 0.0 0.0 0.0 0.0 0.0 0.0 0.0 1423.04 1423.04 748.04 748.04 365.04 365.04 365.04 2203.03 35.04 35.04 35.04 1919.04 1919.04 1500.04 1500.04 1802.04 1802.04 1967.04 586.04 586.04 2063.04 2063.04 1604.04 1604.04 1604.03 1604.03 2364.03 2364.03 2364.03 2364.04 130.04 130.04 130.03 1221.04 1221.04 1221.04 2130.03 2130.03 2130.04 596.03 596.03 596.03 1103.03 1103.03 1610.04 1494.04 1494.03 1494.03 1058.03 1058.04 66.04 1547.04 1547.04 1547.04 1684.04 966.04 966.04
0.0 0.0 0.0 0.0 0.0 0.0 0.0 0.0 0.0 0.0 0.0 0.0 0.0 0.0 0.0 0.0 0.0 1423.04 1423.04 231.04 365.04 365.04 365.04 35.04 35.04 432.04 432.04 432.04 432.04 1802.04 1802.04 1802.04 2148.03 1967.04 1967.04 1355.04 2063.04 2063.04 1921.04 1604.04 1604.03 1604.03 2364.03 2364.03 2364.04 0.08 0.08 130.03 130.03 1221.04 1221.04 1221.04 1221.04 2130.04 809.04 809.04 596.03 1103.03 1103.04 394.04 394.04 394.04 1494.04 1494.04 1704.03 1704.04 66.04 758.04 1547.04 1547.04 1260.04 966.04 0.05
0.0 0.0 0.0 0.0 0.0 0.0 0.0 0.0 0.0 0.0 0.0 0.0 0.0 0.0 0.0 0.0 0.0 0.0 0.0 231.04 652.04 652.04 652.04 0.05 432.04 432.04 432.04 432.04 432.04 432.04 955.04 2148.04 2148.03 0.11 0.11 292.04 1921.04 1921.04 1921.04 1265.03 731.03 731.04 2408.03 2408.04 0.08 0.08 130.03 130.03 130.04 1221.04 1221.04 1221.04 1221.04 809.04 809.04 809.04 809.03 1103.04 1103.04 394.04 394.04 394.04 394.04 1494.03 1704.03 1704.04 1704.04 758.04 758.04 421.04 1891.04 1260.03 68.03
0.0 0.0 0.0 0.0 0.0 0.0 0.0 0.0 0.0 0.0 0.0 0.0 0.0 0.0 0.0 0.0 0.0 0.0 0.0 0.0 0.05 0.05 0.05 0.05 109.04 109.04 109.04 34.04 34.04 955.04 955.04 955.04 0.11 0.11 0.11 292.03 1921.04 1921.04 1921.04 1265.03 731.03 731.03 0.05 2408.03 2408.03 410.03 410.04 130.04 130.04 1221.04 0.08 1221.03 1221.04 809.04 809.04 809.03 1821.04 1821.04 1821.04 544.04 544.04 544.04 544.04 1301.04 1301.03 1704.04 400.04 400.04 2142.04 421.04 1891.03 1422.04 68.03
0.0 0.0 0.0 0.0 0.0 0.0 0.0 0.0 0.0 0.0 0.0 0.0 0.0 0.0 0.0 0.0 0.0 0.0 0.0 0.0 0.0 0.0 0.05 109.04 109.04 109.04 0.05 0.05 1985.04 955.04 955.04 955.04 2386.04 472.04 472.04 292.04 1921.04 1921.04 1265.03 0.05 0.05 0.05 731.03 2408.03 245.03 410.04 410.04 707.04 85.04 85.04 85.03 85.03 1653.03 1653.03 1653.03 1653.04 1821.04 1821.03 1821.04 544.04 544.04 544.04 1301.04 1301.04 1301.04 1301.04 400.04 2142.04 2142.04 421.04 1422.03 1422.04 1422.04
0.0 0.0 0.0 0.0 0.0 0.0 0.0 0.0 0.0 0.0 0.0 0.0 0.0 0.0 0.0 0.0 0.0 0.0 0.0 0.0 0.0 0.0 0.0 109.04 109.04 109.04 109.04 1985.04 0.05 0.05 0.11 2386.04 2386.04 1792.04 472.04 472.04 1676.04 1676.03 1265.03 1265.03 0.08 731.04 731.04 245.04 245.04 245.04 707.04 707.04 707.04 85.03 85.04 85.04 1653.03 1653.03 1653.04 1653.04 1821.03 1821.03 1821.04 2133.03 2133.03 2133.04 1301.04 1301.04 1301.04 1639.04 1639.04 1639.04 2142.04 2182.04 1432.04 1422.04 476.04
0.0 0.0 0.0 0.0 0.0 0.0 0.0 0.0 0.0 0.0 0.0 0.0 0.0 0.0 0.0 0.0 0.0 0.0 0.0 0.0 0.0 0.0 0.0 0.0 109.04 109.04 510.04 510.04 0.05 2441.04 0.11 1446.04 1446.04 1792.04 472.04 472.04 1676.04 1676.04 1751.03 603.03 603.04 2287.04 2287.04 245.04 245.04 245.04 371.04 371.04 496.04 496.04 85.04 236.04 236.03 781.04 781.04 781.04 781.03 1821.03 2133.04 2133.04 2133.04 2133.04 285.04 1301.04 1301.04 1639.04 1639.04 2114.04 2114.04 2182.04 2182.04 476.04 476.04
0.0 0.0 0.0 0.0 0.0 0.0 0.0 0.0 0.0 0.0 0.0 0.0 0.0 0.0 0.0 0.0 0.0 0.0 0.0 0.0 0.0 0.0 0.0 0.0 0.0 510.04 510.04 510.04 1170.04 1170.04 1158.04 1446.04 1446.04 1000.03 1000.03 0.05 1676.04 1676.04 1751.03 603.04 603.04 2287.04 2287.04 2287.04 245.04 371.04 371.04 371.04 581.04 581.04 581.04 236.04 236.04 781.04 781.04 781.04 781.03 1785.03 1785.04 2133.04 2133.04 285.04 285.04 1504.03 1504.04 1639.04 2114.03 2114.04 2114.04 0.05 2182.04 803.04 972.03
0.0 0.0 0.0 0.0 0.0 0.0 0.0 0.0 0.0 0.0 0.0 0.0 0.0 0.0 0.0 0.0 0.0 0.0 0.0 0.0 0.0 0.0 0.0 0.0 0.0 510.04 446.04 446.04 446.04 446.04 1158.04 1158.04 782.04 1000.04 1000.04 1000.04 1676.04 1751.04 1751.04 603.04 481.04 2367.04 2367.04 2287.04 2287.04 371.04 371.04 371.04 581.03 581.04 236.04 236.04 236.03 2244.04 2244.04 2244.04 1934.03 1785.04 1785.04 1116.04 1116.04 285.04 1504.04 1504.03 1504.04 1528.04 2114.04 2114.04 2114.04 2114.04 193.04 0.05 972.04
0.0 0.0 0.0 0.0 0.0 0.0 0.0 0.0 0.0 0.0 0.0 0.0 0.0 0.0 0.0 0.0 0.0 0.0 0.0 0.0 0.0 0.0 0.0 0.0 0.0 0.0 446.04 446.04 446.04 446.04 1158.04 1158.04 782.04 1000.04 1000.03 1000.03 1676.04 1751.04 1751.04 481.04 481.04 957.04 2367.04 2367.04 2287.04 531.04 531.03 656.04 656.04 656.04 236.04 236.03 236.04 281.04 281.04 1934.04 1934.04 1785.04 0.02 1116.04 1116.04 1116.04 1504.04 983.03 983.04 1528.04 1528.04 2114.04 169.04 796.04 796.04 193.03 193.03
0.0 0.0 0.0 0.0 0.0 0.0 0.0 0.0 0.0 0.0 0.0 0.0 0.0 0.0 0.0 0.0 0.0 0.0 0.0 0.0 0.0 0.0 0.0 0.0 0.0 0.0 0.0 258.03 258.03 258.03 1729.03 782.04 782.04 782.04 1000.03 869.03 642.03 642.03 642.04 642.04 957.04 957.04 957.03 957.03 531.04 531.04 531.04 531.04 656.04 656.03 656.03 236.03 281.04 281.04 281.04 281.04 1934.04 1785.04 1785.04 1116.03 1078.04 1078.04 983.04 983.04 983.04 1528.04 1528.04 169.04 0.08 169.03 796.04 796.04 970.04
0.0 0.0 0.0 0.0 0.0 0.0 0.0 0.0 0.0 0.0 0.0 0.0 0.0 0.0 0.0 0.0 0.0 0.0 0.0 0.0 0.0 0.0 0.0 0.0 0.0 0.0 0.0 258.03 258.03 1729.03 1729.03 1729.04 782.04 869.04 869.03 869.03 869.04 642.04 642.04 2417.04 1650.04 957.03 957.03 696.04 2336.04 1933.04 1933.03 531.04 531.04 695.04 695.04 695.03 281.04 281.04 2111.04 2111.04 1100.04 1100.04 1100.04 1078.03 1078.04 0.05 974.04 983.04 983.04 1528.04 1528.04 169.04 169.03 169.04 796.04 970.04 970.04
0.0 0.0 0.0 0.0 0.0 0.0 0.0 0.0 0.0 0.0 0.0 0.0 0.0 0.0 0.0 0.0 0.0 0.0 0.0 0.0 0.0 0.0 0.0 0.0 0.0 0.0 745.04 167.04 0.05 0.05 1729.04 1729.04 1899.04 1899.04 869.04 869.04 1745.04 1745.04 2417.04 2417.04 1650.04 1650.04 696.04 696.04 2336.04 616.04 616.03 1933.04 695.04 695.04 695.04 965.04 2232.04 2232.04 2111.04 2111.04 1100.04 1100.04 449.04 1078.03 974.04 974.03 0.05 355.04 355.03 1528.04 1528.04 1137.04 1137.04 1137.04 970.04 970.04 2096.03
0.0 0.0 0.0 0.0 0.0 0.0 0.0 0.0 0.0 0.0 0.0 0.0 0.0 0.0 0.0 0.0 0.0 0.0 0.0 0.0 0.0 0.0 0.0 0.0 0.0 0.0 745.04 745.04 745.04 167.04 1729.04 1899.04 1899.04 1899.04 1899.04 1365.04 1167.04 0.02 2417.04 2417.03 1650.04 1625.04 696.04 696.04 2336.04 2336.04 616.04 616.03 695.04 695.04 965.04 965.04 2232.04 2232.04 2232.04 2111.04 2111.04 449.04 449.04 2104.03 974.04 974.04 1280.04 355.03 355.04 1681.04 1681.04 1137.04 1137.04 1228.04 1228.04 2096.04 2096.04
0.0 0.0 0.0 0.0 0.0 0.0 0.0 0.0 0.0 0.0 0.0 0.0 0.0 0.0 0.0 0.0 0.0 0.0 0.0 0.0 0.0 0.0 0.0 0.0 0.0 0.0 745.04 745.03 745.04 745.04 745.03 1899.04 1899.04 1899.04 1899.04 1899.04 2218.04 2218.03 819.03 819.04 819.04 1625.04 1625.04 696.03 2336.03 2336.04 616.04 616.04 695.04 2175.04 965.04 965.04 2232.04 2232.04 2232.04 1229.04 449.04 449.04 332.04 2104.04 2104.04 1280.04 1280.04 1280.03 1681.04 1681.04 1681.04 2331.04 1228.04 0.05 1228.04 2096.04 2096.04
0.0 0.0 0.0 0.0 0.0 0.0 0.0 0.0 0.0 0.0 0.0 0.0 0.0 0.0 0.0 0.0 0.0 0.0 0.0 0.0 0.0 0.0 0.0 0.0 0.0 0.0 745.04 1923.04 1923.04 1923.03 1923.03 1899.03 1899.04 1899.04 1899.04 964.04 2218.03 2218.03 819.04 819.04 1028.04 1625.04 1625.04 1625.04 2336.04 2336.04 2336.04 1263.04 1263.04 2175.04 2175.04 2346.04 2346.04 1229.04 1229.04 1229.04 332.04 332.04 332.04 2104.04 2104.04 1280.04 1280.04 1529.03 1529.04 368.04 2331.03 0.05 0.05 2331.04 1439.04 734.04 734.04
0.0 0.0 0.0 0.0 0.0 0.0 0.0 0.0 0.0 0.0 0.0 0.0 0.0 0.0 0.0 0.0 0.0 0.0 0.0 0.0 0.0 0.0 0.0 0.0 0.0 0.0 1923.04 1923.04 1923.04 1923.03 1923.03 533.03 533.03 533.04 964.04 964.04 964.03 1448.04 1448.04 1028.04 1269.04 1269.04 1657.04 1625.04 32.04 954.04 524.04 1263.04 1263.04 1263.04 2175.04 2346.04 2346.04 1675.04 1229.04 1229.04 332.04 332.03 332.03 1452.04 1452.04 832.03 832.03 832.04 1529.04 1529.04 2331.03 0.05 2331.03 1439.04 1439.04 734.04 1480.04
0.0 0.0 0.0 0.0 0.0 0.0 0.0 0.0 0.0 0.0 0.0 0.0 0.0 0.0 0.0 0.0 0.0 0.0 0.0 0.0 0.0 0.0 0.0 0.0 0.0 0.0 1923.04 1923.03 1923.03 0.0 533.03 533.03 533.03 533.04 964.04 964.04 2216.04 1448.04 1448.04 123.04 123.04 1657.04 1657.04 32.04 32.04 954.04 524.04 2312.04 2312.04 1263.04 1263.04 2346.04 1675.04 1675.04 1675.04 942.04 942.04 1452.03 1452.03 1452.04 1452.04 2452.04 832.04 832.04 1955.04 1403.04 1403.04 2331.03 2331.03 1439.04 1439.04 734.04 1480.03
0.0 0.0 0.0 0.0 0.0 0.0 0.0 0.0 0.0 0.0 0.0 0.0 0.0 0.0 0.0 0.0 0.0 0.0 0.0 0.0 0.0 0.0 0.0 0.0 0.0 0.0 0.0 1923.04 0.0 0.0 0.0 0.0 0.0 533.03 533.04 2216.04 2216.04 2216.04 123.04 123.04 1843.04 1843.04 1657.04 32.04 32.04 32.04 1691.04 361.04 2312.04 2312.04 2263.04 2263.04 2263.04 2263.04 942.04 942.04 942.04 1452.04 1452.03 1452.04 1452.04 2452.04 2452.04 1955.04 1955.04 1403.04 1403.03 747.03 747.03 384.03 384.03 384.04 1480.03
0.0 0.0 0.0 0.0 0.0 0.0 0.0 0.0 0.0 0.0 0.0 0.0 0.0 0.0 0.0 0.0 0.0 0.0 0.0 0.0 0.0 0.0 0.0 0.0 0.0 0.0 0.0 0.0 0.0 0.0 0.0 0.0 0.0 686.03 2235.04 2235.04 1952.04 1952.03 261.04 123.03 1843.03 1843.04 673.04 2020.04 2020.04 2020.04 361.04 361.04 361.04 838.04 2263.04 2263.04 2263.04 1549.04 942.04 942.04 942.04 232.04 232.04 1452.04 2452.04 2452.04 2452.04 2452.04 122.04 122.04 122.03 747.03 747.03 747.03 384.03 0.08 0.08
0.0 0.0 0.0 0.0 0.0 0.0 0.0 0.0 0.0 0.0 0.0 0.0 0.0 0.0 0.0 0.0 0.0 0.0 0.0 0.0 0.0 0.0 0.0 0.0 0.0 0.0 0.0 0.0 0.0 0.0 0.0 0.0 0.0 686.04 686.04 2235.04 1952.04 1952.04 261.04 261.04 261.04 673.04 673.04 673.04 2020.04 2020.04 874.04 874.04 838.04 838.04 838.04 2263.04 342.04 1549.04 942.04 942.04 232.04 232.04 232.04 232.04 2452.04 2452.04 2452.04 122.04 122.04 0.05 122.04 747.04 747.03 747.03 384.03 2049.04 1302.04
0.0 0.0 0.0 0.0 0.0 0.0 0.0 0.0 0.0 0.0 0.0 0.0 0.0 0.0 0.0 0.0 0.0 0.0 0.0 0.0 0.0 0.0 0.0 0.0 0.0 0.0 0.0 0.0 0.0 0.0 0.0 0.0 0.0 1051.04 686.04 1634.04 1634.03 749.03 261.04 261.04 261.04 673.04 673.04 673.04 2392.04 2392.03 874.03 874.04 838.04 838.04 838.03 342.04 342.04 342.04 342.04 1063.04 1063.04 232.04 232.04 232.04 2452.04 2452.03 2452.04 122.04 122.04 122.04 122.04 151.04 151.04 151.03 2049.03 2049.04 2049.04
