Inputs/GridInputs/LU&ParcGridDiohine40.asc
ncols         153
nrows         168
xllcorner     -1693877.958766256
yllcorner     3174597.0031306315
cellsize      40
[rows 96 to 127 of 168, columns 73 to 145 of 153]
1991.04 423.04 423.04 423.04 1485.04 1485.04 1485.04 1197.04 1197.04 2000.04 1636.04 1636.03 2279.04 626.04 626.03 1706.03 1706.03 1513.03 1513.03 1513.03 0.02 0.01 0.01 0.01 1141.03 1141.03 1141.03 0.01 1111.03 0.01 0.01 0.01 0.01 0.01 0.01 145.03 1316.03 1316.03 1316.03 2077.03 2077.03 2077.03 820.03 0.01 0.01 820.03 221.03 221.03 221.03 221.03 221.03 0.12 0.0 0.0 1479.04 1479.04 2292.04 2292.04 2292.04 2292.04 2170.04 453.04 0.12 0.12 0.0 0.0 0.0 0.0 0.0 0.0 0.0 0.0 0.0
2056.03 2056.04 423.04 423.04 162.04 162.04 162.04 1197.04 1197.04 2000.04 632.04 1636.03 934.04 934.04 1706.03 0.02 237.03 237.03 1513.03 1513.03 0.01 0.01 976.03 0.01 1141.03 1141.03 0.01 1111.03 0.01 0.01 924.03 924.03 984.03 0.01 145.03 145.03 0.01 0.02 0.01 0.01 2077.03 2077.03 820.03 820.03 820.03 820.04 221.03 221.03 221.03 221.03 0.12 0.12 0.0 0.0 0.0 1479.04 2292.04 2292.04 2292.04 2170.04 2170.04 2170.03 0.12 0.12 0.0 0.0 0.0 0.0 0.0 0.0 0.0 0.0 0.0
0.05 2056.04 1670.04 1670.04 1670.04 162.04 774.04 774.04 2298.03 2298.03 0.02 632.03 528.03 528.04 470.04 470.03 237.03 237.03 1513.03 1513.03 0.01 0.01 1112.03 1112.03 1112.03 1141.03 0.01 0.01 0.01 0.01 0.01 984.03 0.01 984.03 145.03 145.03 630.03 630.03 370.03 370.03 2077.03 2077.03 820.03 820.04 820.04 272.04 221.04 221.04 221.03 0.12 0.12 0.12 0.0 0.0 0.0 0.0 2292.04 2292.04 2170.04 2170.04 2170.04 2170.03 0.12 0.0 0.0 0.0 0.0 0.0 0.0 0.0 0.0 0.0 0.0
2056.04 192.04 583.04 1670.04 2054.04 774.04 774.04 0.02 2298.03 2298.03 632.03 528.03 528.03 74.03 416.03 470.04 1726.04 1726.03 1726.04 1513.04 1284.03 1112.04 1112.04 1112.03 1112.03 1816.03 0.01 0.01 0.01 0.01 0.01 0.01 0.01 0.02 984.03 630.03 630.03 370.03 370.03 370.03 370.03 820.03 820.04 820.04 272.04 272.04 272.04 221.04 221.04 0.12 0.12 0.0 0.0 0.0 0.0 0.0 0.0 0.12 0.12 0.0 0.0 0.0 0.0 0.0 0.0 0.0 0.0 0.0 0.0 0.0 0.0 0.0 0.0
401.04 401.04 583.04 583.04 2054.04 2054.04 0.11 0.11 0.11 460.03 460.03 1669.03 74.03 74.03 416.03 470.03 1726.04 1726.04 1726.04 1905.04 1284.03 1284.03 1112.03 664.03 664.03 1816.03 1816.03 0.01 0.01 0.01 0.01 1855.03 0.01 1185.03 1185.03 630.03 630.03 370.03 370.03 1530.03 1530.03 1530.03 820.04 272.04 272.04 272.04 272.04 272.04 0.12 0.0 0.0 0.0 0.0 0.0 0.0 0.0 0.0 0.0 0.0 0.0 0.0 0.0 0.0 0.0 0.0 0.0 0.0 0.0 0.0 0.0 0.0 0.0 0.0
401.04 401.04 0.05 766.04 766.04 766.04 2447.04 0.11 0.11 2045.03 1669.04 1669.04 2185.03 2185.03 416.03 1535.03 1535.04 1535.04 1905.03 1905.03 1284.03 1284.03 0.02 664.03 664.03 1816.03 1816.03 0.01 0.01 1855.03 1855.03 1855.03 1808.03 1185.03 1185.03 1185.03 630.03 486.03 1530.03 1530.03 1530.03 1530.04 225.04 272.03 272.04 272.04 272.04 272.04 0.0 0.0 0.0 0.0 0.0 0.0 0.0 0.0 0.0 0.0 0.0 0.0 0.0 0.0 0.0 0.0 0.0 0.0 0.0 0.0 0.0 0.0 0.0 0.0 0.0
401.04 401.04 766.04 766.04 766.04 2363.04 2447.04 2447.04 1554.03 2045.04 263.04 2185.04 2185.04 2185.03 334.03 334.03 1535.03 2164.03 2164.03 1905.03 0.02 0.01 0.02 0.01 385.03 1041.03 1816.03 0.01 0.02 0.02 1855.03 1808.03 1935.03 1935.03 1185.04 2178.03 2178.03 486.03 486.04 486.04 1530.04 1539.04 225.04 225.04 0.12 0.12 0.0 0.0 0.0 0.0 0.0 0.0 0.0 0.0 0.0 0.0 0.0 0.0 0.0 0.0 0.0 0.0 0.0 0.0 0.0 0.0 0.0 0.0 0.0 0.0 0.0 0.0 0.0
262.04 262.04 262.04 766.04 766.03 2363.03 2363.04 1554.04 1554.04 1915.04 263.03 263.03 2185.03 910.03 910.03 334.03 334.03 2164.03 2164.03 2164.03 1505.03 0.02 1963.03 0.02 385.03 0.01 0.01 0.01 100.03 100.03 1473.03 1808.03 1935.03 1935.03 2178.04 2178.04 2178.03 2018.04 2018.04 486.04 843.04 1539.04 225.04 225.04 0.12 0.0 0.0 0.0 0.0 0.0 0.0 0.0 0.0 0.0 0.0 0.0 0.0 0.0 0.0 0.0 0.0 0.0 0.0 0.0 0.0 0.0 0.0 0.0 0.0 0.0 0.0 0.0 0.0
262.04 262.04 262.04 1385.04 1385.04 2363.04 2363.04 1220.04 1220.04 1220.04 0.11 0.11 0.11 910.03 910.03 334.03 2230.03 2230.03 95.04 95.03 1505.03 1505.03 1963.03 1963.03 2439.03 2439.03 0.01 100.03 100.03 1473.03 1473.03 1473.03 1935.03 1935.03 2178.04 2178.04 2178.04 2018.04 2018.04 843.04 843.04 1539.04 2120.04 2120.04 2120.04 0.0 0.0 0.0 0.0 0.0 0.0 0.0 0.0 0.0 0.0 0.0 0.0 0.0 0.0 0.0 0.0 0.0 0.0 0.0 0.0 0.0 0.0 0.0 0.0 0.0 0.0 0.0 0.0
262.04 0.11 0.11 1385.04 1385.04 1385.04 1385.04 1220.04 1220.04 1220.04 0.11 0.11 0.11 910.03 910.03 776.03 0.02 132.03 1839.03 1839.03 888.03 0.01 888.03 2439.03 2439.03 0.01 62.03 0.02 0.02 1473.03 1473.03 1473.03 1473.03 207.03 2178.04 2178.04 2178.04 2018.04 2018.04 424.03 424.03 424.04 2120.04 2120.04 2120.04 0.0 0.0 0.0 0.0 0.0 0.0 0.0 0.0 0.0 0.0 0.0 0.0 0.0 0.0 0.0 0.0 0.0 0.0 0.0 0.0 0.0 0.0 0.0 0.0 0.0 0.0 0.0 0.0
262.03 0.11 0.11 1385.04 1385.04 1385.04 1385.04 1220.04 1220.04 1220.04 1220.04 910.04 910.03 910.03 776.03 776.04 0.02 132.03 1839.03 1839.03 888.03 888.03 888.03 1035.03 2439.03 62.03 62.03 0.02 0.02 1473.03 1473.04 1473.03 207.03 207.03 207.04 509.04 509.04 509.04 424.03 424.03 424.03 424.04 2120.04 2120.04 0.0 0.0 0.0 0.0 0.0 0.0 0.0 0.0 0.0 0.0 0.0 0.0 0.0 0.0 0.0 0.0 0.0 0.0 0.0 0.0 0.0 0.0 0.0 0.0 0.0 0.0 0.0 0.0 0.0
1687.04 346.04 346.04 346.04 0.05 1385.04 1502.03 1502.04 1502.04 1220.04 1220.04 1220.04 910.03 910.03 665.03 0.11 0.11 132.03 2251.03 2251.03 888.03 888.03 888.03 1035.03 1035.03 62.03 62.03 62.04 1541.03 1541.03 1473.04 207.04 207.03 207.03 207.04 509.04 509.04 509.04 2062.04 1006.03 1006.04 0.12 0.12 0.0 0.0 0.0 0.0 0.0 0.0 0.0 0.12 0.12 0.12 0.0 0.0 0.0 0.0 0.0 0.0 0.0 0.0 0.0 0.0 0.0 0.0 0.0 0.0 0.0 0.0 0.0 0.0 0.0 0.0
2265.04 346.04 346.04 1378.04 1378.03 1502.03 1502.03 1502.04 1502.04 1502.04 1108.03 1108.04 0.11 0.11 0.11 0.11 0.11 2251.04 2251.04 1308.03 1308.03 1308.03 1035.03 1035.03 661.03 661.04 661.04 1541.03 1541.03 1541.03 1541.04 1541.04 207.03 207.03 207.03 509.04 509.04 2062.04 2062.04 2062.04 1006.04 0.12 0.0 0.0 0.0 0.0 0.0 0.0 0.12 0.12 0.12 0.12 0.12 0.12 0.0 0.0 0.0 0.0 0.0 0.0 0.0 0.0 0.0 0.0 0.0 0.0 0.0 0.0 0.0 0.0 0.0 0.0 0.0
2265.03 346.04 1378.04 1378.03 1733.04 1733.04 1502.03 0.02 1502.04 1108.04 1108.04 1108.04 0.11 0.11 0.11 665.04 665.04 665.04 2251.04 1308.04 1308.03 1308.03 1035.03 661.03 661.04 661.04 661.04 0.05 1541.04 1541.03 1541.04 1812.03 207.03 207.03 207.04 509.04 509.04 2270.04 2062.04 2062.04 2042.04 2042.04 0.12 0.12 0.0 0.12 0.12 0.12 0.12 1960.03 1296.03 1296.03 0.12 0.12 0.0 0.0 0.0 0.0 0.0 0.0 0.0 0.0 0.0 0.0 0.0 0.0 0.0 0.0 0.0 0.0 0.0 0.0 0.0
2265.03 2265.04 1378.04 1378.04 1733.04 1733.04 2181.04 1502.04 1108.04 1108.04 1108.04 1108.04 901.03 901.04 665.04 665.04 665.04 606.04 606.04 606.03 1308.03 2423.03 2423.03 2423.03 661.03 714.04 714.04 0.05 480.04 480.03 963.03 0.01 0.01 1812.03 1088.03 1088.04 1088.04 2270.04 2270.04 2365.04 2042.04 2042.04 1246.04 0.12 0.12 0.12 550.03 550.04 1960.04 1960.03 1201.03 1296.03 0.12 1296.03 0.0 0.0 0.0 0.0 0.0 0.0 0.0 0.0 0.0 0.0 0.0 0.0 0.0 0.0 0.0 0.0 0.0 0.0 0.0
396.03 396.04 1560.04 1560.04 1733.04 2181.04 2181.04 2181.04 2091.04 1108.04 404.04 404.03 901.03 901.04 901.04 901.04 606.04 606.04 606.03 606.03 606.03 2423.03 2423.04 2423.04 1257.04 1257.04 2431.04 2328.04 480.04 480.03 963.03 1812.03 1812.03 0.01 2037.03 1088.03 1088.03 2270.03 2270.03 2365.03 2365.04 1246.04 1246.04 0.12 0.12 550.03 550.03 550.03 1960.04 1960.03 1201.03 1296.03 1296.03 0.0 0.0 0.0 0.0 0.0 0.0 0.0 0.0 0.0 0.0 0.0 0.0 0.0 0.0 0.0 0.0 0.0 0.0 0.0 0.0
396.03 1868.04 1868.04 1560.04 1560.04 1499.04 1499.04 1499.04 2091.04 2091.04 404.03 404.03 901.03 901.04 901.04 901.04 606.03 0.11 606.03 1605.03 2423.03 2423.03 2423.04 2423.04 1257.03 1257.03 0.02 2328.03 480.03 480.03 963.03 963.03 2128.03 2128.03 2037.03 2037.03 1088.03 1088.03 2270.03 2365.04 1246.04 1246.04 1246.04 1246.04 550.03 550.03 550.03 550.03 482.03 1960.03 1201.03 1201.03 0.05 0.0 0.0 0.0 0.0 0.0 0.0 0.0 0.0 0.0 0.0 0.0 0.0 0.0 0.0 0.0 0.0 0.0 0.0 0.0 0.0
396.04 1868.04 1868.04 1560.04 1560.04 0.05 1499.03 1499.04 2091.04 2091.03 404.03 404.03 901.03 901.04 901.04 1981.03 0.11 0.11 1605.03 1605.03 310.03 2423.03 2423.04 1125.04 1125.03 940.03 940.03 940.03 940.03 1588.03 1267.03 1267.03 0.01 2128.03 2333.03 2037.03 2037.03 2037.04 2270.04 877.04 877.04 1246.04 1246.04 702.03 702.04 550.04 550.03 550.03 482.03 482.03 1201.03 1201.03 1201.03 0.0 0.0 0.0 0.0 0.0 0.0 0.0 0.0 0.0 0.0 0.0 0.0 0.0 0.0 0.0 0.0 0.0 0.0 0.0 0.0
1098.04 1098.04 1868.04 1868.04 1560.04 1499.03 1499.04 1600.04 1600.04 1600.03 404.03 404.04 1043.04 1981.03 1981.03 1981.03 0.11 0.11 1605.03 310.03 310.03 0.11 0.11 0.02 1125.03 940.03 940.03 940.03 940.03 1588.03 1588.03 1588.03 0.01 0.01 2333.03 2333.03 2333.03 2333.03 877.04 877.04 877.04 877.04 702.04 702.04 309.04 309.04 550.03 562.03 562.03 562.03 491.04 491.03 491.03 0.0 0.0 0.0 0.0 0.0 0.0 0.0 0.0 0.0 0.0 0.0 0.0 0.0 0.0 0.0 0.0 0.0 0.0 0.0 0.0
1098.04 292.04 292.04 1086.04 1086.04 1663.04 1270.04 1600.04 1600.04 1600.04 1831.03 1831.04 1043.04 1043.03 1981.03 1981.03 0.11 0.11 1271.04 310.04 310.03 0.11 0.11 568.03 0.02 1886.04 1886.03 940.03 780.03 1588.03 1588.03 1588.03 1814.03 1814.03 42.03 42.03 42.03 2162.03 877.03 877.04 877.04 877.04 702.04 1731.04 309.04 309.04 562.03 562.04 562.03 562.03 491.03 491.04 491.03 0.0 0.0 0.0 0.0 0.0 0.0 0.0 0.0 0.0 0.0 0.0 0.0 0.0 0.0 0.0 0.0 0.0 0.0 0.0 0.0
292.04 292.04 292.04 1086.04 1663.03 1663.04 1270.04 1270.04 1270.04 1600.04 1831.04 1831.03 269.03 1043.03 254.04 254.04 0.11 0.11 1271.04 0.05 0.11 0.11 2260.03 2260.03 2260.03 1886.04 1886.03 1405.03 1405.03 0.01 780.03 1122.03 1122.03 1122.03 42.03 2162.03 2162.03 2162.03 273.03 0.02 877.03 877.04 54.04 1731.04 1101.04 1101.04 1527.03 562.03 562.04 1835.03 491.03 491.03 491.04 0.0 0.0 0.0 0.0 0.0 0.0 0.0 0.0 0.0 0.0 0.0 0.0 0.0 0.0 0.0 0.0 0.0 0.0 0.0 0.0
292.04 292.04 1086.04 1086.04 1663.04 1663.04 790.04 1270.04 1270.03 1831.03 1831.03 1831.04 269.03 269.04 254.04 254.04 373.04 0.11 16.04 19.03 0.11 0.11 2260.04 744.03 744.04 1907.04 1907.03 1405.03 1405.03 780.03 780.03 1122.03 1122.03 1122.03 1326.03 2162.03 2162.03 273.03 273.03 273.03 413.04 54.04 54.04 54.04 1101.04 1527.04 1527.04 1527.04 1835.04 1835.04 1835.03 1568.04 1568.04 0.0 0.0 0.0 0.0 0.0 0.0 0.0 0.0 0.0 0.0 0.0 0.0 0.0 0.0 0.0 0.0 0.0 0.0 0.0 0.0
292.04 292.04 1086.04 1663.04 1663.04 1663.04 790.04 223.04 223.03 223.03 1831.04 70.04 70.04 1410.04 373.04 373.04 373.04 0.11 16.03 0.02 0.11 0.11 0.11 744.03 1907.04 1907.04 1907.04 1405.03 1038.03 1038.03 1038.03 1462.03 1462.03 2106.03 1326.03 1326.03 273.03 273.03 273.03 413.03 413.03 1168.03 1168.04 54.04 1101.04 1527.04 1527.04 1527.04 1527.04 1835.04 1835.04 1568.04 0.0 0.0 0.0 0.0 0.0 0.0 0.0 0.0 0.0 0.0 0.0 0.0 0.0 0.0 0.0 0.0 0.0 0.0 0.0 0.0 0.0
2414.04 2414.04 2414.04 1663.04 1663.04 790.04 790.04 790.03 597.04 597.03 597.03 1421.04 1410.04 1410.04 1410.04 373.04 373.04 0.11 0.11 0.11 0.11 0.11 0.11 2459.04 2459.04 1907.04 86.04 86.03 1038.03 1572.03 0.01 1462.03 1462.03 1462.03 1326.03 1326.03 273.03 273.03 273.03 0.01 413.03 1168.03 1168.03 1168.04 1527.04 1527.04 1527.04 2378.04 737.03 737.03 1811.04 1811.04 0.0 0.0 0.0 0.0 0.0 0.0 0.0 0.0 0.0 0.0 0.0 0.0 0.0 0.0 0.0 0.0 0.0 0.0 0.0 0.0 0.0
2414.04 2414.04 2414.04 2414.04 1663.04 1349.04 1515.03 1515.04 597.03 597.03 1421.03 1421.04 1410.04 1410.04 1410.04 373.04 0.11 0.11 0.11 0.11 0.11 1837.04 1837.04 2459.04 2459.04 0.05 2306.04 2306.04 1466.03 1572.03 0.01 0.01 1462.03 1462.03 1326.03 1326.03 273.03 1846.03 1846.03 0.01 413.03 1168.03 1168.03 1168.03 1661.03 1661.03 2378.03 2378.03 737.03 737.03 1811.03 1811.04 0.0 0.0 0.0 0.0 0.0 0.0 0.0 0.0 0.0 0.0 0.0 0.0 0.0 0.0 0.0 0.0 0.0 0.0 0.0 0.0 0.0
479.04 2414.04 2414.04 2414.04 1349.03 1349.04 1515.04 1515.04 1515.03 862.03 1662.04 1662.04 1690.04 1906.04 1906.04 1906.04 0.11 0.11 0.11 0.11 1837.04 1837.04 1837.04 2459.04 2459.04 2459.03 2306.04 2306.04 1466.03 2009.03 2009.03 0.01 2139.03 2139.03 2139.03 2139.03 1846.03 1846.03 1846.03 1846.03 1846.03 794.03 794.03 794.03 1463.03 0.02 1661.03 2378.03 2378.03 737.03 1811.03 0.0 0.0 0.0 0.0 0.0 0.0 0.0 0.0 0.0 0.0 0.0 0.0 0.0 0.0 0.0 0.0 0.0 0.0 0.0 0.0 0.0 0.0
479.04 479.04 2414.03 2414.03 1349.04 1349.04 1349.04 436.04 419.04 419.03 1662.04 2373.04 1690.03 1906.04 1906.04 1906.04 0.11 0.11 0.11 1837.04 1837.04 1837.04 1837.04 2459.04 724.04 724.04 724.04 1466.03 1466.03 2009.03 2009.03 995.03 2139.03 2139.03 2139.03 2139.03 1607.03 1607.03 1846.03 1846.03 1846.03 794.03 794.03 1463.03 1463.03 1661.03 1099.03 1966.03 1966.03 737.03 1811.03 0.0 0.0 0.0 0.0 0.0 0.0 0.0 0.0 0.0 0.0 0.0 0.0 0.0 0.0 0.0 0.0 0.0 0.0 0.0 0.0 0.0 0.0
479.04 479.03 2180.03 2180.04 1349.04 1349.04 1349.04 436.04 419.04 419.04 2373.04 2373.04 1690.04 1906.04 1906.04 617.04 617.04 617.03 617.03 148.04 1914.04 1837.04 2402.04 724.04 724.04 724.04 724.04 724.03 2009.03 2009.03 995.03 995.03 2139.03 2139.03 2139.04 2139.04 1607.03 1607.03 1607.03 1607.03 868.03 794.03 794.03 1463.03 1463.03 1612.03 1612.03 1099.03 0.02 0.02 0.0 0.0 0.0 0.0 0.0 0.0 0.0 0.0 0.0 0.0 0.0 0.0 0.0 0.0 0.0 0.0 0.0 0.0 0.0 0.0 0.0 0.0 0.0
600.03 1338.04 2180.04 2180.04 2180.04 1349.04 436.04 436.04 419.04 419.04 1803.04 1803.04 1803.04 577.04 617.04 617.04 617.04 617.03 148.03 148.03 1914.04 1914.04 2402.04 2402.04 724.04 724.04 724.04 2002.03 2002.03 995.03 995.03 995.03 995.03 2139.04 2139.04 2139.04 1607.03 1607.03 1607.03 868.03 868.03 868.03 868.03 1463.03 1463.03 1612.03 1612.04 1612.03 1612.04 1099.04 0.0 0.0 0.0 0.0 0.0 0.0 0.0 0.0 0.0 0.0 0.0 0.0 0.0 0.0 0.0 0.0 0.0 0.0 0.0 0.0 0.0 0.0 0.0
1382.04 2180.04 2180.04 2180.04 2180.04 436.04 436.04 436.04 139.04 139.04 1803.04 1803.04 767.04 577.04 1799.04 1799.04 617.03 148.03 148.03 148.03 1914.03 1914.04 2402.03 2402.03 2402.04 2402.04 2002.03 2002.03 0.02 2002.03 1650.03 1650.03 1650.03 995.03 2139.04 2139.04 1607.03 1607.03 1607.04 868.03 868.03 868.03 868.03 1463.04 0.05 0.0 0.0 1612.03 1612.04 0.0 0.0 0.0 0.0 0.0 0.0 0.0 0.0 0.0 0.0 0.0 0.0 0.0 0.0 0.0 0.0 0.0 0.0 0.0 0.0 0.0 0.0 0.0 0.0
1382.04 1978.04 2180.04 2180.04 2180.03 1225.04 1225.04 139.04 139.04 139.04 139.04 1803.04 767.03 295.03 1799.04 1799.04 2403.03 2403.03 148.03 99.03 1914.03 1914.04 1914.03 2402.03 2402.04 2053.03 2002.03 2002.03 2002.03 406.03 1650.03 1650.03 1650.03 1650.03 1650.04 1885.03 1885.04 1885.04 1607.04 868.04 868.03 868.03 868.03 868.03 0.0 0.0 0.0 0.0 0.0 0.0 0.0 0.0 0.0 0.0 0.0 0.0 0.0 0.0 0.0 0.0 0.0 0.0 0.0 0.0 0.0 0.0 0.0 0.0 0.0 0.0 0.0 0.0 0.0
1978.04 1978.04 1978.04 2119.04 2119.04 1225.04 1130.04 1130.04 139.04 139.04 139.04 139.04 295.03 295.03 904.03 904.03 904.03 2403.03 99.03 99.03 1914.04 1914.04 1655.04 1655.04 2053.04 2053.03 2053.03 2112.03 0.02 406.03 2248.03 1650.03 1650.03 1741.04 1741.03 1885.03 1885.04 1885.04 1212.04 1212.04 868.03 0.05 0.0 0.0 0.0 0.0 0.0 0.0 0.0 0.0 0.0 0.0 0.0 0.0 0.0 0.0 0.0 0.0 0.0 0.0 0.0 0.0 0.0 0.0 0.0 0.0 0.0 0.0 0.0 0.0 0.0 0.0 0.0
