Inputs/GridInputs/LU&ParcGridBarry50.asc
ncols         47
nrows         48
xllcorner     -1688447.691606855
yllcorner     3186581.191380518
dx            50.14116719266043
dy            50.79701634820473
0.0 0.0 0.0 0.0 0.0 0.0 0.0 0.0 0.0 0.0 0.0 0.0 0.0 0.0 0.0 0.0 0.0 0.0 0.0 0.0 0.0 272.04 272.04 272.04 6.04 0.05 0.0 0.0 0.0 0.0 0.0 0.0 0.0 0.0 0.0 0.0 0.0 0.0 0.0 0.0 0.0 0.0 0.0 0.0 0.0 0.0 0.0 
0.0 0.0 0.0 0.0 0.0 0.0 0.0 0.0 0.0 0.0 0.0 0.0 0.0 0.0 0.0 0.0 0.0 0.0 0.0 0.0 208.04 208.04 272.04 272.04 0.05 0.05 0.05 214.04 214.03 214.03 0.0 0.0 0.0 0.0 0.0 0.0 0.0 0.0 0.0 0.0 0.0 0.0 0.0 0.0 0.0 0.0 0.0 
0.0 0.0 0.0 0.0 0.0 0.0 0.0 0.0 0.0 0.0 0.0 0.0 0.0 0.0 0.0 0.0 0.0 0.0 99.03 0.02 99.04 208.04 208.04 0.05 0.05 209.03 209.04 214.04 214.03 214.03 214.04 266.03 266.04 0.0 0.0 0.0 0.0 0.0 0.0 0.0 0.0 0.0 0.0 0.0 0.0 0.0 0.0 
0.0 0.0 0.0 0.0 0.0 0.0 0.0 0.0 0.0 0.0 0.0 0.0 0.0 0.0 0.0 0.0 0.0 7.03 0.01 99.03 99.04 99.04 208.04 0.05 0.05 92.04 92.03 214.03 0.02 214.04 184.04 266.04 266.03 266.04 0.0 0.0 0.0 0.0 0.0 0.0 0.0 0.0 0.0 0.0 0.0 0.0 0.0 
0.0 0.0 0.0 0.0 0.0 0.0 0.0 0.0 0.0 0.0 0.0 0.0 0.0 0.0 0.0 53.03 7.03 0.01 0.01 0.01 99.04 99.04 222.04 326.04 326.04 28.04 28.04 219.03 219.04 184.04 184.04 67.04 266.04 266.04 274.04 314.04 0.0 0.0 0.0 0.0 0.0 0.0 0.0 0.0 0.0 0.0 0.0 
0.0 0.0 0.0 0.0 0.0 0.0 0.0 0.0 0.0 0.0 0.0 0.0 0.0 0.0 0.0 0.01 0.01 0.01 0.01 7.03 202.04 101.04 222.04 32.04 8.04 8.04 80.03 219.04 213.03 184.03 184.03 67.03 67.04 274.04 274.04 314.04 152.03 152.03 309.03 0.0 0.0 0.0 0.0 0.0 0.0 0.0 0.0 
0.0 0.0 0.0 0.0 0.0 0.0 0.0 0.0 0.0 0.0 0.0 0.0 0.0 0.0 0.0 53.03 0.01 0.01 0.01 202.03 202.04 101.04 101.04 32.03 43.04 80.03 80.03 213.03 213.03 188.03 184.03 184.03 67.04 274.04 314.04 314.03 152.03 152.03 309.03 309.03 309.03 0.0 0.0 0.0 0.0 0.0 0.0 
0.0 0.0 0.0 0.0 0.0 0.0 0.0 0.0 0.0 0.0 0.0 0.0 0.0 37.03 53.03 53.03 71.03 0.01 0.01 149.03 161.03 161.03 101.03 43.03 43.04 43.03 80.03 138.03 213.03 286.03 188.04 120.04 120.04 244.04 244.03 152.03 152.03 152.03 309.03 15.03 15.03 164.03 164.03 0.0 0.0 0.0 0.0 
0.0 0.0 0.0 0.0 0.0 0.0 0.0 0.0 0.0 0.0 0.0 37.03 37.03 37.03 37.03 0.02 71.03 197.03 197.03 149.03 161.03 161.04 42.03 42.03 42.04 307.03 307.03 138.04 286.03 286.03 286.04 120.04 120.03 195.04 195.03 239.03 135.03 135.03 15.03 15.03 15.03 164.03 164.03 9.03 0.02 0.02 0.0 
0.0 0.0 0.0 0.0 0.0 0.0 0.0 0.0 0.0 0.0 248.03 248.03 37.03 37.03 37.03 121.04 121.04 197.03 197.03 149.03 126.03 223.03 260.03 42.03 42.04 307.03 33.03 293.04 293.03 331.03 331.03 120.04 195.04 195.03 195.03 239.03 316.03 316.03 64.03 64.03 139.03 164.03 9.03 0.02 200.03 200.03 146.03 
0.0 0.0 0.0 0.0 0.02 0.02 322.03 322.03 0.0 336.03 336.03 248.03 248.03 37.04 37.04 337.04 337.04 337.03 87.03 126.03 126.03 223.03 260.03 260.03 0.02 0.01 33.03 33.04 331.04 331.04 331.03 331.04 195.03 287.03 287.03 239.03 316.03 316.03 300.03 64.03 139.03 103.03 103.03 200.03 200.04 146.04 146.03 
0.0 0.0 0.0 0.02 245.03 245.03 322.03 322.03 336.03 336.03 336.03 248.04 248.04 259.04 114.04 337.04 337.03 337.03 87.03 87.03 126.03 223.03 147.03 260.03 315.03 0.01 0.01 231.03 148.04 0.05 131.03 44.03 44.03 287.03 287.03 287.03 328.03 328.03 300.04 233.04 103.04 103.04 103.03 100.03 14.03 146.03 146.03 
0.0 0.0 245.03 245.03 245.04 245.04 302.03 302.03 19.03 40.03 40.03 248.03 259.04 116.04 0.02 114.04 282.04 282.03 2.03 87.04 217.04 217.03 147.03 305.03 98.03 98.03 231.03 231.03 148.03 131.03 131.03 44.03 44.03 44.03 287.03 287.03 328.03 225.03 233.04 233.04 233.04 103.04 103.03 170.03 14.03 313.03 313.03 
0.0 61.03 61.03 61.04 245.04 245.04 302.04 302.03 40.04 40.04 40.04 255.03 116.03 116.03 114.03 327.04 329.03 95.03 2.03 2.04 217.04 283.03 283.03 305.03 305.03 263.03 263.03 227.04 227.03 131.03 131.03 108.03 174.03 174.03 0.01 0.01 176.03 225.03 225.04 233.03 140.04 285.03 285.03 170.03 170.03 313.03 313.03 
155.03 155.03 61.04 61.04 61.04 216.04 216.04 216.03 40.04 40.04 255.04 255.04 255.03 116.03 63.03 63.03 63.03 95.03 95.03 0.01 130.03 130.03 283.03 185.03 70.03 127.03 211.03 203.04 203.04 131.04 96.03 108.03 96.03 174.03 0.01 0.01 176.03 176.03 140.03 140.03 140.03 285.03 285.03 285.03 284.03 284.03 76.03 
155.03 60.04 60.04 61.03 61.04 262.04 216.04 216.04 107.04 107.03 107.04 255.04 255.04 150.03 150.03 150.03 63.03 95.03 104.03 104.03 130.03 130.03 134.04 181.03 181.04 298.04 298.03 218.04 218.04 218.04 96.03 96.03 96.03 235.03 235.03 235.03 176.03 58.03 58.03 140.03 140.03 140.03 183.03 183.03 284.03 76.04 76.04 
0.01 60.04 60.04 112.04 262.04 262.04 216.04 94.04 94.04 107.04 246.04 160.04 160.04 160.04 150.03 150.03 39.03 334.03 104.03 104.03 130.03 130.03 0.05 0.02 181.04 298.04 298.04 298.04 218.04 218.03 207.03 207.04 207.03 235.03 235.03 235.03 12.03 12.03 58.03 268.03 82.03 82.03 183.03 183.03 183.03 76.03 76.03 
0.02 60.03 88.04 88.04 88.04 68.04 216.04 94.04 94.04 107.04 246.04 246.03 221.03 26.04 150.04 39.04 39.04 334.04 334.04 104.04 204.03 204.03 204.04 250.03 250.03 298.03 298.04 173.04 173.04 276.03 321.04 207.03 207.03 301.03 235.03 235.03 12.03 12.03 12.03 268.03 82.03 82.03 226.03 183.03 254.03 254.03 254.03 
60.03 88.03 88.03 88.03 0.02 68.03 113.03 158.03 158.04 273.04 292.04 59.04 234.04 304.04 304.04 180.04 180.04 180.04 334.04 102.04 102.03 204.04 250.04 250.04 250.04 179.04 179.04 0.05 173.04 276.04 321.04 122.03 122.03 210.03 210.03 210.03 0.03 12.03 24.03 24.03 24.03 226.03 324.03 324.03 254.03 254.03 0.0 
60.04 5.03 5.04 5.03 5.04 144.03 113.03 113.03 158.04 273.04 273.04 25.04 234.04 267.04 267.03 180.04 180.04 11.04 224.04 102.04 102.03 102.04 250.04 250.04 250.04 179.04 179.04 0.05 18.04 119.03 119.03 122.03 122.03 111.03 111.03 0.03 0.03 55.03 24.03 24.03 24.04 226.03 324.03 324.03 254.03 254.03 0.0 
0.0 0.02 5.04 5.03 253.04 253.04 52.03 281.03 281.04 196.04 196.04 278.04 83.04 267.04 297.04 338.04 11.04 11.04 224.04 62.04 102.04 20.04 20.04 277.03 79.04 79.04 79.04 81.04 81.03 81.03 119.03 199.03 199.03 111.03 269.03 0.04 0.03 55.03 55.03 0.0 0.0 226.04 324.03 324.03 324.03 0.0 0.0 
0.0 5.03 5.04 253.03 253.04 253.04 52.03 153.04 153.04 1.04 196.04 278.03 278.04 267.04 338.04 338.04 228.04 228.04 62.04 3.04 3.03 20.03 20.04 277.04 277.04 79.04 79.04 303.04 81.03 280.04 280.03 199.03 199.03 129.03 269.03 269.03 55.03 55.03 242.03 242.04 0.0 0.0 0.0 0.0 0.0 0.0 0.0 
0.0 0.0 0.02 105.03 105.03 265.04 23.04 153.04 1.04 1.04 46.04 46.03 46.04 46.04 289.03 289.04 228.04 36.04 77.04 3.03 3.03 20.04 20.04 277.03 277.04 79.04 256.04 303.04 303.04 280.04 280.03 47.03 47.03 129.03 21.03 21.03 269.03 41.03 194.03 194.04 0.0 0.0 0.0 0.0 0.0 0.0 0.0 
0.0 0.0 105.03 105.03 105.04 265.04 23.04 54.04 1.04 1.04 46.03 46.03 46.04 46.04 289.03 289.04 36.04 77.04 77.04 77.04 3.03 335.04 335.04 257.03 277.04 256.04 256.04 256.04 256.04 280.03 193.03 47.03 47.04 129.03 21.03 89.03 89.03 41.04 73.03 187.04 165.04 0.0 0.0 0.0 0.0 0.0 0.0 
0.0 0.0 0.0 105.03 105.04 105.04 54.04 54.04 54.03 65.03 65.03 65.04 65.04 65.04 215.03 215.03 0.05 0.05 77.04 77.04 335.04 335.04 335.03 257.03 257.04 29.04 256.04 163.04 84.04 84.03 193.03 193.03 47.03 97.03 97.03 89.03 89.03 56.04 169.03 220.03 165.03 165.04 165.04 0.0 0.0 0.0 0.0 
0.0 0.0 0.0 0.0 0.0 54.04 54.04 54.04 54.03 65.03 65.03 65.03 65.04 215.04 215.04 215.04 215.04 189.04 77.04 77.04 335.04 335.04 335.04 29.04 29.04 29.04 167.04 163.04 163.03 84.03 66.03 66.03 311.03 97.03 97.03 89.03 106.03 169.03 169.03 220.03 165.03 165.03 57.04 57.03 0.0 0.0 0.0 
0.0 0.0 0.0 0.0 0.0 0.0 0.0 0.0 0.0 65.03 65.03 65.03 65.03 215.04 215.04 215.04 189.04 189.03 189.04 243.03 308.04 308.04 294.04 294.03 29.03 29.03 167.04 167.04 167.03 296.03 296.03 311.03 311.03 97.03 31.03 31.03 106.03 106.03 220.03 220.03 57.03 57.03 57.03 57.03 0.0 0.0 0.0 
0.0 0.0 0.0 0.0 0.0 0.0 0.0 0.0 0.0 48.03 48.03 48.03 48.03 175.03 175.04 175.04 175.04 0.01 0.01 0.01 308.03 308.03 110.03 110.03 294.03 168.03 168.04 167.04 167.03 296.03 38.03 38.03 17.03 17.03 31.03 31.03 106.03 106.03 319.03 319.03 57.03 57.03 57.03 206.03 206.03 206.04 0.0 
0.0 0.0 0.0 0.0 0.0 0.0 0.0 0.0 0.0 48.03 48.03 48.03 36.03 36.03 175.04 136.04 136.04 243.04 0.01 0.01 109.03 308.03 308.03 110.03 132.03 168.03 168.04 168.03 229.03 258.03 258.03 143.03 17.03 17.03 17.03 128.03 291.03 291.03 319.03 319.03 319.03 198.03 198.03 206.03 206.04 206.04 0.0 
0.0 0.0 0.0 0.0 0.0 0.0 0.0 0.0 0.0 48.04 48.03 48.04 36.03 36.03 237.04 136.04 136.04 243.04 243.04 290.04 109.03 109.03 306.03 306.03 132.03 132.03 16.03 229.03 229.03 258.03 258.03 0.01 17.03 17.03 128.03 291.03 291.03 291.03 319.03 319.03 198.03 198.03 198.04 141.04 141.04 141.04 141.04 
0.0 0.0 0.0 0.0 0.0 0.0 0.0 0.0 48.03 48.03 48.03 205.03 238.03 237.03 237.04 136.04 241.04 290.04 290.04 290.04 115.04 115.04 247.04 247.03 132.03 125.03 16.03 229.03 229.03 90.03 186.03 186.03 45.03 45.03 142.03 142.03 291.03 162.04 162.03 198.03 198.03 198.03 198.04 0.0 0.0 0.0 0.0 
0.0 0.0 0.0 0.0 0.0 0.0 0.0 0.0 252.03 252.03 35.03 35.03 35.03 13.04 13.03 241.03 241.04 241.04 251.04 251.04 115.03 115.03 247.04 247.03 317.03 125.03 125.03 125.03 90.03 90.03 90.03 186.03 45.03 45.03 142.03 75.03 75.03 162.03 162.03 179.03 198.03 198.03 0.0 0.0 0.0 0.0 0.0 
0.0 0.0 0.0 0.0 0.0 0.0 0.0 0.0 0.0 252.03 252.03 35.03 35.03 13.03 13.03 241.03 288.03 240.03 240.03 251.03 0.01 115.03 0.01 123.03 317.03 125.03 125.03 0.02 0.02 90.04 90.04 69.03 85.03 85.03 74.03 74.03 75.03 236.03 179.03 179.03 191.03 191.03 0.0 0.0 0.0 0.0 0.0 
0.0 0.0 0.0 0.0 0.0 0.0 0.0 0.0 0.0 252.03 252.03 333.03 333.03 13.03 0.0 0.0 288.03 157.03 240.03 0.01 0.01 118.03 212.03 212.03 123.03 279.04 279.03 330.03 330.04 330.04 69.04 69.03 117.03 85.03 74.03 74.03 236.03 236.03 236.03 179.03 191.03 191.03 0.0 0.0 0.0 0.0 0.0 
0.0 0.0 0.0 0.0 0.0 0.0 0.0 0.0 0.0 0.0 333.03 333.03 0.0 0.0 0.0 0.0 0.02 157.03 0.01 320.03 118.03 118.03 212.03 212.03 279.04 279.03 279.03 0.01 93.03 93.04 30.04 30.03 117.03 0.02 74.03 74.03 236.03 236.03 264.03 50.03 50.03 191.03 0.0 0.0 0.0 0.0 0.0 
0.0 0.0 0.0 0.0 0.0 0.0 0.0 0.0 0.0 0.0 0.0 0.0 0.0 0.0 0.0 0.0 157.04 157.03 320.03 320.04 320.04 320.03 275.03 275.04 137.03 137.03 172.03 172.03 93.03 93.03 30.04 30.03 86.03 86.03 310.03 310.03 310.03 264.03 264.03 50.03 50.03 0.0 0.0 0.0 0.0 0.0 0.0 
0.0 0.0 0.0 0.0 0.0 0.0 0.0 0.0 0.0 0.0 0.0 0.0 0.0 0.0 0.0 0.0 157.03 320.04 320.04 320.04 320.04 332.04 275.04 275.04 137.03 137.03 172.03 172.04 312.04 133.04 133.03 156.03 86.03 86.03 310.03 310.03 310.03 230.03 271.03 124.03 0.0 0.0 0.0 0.0 0.0 0.0 0.0 
0.0 0.0 0.0 0.0 0.0 0.0 0.0 0.0 0.0 0.0 0.0 0.0 0.0 0.0 0.0 0.0 332.04 332.04 332.04 332.04 332.04 332.04 145.04 145.04 145.03 145.03 172.03 312.03 312.03 133.03 133.03 190.03 190.03 249.03 249.03 261.03 261.04 230.04 0.02 271.03 0.0 0.0 0.0 0.0 0.0 0.0 0.0 
0.0 0.0 0.0 0.0 0.0 0.0 0.0 0.0 0.0 0.0 0.0 0.0 0.0 0.0 0.0 0.0 332.04 332.04 332.04 332.04 332.04 332.04 145.04 145.04 145.03 295.03 295.03 312.03 312.03 133.04 133.03 201.03 78.03 78.03 249.03 261.04 261.03 0.0 0.0 0.0 0.0 0.0 0.0 0.0 0.0 0.0 0.0 
0.0 0.0 0.0 0.0 0.0 0.0 0.0 0.0 0.0 0.0 0.0 0.0 0.0 0.0 0.0 0.0 332.04 0.05 299.04 299.04 299.04 299.04 318.04 145.04 295.03 295.03 34.03 72.03 325.03 325.04 0.05 201.03 201.03 78.03 78.03 261.04 0.0 0.0 0.0 0.0 0.0 0.0 0.0 0.0 0.0 0.0 0.0 
0.0 0.0 0.0 0.0 0.0 0.0 0.0 0.0 0.0 0.0 0.0 0.0 0.0 0.0 0.0 0.0 0.0 0.05 299.04 299.04 299.04 299.04 318.04 318.03 295.04 34.03 0.02 72.03 325.04 0.05 159.04 159.03 51.03 182.03 182.03 0.0 0.0 0.0 0.0 0.0 0.0 0.0 0.0 0.0 0.0 0.0 0.0 
0.0 0.0 0.0 0.0 0.0 0.0 0.0 0.0 0.0 0.0 0.0 0.0 0.0 0.0 0.0 0.0 0.0 0.02 0.05 71.03 71.03 71.04 318.04 318.04 4.04 4.03 34.03 72.03 47.04 192.04 22.04 159.03 177.03 182.03 182.03 0.0 0.0 0.0 0.0 0.0 0.0 0.0 0.0 0.0 0.0 0.0 0.0 
0.0 0.0 0.0 0.0 0.0 0.0 0.0 0.0 0.0 0.0 0.0 0.0 0.0 0.0 0.0 0.0 0.0 0.0 71.03 71.03 71.03 71.04 323.04 323.03 4.03 4.03 166.03 47.04 47.03 192.03 192.03 177.03 177.03 0.0 0.0 0.0 0.0 0.0 0.0 0.0 0.0 0.0 0.0 0.0 0.0 0.0 0.0 
0.0 0.0 0.0 0.0 0.0 0.0 0.0 0.0 0.0 0.0 0.0 0.0 0.0 0.0 0.0 0.0 0.0 0.0 71.03 71.03 71.03 323.04 323.03 270.03 270.03 4.03 232.04 232.04 178.04 27.03 27.03 10.03 177.03 0.0 0.0 0.0 0.0 0.0 0.0 0.0 0.0 0.0 0.0 0.0 0.0 0.0 0.0 
0.0 0.0 0.0 0.0 0.0 0.0 0.0 0.0 0.0 0.0 0.0 0.0 0.0 0.0 0.0 0.0 0.0 0.0 71.03 71.03 71.04 323.03 270.03 270.03 270.03 151.03 151.03 151.03 178.03 69.03 27.03 10.03 10.03 10.04 0.0 0.0 0.0 0.0 0.0 0.0 0.0 0.0 0.0 0.0 0.0 0.0 0.0 
0.0 0.0 0.0 0.0 0.0 0.0 0.0 0.0 0.0 0.0 0.0 0.0 0.0 0.0 0.0 0.0 0.0 0.0 0.0 0.0 0.0 91.03 91.03 91.03 91.03 151.03 151.03 151.03 69.03 154.03 154.04 0.0 0.0 0.0 0.0 0.0 0.0 0.0 0.0 0.0 0.0 0.0 0.0 0.0 0.0 0.0 0.0 
0.0 0.0 0.0 0.0 0.0 0.0 0.0 0.0 0.0 0.0 0.0 0.0 0.0 0.0 0.0 0.0 0.0 0.0 0.0 0.0 0.0 0.0 0.0 91.03 91.03 171.03 171.04 171.04 49.03 49.03 49.03 0.0 0.0 0.0 0.0 0.0 0.0 0.0 0.0 0.0 0.0 0.0 0.0 0.0 0.0 0.0 0.0 
0.0 0.0 0.0 0.0 0.0 0.0 0.0 0.0 0.0 0.0 0.0 0.0 0.0 0.0 0.0 0.0 0.0 0.0 0.0 0.0 0.0 0.0 0.0 0.0 91.03 171.04 171.04 171.04 171.03 49.04 0.0 0.0 0.0 0.0 0.0 0.0 0.0 0.0 0.0 0.0 0.0 0.0 0.0 0.0 0.0 0.0 0.0 
