Inputs/GridInputs/LU&ParcGridSob40.asc
ncols         88
nrows         128
xllcorner     -1684940.3713166039
yllcorner     3170668.0308883013
cellsize      40
[rows 0 to 37 of 128, columns 0 to 84 of 88]
0.0 0.0 0.0 0.0 0.0 0.0 0.0 0.0 0.0 0.0 0.0 0.0 0.0 0.0 0.0 0.0 0.0 0.0 0.0 332.04 332.04 143.03 143.03 0.0 0.0 0.0 0.0 0.0 0.0 0.0 0.0 0.0 0.0 0.0 0.0 0.0 0.0 0.0 0.0 0.0 0.0 0.0 0.0 0.0 0.0 0.0 0.0 0.0 0.0 0.0 0.0 0.0 0.0 0.0 0.0 0.0 0.0 0.0 0.0 0.0 0.0 0.0 0.0 0.0 0.0 0.0 0.0 0.0 0.0 0.0 0.0 0.0 0.0 0.0 0.0 0.0 0.0 0.0 0.0 0.0 0.0 0.0 0.0 0.0 0.0
0.0 0.0 0.0 0.0 0.0 0.0 0.0 0.0 0.0 0.0 0.0 0.0 0.0 0.0 0.0 0.0 48.04 48.04 332.04 332.04 332.03 143.03 143.03 0.0 0.0 0.0 0.0 0.0 0.0 0.0 0.0 0.0 0.0 0.0 0.0 0.0 0.0 0.0 0.0 0.0 0.0 0.0 0.0 0.0 0.0 0.0 0.0 0.0 0.0 0.0 0.0 0.0 0.0 0.0 0.0 0.0 0.0 0.0 0.0 0.0 0.0 0.0 0.0 0.0 0.0 0.0 0.0 0.0 0.0 0.0 0.0 0.0 0.0 0.0 0.0 0.0 0.0 0.0 0.0 0.0 0.0 0.0 0.0 0.0 0.0
0.0 0.0 0.0 0.0 0.0 0.0 0.0 0.0 0.0 0.0 0.0 0.0 0.0 0.0 0.0 48.04 48.04 48.04 48.04 332.03 332.04 143.04 143.03 0.0 0.0 0.0 0.0 0.0 0.0 0.0 0.0 0.0 0.0 0.0 0.0 0.0 0.0 0.0 0.0 0.0 0.0 0.0 0.0 0.0 0.0 0.0 0.0 0.0 0.0 0.0 0.0 0.0 0.0 0.0 0.0 0.0 0.0 0.0 0.0 0.0 0.0 0.0 0.0 0.0 0.0 0.0 0.0 0.0 0.0 0.0 0.0 0.0 0.0 0.0 0.0 0.0 0.0 0.0 0.0 0.0 0.0 0.0 0.0 0.0 0.0
0.0 0.0 0.0 0.0 0.0 0.0 0.0 0.0 0.0 0.0 0.0 0.0 0.0 0.0 48.04 48.04 48.04 48.04 48.04 332.04 332.04 143.04 42.04 42.03 0.0 0.0 0.0 0.0 0.0 0.0 0.0 0.0 0.0 0.0 0.0 0.0 0.0 0.0 0.0 0.0 0.0 0.0 0.0 0.0 0.0 0.0 0.0 0.0 0.0 0.0 0.0 0.0 0.0 0.0 0.0 0.0 0.0 0.0 0.0 0.0 0.0 0.0 0.0 0.0 0.0 0.0 0.0 0.0 0.0 0.0 0.0 0.0 0.0 0.0 0.0 0.0 0.0 0.0 0.0 0.0 0.0 0.0 0.0 0.0 0.0
0.0 0.0 0.0 0.0 0.0 0.0 0.0 0.0 0.0 0.0 0.0 0.0 0.0 0.0 755.03 755.04 48.04 99.04 99.04 99.04 483.04 483.04 42.04 35.03 35.04 0.02 0.0 0.0 0.0 0.0 0.0 0.0 0.0 0.0 0.0 0.0 0.0 0.0 0.0 0.0 0.0 0.0 0.0 0.0 0.0 0.0 0.0 0.0 0.0 0.0 0.0 0.0 0.0 0.0 0.0 0.0 0.0 0.0 0.0 0.0 0.0 0.0 0.0 0.0 0.0 0.0 0.0 0.0 0.0 0.0 0.0 0.0 0.0 0.0 0.0 0.0 0.0 0.0 0.0 0.0 0.0 0.0 0.0 0.0 0.0
0.0 0.0 0.0 0.0 0.0 0.0 0.0 0.0 0.0 0.0 0.0 0.0 0.0 755.04 755.03 755.04 755.04 99.04 99.04 99.04 0.02 660.03 660.04 621.04 621.04 621.04 668.04 0.0 0.0 0.0 0.0 0.0 0.0 0.0 0.0 0.0 0.0 0.0 0.0 0.0 0.0 0.0 0.0 0.0 0.0 0.0 0.0 0.0 0.0 0.0 0.0 0.0 0.0 0.0 0.0 0.0 0.0 0.0 0.0 0.0 0.0 0.0 0.0 0.0 0.0 0.0 0.0 0.0 0.0 0.0 0.0 0.0 0.0 0.0 0.0 0.0 0.0 0.0 0.0 0.0 0.0 0.0 0.0 0.0 0.0
0.0 0.0 0.0 0.0 0.0 0.0 0.0 0.0 0.0 0.0 0.0 0.0 0.0 755.04 755.04 755.04 755.04 755.04 99.04 99.04 483.04 660.03 660.03 621.03 621.04 668.04 668.04 668.04 668.04 0.0 0.0 0.0 0.0 0.0 0.0 0.0 0.0 0.0 0.0 0.0 0.0 0.0 0.0 0.0 0.0 0.0 0.0 0.0 0.0 0.0 0.0 0.0 0.0 0.0 0.0 0.0 0.0 0.0 0.0 0.0 0.0 0.0 0.0 0.0 0.0 0.0 0.0 0.0 0.0 0.0 0.0 0.0 0.0 0.0 0.0 0.0 0.0 0.0 0.0 0.0 0.0 0.0 0.0 0.0 0.0
0.0 0.0 0.0 0.0 0.0 0.0 0.0 0.0 0.0 0.0 0.0 0.0 0.0 755.04 755.04 755.04 755.04 755.03 226.04 610.04 610.03 63.03 63.03 186.03 186.04 186.04 668.04 668.04 668.04 384.04 384.03 384.04 384.04 181.04 181.04 181.03 181.04 181.04 181.04 181.04 181.03 0.0 0.0 0.0 0.0 0.0 0.0 0.0 0.0 0.0 0.0 0.0 0.0 0.0 0.0 0.0 0.0 0.0 0.0 0.0 0.0 0.0 0.0 0.0 0.0 0.0 0.0 0.0 0.0 0.0 0.0 0.0 0.0 0.0 0.0 0.0 0.0 0.0 0.0 0.0 0.0 0.0 0.0 0.0 0.0
0.0 0.0 0.0 0.0 0.0 0.0 0.0 0.0 0.0 0.0 0.0 0.0 0.0 482.04 755.04 755.04 755.04 226.04 226.04 610.03 610.03 233.03 63.03 202.03 0.02 186.03 668.04 668.04 384.04 384.04 384.04 384.04 384.04 181.04 181.04 181.03 181.03 0.05 0.05 181.03 753.04 753.04 0.0 0.0 0.0 0.0 0.0 0.0 0.0 0.0 0.0 0.0 0.0 0.0 0.0 0.0 0.0 0.0 0.0 0.0 0.0 0.0 0.0 0.0 0.0 0.0 0.0 0.0 0.0 0.0 0.0 0.0 0.0 0.0 0.0 0.0 0.0 0.0 0.0 0.0 0.0 0.0 0.0 0.0 0.0
0.0 0.0 0.0 0.0 0.0 0.0 0.0 0.0 0.0 0.0 0.0 0.0 482.04 482.04 248.04 248.04 750.04 226.04 226.04 226.03 610.03 233.03 424.03 202.03 177.04 177.04 229.03 229.03 384.04 384.04 384.03 384.04 384.03 618.03 618.03 181.03 181.03 181.03 181.04 753.04 753.04 753.04 753.04 0.0 0.0 0.0 0.0 0.0 0.0 0.0 0.0 0.0 0.0 0.0 0.0 0.0 0.0 0.0 0.0 0.0 0.0 0.0 0.0 0.0 0.0 0.0 0.0 0.0 0.0 0.0 0.0 0.0 0.0 0.0 0.0 0.0 0.0 0.0 0.0 0.0 0.0 0.0 0.0 0.0 0.0
0.0 0.0 0.0 0.0 0.0 0.0 0.0 0.0 0.0 0.0 0.0 0.0 482.04 482.04 248.04 248.04 750.04 750.04 226.04 464.04 464.04 0.02 424.04 424.03 177.04 177.04 229.04 229.03 384.04 384.04 384.04 302.04 302.03 618.03 618.03 618.03 618.03 618.03 423.03 423.03 753.04 753.04 753.04 0.0 0.0 0.0 0.0 0.0 0.0 0.0 0.0 0.0 0.0 0.0 0.0 0.0 0.0 0.0 0.0 0.0 0.0 0.0 0.0 0.0 0.0 0.0 0.0 0.0 0.0 0.0 0.0 0.0 0.0 0.0 0.0 0.0 0.0 0.0 0.0 0.0 0.0 0.0 0.0 0.0 0.0
0.0 0.0 0.0 0.0 0.0 0.0 0.0 0.0 0.0 0.0 0.0 0.0 0.0 617.04 617.04 750.04 750.04 750.04 464.04 464.03 535.04 469.04 469.04 184.04 184.03 184.04 229.04 285.04 285.04 225.04 225.04 302.04 302.03 618.03 618.03 618.03 618.03 618.03 423.03 423.03 423.03 423.04 753.04 0.0 0.0 0.0 0.0 0.0 0.0 0.0 0.0 0.0 0.0 0.0 0.0 0.0 0.0 0.0 0.0 0.0 0.0 0.0 0.0 0.0 0.0 0.0 0.0 0.0 0.0 0.0 0.0 0.0 0.0 0.0 0.0 0.0 0.0 0.0 0.0 0.0 0.0 0.0 0.0 0.0 0.0
0.0 0.0 0.0 0.0 0.0 0.0 0.0 0.0 0.0 0.0 0.0 0.0 255.04 617.04 505.04 329.04 750.04 750.04 268.04 207.04 535.04 535.04 103.04 103.04 184.04 184.04 180.04 180.04 285.04 225.04 302.04 302.04 23.03 23.03 618.03 618.03 618.03 602.04 602.03 423.03 423.03 423.04 700.04 700.04 700.03 700.03 0.0 0.0 0.0 0.0 0.0 0.0 0.0 0.0 0.0 0.0 0.0 0.0 0.0 0.0 0.0 0.0 0.0 0.0 0.0 0.0 0.0 0.0 0.0 0.0 0.0 0.0 0.0 0.0 0.0 0.0 0.0 0.0 0.0 0.0 0.0 0.0 0.0 0.0 0.0
0.0 0.0 0.0 0.0 0.0 0.0 0.0 0.0 0.0 0.0 0.0 0.0 255.04 255.04 505.04 329.04 329.04 268.03 268.04 242.04 535.04 103.04 103.04 103.03 191.04 191.04 703.04 703.04 108.04 225.04 302.04 23.04 23.04 23.03 618.04 618.03 602.03 602.04 204.04 423.04 423.03 423.04 700.04 700.03 700.03 473.03 473.03 0.0 0.0 0.0 0.0 0.0 0.0 0.0 0.0 0.0 0.0 0.0 0.0 0.0 0.0 0.0 0.0 0.0 0.0 0.0 0.0 0.0 0.0 0.0 0.0 0.0 0.0 0.0 0.0 0.0 0.0 0.0 0.0 0.0 0.0 0.0 0.0 0.0 0.0
0.0 0.0 0.0 0.0 0.0 0.0 0.0 0.0 0.0 0.0 0.0 371.04 371.04 371.04 371.04 329.04 406.04 406.04 406.04 242.04 242.04 103.04 103.04 103.04 191.04 191.04 703.04 703.04 108.03 302.04 302.03 23.04 23.04 23.04 314.04 314.04 204.04 204.04 204.04 670.03 670.03 670.03 27.03 27.03 473.03 473.03 473.03 0.0 0.0 0.0 0.0 0.0 0.0 0.0 0.0 0.0 0.0 0.0 0.0 0.0 0.0 0.0 0.0 0.0 0.0 0.0 0.0 0.0 0.0 0.0 0.0 0.0 0.0 0.0 0.0 0.0 0.0 0.0 0.0 0.0 0.0 0.0 0.0 0.0 0.0
0.0 0.0 0.0 0.0 0.0 0.0 0.0 0.0 0.0 0.0 144.04 371.04 371.04 371.04 371.04 523.04 523.04 406.04 406.04 141.04 141.04 141.04 393.04 393.04 191.04 191.04 232.04 41.03 41.03 41.04 328.03 328.04 328.04 328.04 314.04 314.04 204.04 204.04 462.04 670.04 670.03 670.03 27.03 27.03 473.03 473.04 473.03 166.03 0.0 0.0 0.0 0.0 0.0 0.0 0.0 0.0 0.0 0.0 0.0 0.0 0.0 0.0 0.0 0.0 0.0 0.0 0.0 0.0 0.0 0.0 0.0 0.0 0.0 0.0 0.0 0.0 0.0 0.0 0.0 0.0 0.0 0.0 0.0 0.0 0.0
0.0 0.0 0.0 0.0 0.0 0.0 0.0 0.0 0.0 144.04 144.04 144.04 699.04 699.04 175.04 523.04 523.04 523.04 406.04 141.04 141.04 141.04 393.04 393.04 149.04 232.04 232.04 41.04 41.04 41.03 620.03 620.04 620.04 314.04 314.04 314.04 575.04 462.04 462.04 462.04 670.04 518.04 518.03 518.03 600.04 166.04 166.04 166.04 0.08 0.0 0.0 0.0 0.0 0.0 0.0 0.0 0.0 0.0 0.0 0.0 0.0 0.0 0.0 0.0 0.0 0.0 0.0 0.0 0.0 0.0 0.0 0.0 0.0 0.0 0.0 0.0 0.0 0.0 0.0 0.0 0.0 0.0 0.0 0.0 0.0
0.0 0.0 0.0 0.0 0.0 0.0 0.0 0.0 0.0 0.02 144.04 144.04 699.04 751.04 175.04 175.04 11.04 0.02 130.04 522.04 522.04 141.04 0.05 393.04 149.04 232.04 671.04 41.04 41.03 41.03 710.04 183.04 183.04 314.04 314.04 314.04 575.04 575.04 462.04 596.04 596.04 667.04 667.03 600.03 600.03 166.04 166.04 166.04 92.04 92.04 0.0 0.0 0.0 0.0 0.0 0.0 0.0 0.0 0.0 0.0 0.0 0.0 0.0 0.0 0.0 0.0 0.0 0.0 0.0 0.0 0.0 0.0 0.0 0.0 0.0 0.0 0.0 0.0 0.0 0.0 0.0 0.0 0.0 0.0 0.0
0.0 0.0 0.0 0.0 0.0 0.0 0.0 0.0 0.0 144.04 144.04 144.04 144.04 751.04 0.05 0.05 11.04 11.04 130.04 130.04 522.04 0.05 0.05 501.03 501.03 671.04 671.04 671.04 41.04 710.04 710.04 778.04 301.04 301.04 376.04 376.04 575.04 575.04 643.04 643.03 596.04 425.04 425.03 600.03 600.03 166.04 166.04 210.04 92.04 92.04 92.03 0.02 0.0 0.0 0.0 0.0 0.0 0.0 0.0 0.0 0.0 0.0 0.0 0.0 0.0 0.0 0.0 0.0 0.0 0.0 0.0 0.0 0.0 0.0 0.0 0.0 0.0 0.0 0.0 0.0 0.0 0.0 0.0 0.0 0.0
0.0 0.0 0.0 0.0 0.0 0.0 0.0 0.0 0.0 0.0 144.04 144.04 144.04 751.04 4.04 4.04 4.04 663.04 663.04 130.04 522.04 522.03 746.04 0.05 501.03 564.04 671.04 257.04 257.04 365.04 365.03 301.04 301.04 301.04 376.04 376.04 162.04 162.04 643.04 643.04 580.03 425.03 425.03 425.03 734.03 734.04 210.04 210.04 92.04 92.04 92.03 117.04 117.04 263.04 380.03 380.03 493.03 493.03 493.03 493.03 0.0 0.0 0.0 0.0 0.0 0.0 0.0 0.0 0.0 0.0 0.0 0.0 0.0 0.0 0.0 0.0 0.0 0.0 0.0 0.0 0.0 0.0 0.0 0.0 0.0
0.0 0.0 0.0 0.0 0.0 0.0 0.0 0.0 0.0 0.0 269.04 269.04 269.04 61.04 61.04 165.04 165.04 165.03 663.04 663.04 522.03 287.03 287.04 0.05 746.03 564.03 564.03 257.04 257.04 365.04 365.04 365.04 301.04 418.04 418.04 376.04 162.04 162.04 168.04 168.04 580.04 580.04 425.03 734.03 734.04 734.04 210.03 210.04 92.04 92.04 92.04 117.04 117.04 263.03 380.03 380.03 493.03 493.03 493.04 493.03 459.03 0.0 0.0 0.0 0.0 0.0 0.0 0.0 0.0 0.0 0.0 0.0 0.0 0.0 0.0 0.0 0.0 0.0 0.0 0.0 0.0 0.0 0.0 0.0 0.0
0.0 0.0 0.0 0.0 0.0 0.0 0.0 0.0 373.04 269.04 269.04 269.04 269.04 61.04 61.04 61.04 165.03 165.04 663.04 394.03 394.03 287.03 287.04 53.04 396.04 396.03 428.03 257.04 378.04 378.04 365.04 365.04 447.04 418.03 418.03 292.03 292.03 475.04 475.04 475.04 325.04 325.04 325.04 734.04 734.04 727.04 673.04 673.04 516.04 659.04 659.04 659.04 0.05 85.03 380.03 380.03 493.04 493.04 493.04 459.03 459.03 459.04 0.0 0.0 0.0 0.0 0.0 0.0 0.0 0.0 0.0 0.0 0.0 0.0 0.0 0.0 0.0 0.0 0.0 0.0 0.0 0.0 0.0 0.0 0.0
0.0 0.0 0.0 0.0 0.0 0.0 0.0 373.04 373.04 373.04 269.04 269.04 269.04 61.04 61.04 61.04 165.04 330.04 330.04 394.03 394.03 394.03 539.03 539.04 513.04 396.04 0.05 257.04 378.04 378.04 627.04 447.04 447.04 749.03 292.03 292.03 292.03 578.04 475.04 475.04 475.03 325.04 325.04 379.04 379.04 529.04 727.03 516.04 516.04 516.04 415.04 415.04 0.05 707.03 625.04 625.04 625.04 493.03 493.03 459.04 459.04 459.04 0.0 0.0 0.0 0.0 0.0 0.0 0.0 0.0 0.0 0.0 0.0 0.0 0.0 0.0 0.0 0.0 0.0 0.0 0.0 0.0 0.0 0.0 0.0
0.0 0.0 0.0 0.0 0.0 0.0 246.04 373.04 373.04 373.04 649.04 649.04 431.04 431.04 61.04 433.04 433.04 330.04 359.04 0.03 0.03 0.02 636.03 636.04 539.04 513.04 0.05 486.04 654.04 654.04 627.04 447.04 447.04 93.04 44.04 292.04 292.04 578.04 578.04 578.03 578.03 321.03 296.04 296.04 379.04 529.04 529.03 516.03 516.04 429.03 429.04 415.04 707.04 707.04 625.04 625.04 625.04 195.03 206.03 459.03 459.04 666.04 666.04 0.0 0.0 0.0 0.0 0.0 0.0 0.0 0.0 0.0 0.0 0.0 0.0 0.0 0.0 0.0 0.0 0.0 0.0 0.0 0.0 0.0 0.0
0.0 0.0 0.0 0.0 0.0 246.04 246.04 0.05 373.04 649.04 649.04 649.04 431.04 431.04 294.04 433.04 433.04 330.04 359.04 359.04 255.04 255.04 636.04 636.04 88.04 486.04 486.04 486.04 654.04 654.04 654.04 573.04 573.03 93.04 698.04 698.04 275.04 578.04 578.04 578.04 578.03 321.03 321.04 296.03 379.03 379.04 529.03 116.03 116.04 429.03 429.03 712.04 707.04 0.04 625.04 625.03 195.04 195.03 206.03 206.03 666.04 666.04 666.04 0.05 0.0 0.0 0.0 0.0 0.0 0.0 0.0 0.0 0.0 0.0 0.0 0.0 0.0 0.0 0.0 0.0 0.0 0.0 0.0 0.0 0.0
0.0 0.0 0.0 0.0 271.04 271.04 246.04 246.04 246.04 649.04 649.04 649.03 294.04 294.04 294.04 742.04 742.04 283.04 359.04 255.04 255.04 255.04 88.04 88.04 88.04 88.04 486.03 486.03 245.04 654.04 654.03 573.03 573.03 543.04 698.04 275.04 275.04 275.04 578.04 578.04 718.03 718.03 321.03 485.03 662.03 662.04 116.03 116.03 116.04 82.03 712.03 712.03 0.03 0.05 33.04 741.03 741.03 195.04 206.04 206.04 206.04 666.04 666.04 426.04 426.04 0.0 0.0 0.0 0.0 0.0 0.0 0.0 0.0 0.0 0.0 0.0 0.0 0.0 0.0 0.0 0.0 0.0 0.0 0.0 0.0
0.0 0.0 0.0 271.04 271.04 271.04 271.04 164.04 164.04 709.04 709.04 0.05 294.04 294.04 294.04 742.04 283.04 283.04 547.04 547.04 255.04 0.05 88.04 88.04 88.04 603.04 603.03 253.03 245.04 245.04 681.03 681.03 743.03 543.04 324.04 0.05 275.04 275.04 757.04 757.03 718.03 718.03 718.03 485.03 662.04 662.04 30.04 30.04 82.03 311.03 461.03 461.03 33.03 33.04 33.04 741.03 347.03 195.04 206.04 66.04 374.04 374.04 426.04 426.04 426.04 0.02 0.0 0.0 0.0 0.0 0.0 0.0 0.0 0.0 0.0 0.0 0.0 0.0 0.0 0.0 0.0 0.0 0.0 0.0 0.0
0.0 0.0 0.0 264.04 271.04 260.04 260.03 164.04 709.04 709.04 709.04 0.05 294.04 294.03 0.05 179.04 283.04 283.04 547.04 547.04 547.04 594.04 594.04 594.04 224.04 0.05 603.04 0.02 253.04 245.03 681.03 681.03 743.03 743.04 324.04 324.03 324.04 757.03 757.03 757.04 715.03 715.03 592.03 592.03 592.04 30.04 30.04 30.04 311.04 311.03 461.03 461.03 461.04 33.04 215.04 215.03 347.03 476.03 476.04 66.04 374.03 374.04 704.04 426.04 426.03 426.04 0.02 0.0 0.0 0.0 0.0 0.0 0.0 0.0 0.0 0.0 0.0 0.0 0.0 0.0 0.0 0.0 0.0 0.0 0.0
0.0 0.0 264.04 264.04 264.04 260.03 260.04 567.04 709.04 709.04 709.04 0.05 145.04 584.04 123.04 123.04 179.04 179.03 547.04 547.04 0.05 530.04 594.04 594.04 224.03 224.03 369.03 369.04 369.04 105.04 105.03 105.04 18.04 743.04 324.03 324.04 344.04 344.04 757.03 757.04 715.03 715.03 592.03 592.04 49.04 0.05 30.04 30.03 311.04 311.03 189.03 461.03 461.04 215.03 215.04 215.04 347.04 476.03 476.04 5.04 5.04 704.04 704.04 704.04 426.03 29.04 29.04 29.04 121.04 121.04 0.0 0.0 0.0 0.0 0.0 0.0 0.0 0.0 0.0 0.0 0.0 0.0 0.0 0.0 0.0
0.0 0.0 264.04 264.04 714.04 714.04 0.05 567.04 567.03 567.04 145.04 0.05 145.04 584.04 584.04 123.04 732.04 732.04 732.04 530.04 530.04 530.04 594.04 594.04 0.01 0.01 369.03 0.05 369.03 490.04 105.04 18.04 18.04 686.04 686.03 344.03 0.05 0.05 344.04 715.04 715.04 715.03 0.02 49.04 49.04 0.05 0.05 311.04 311.03 189.03 189.03 189.04 189.03 215.03 215.04 440.04 440.04 706.04 706.04 5.03 5.04 17.04 17.04 704.04 704.04 29.04 29.04 121.04 121.04 235.04 235.04 235.04 235.04 235.04 0.0 0.0 0.0 0.0 0.0 0.0 0.0 0.0 0.0 0.0 0.0
0.0 0.05 264.04 264.04 714.04 714.04 0.05 730.04 567.03 567.04 145.04 145.04 145.04 584.04 584.04 584.04 732.04 732.04 732.03 530.03 0.05 530.03 310.03 310.04 0.01 0.01 22.04 615.03 490.03 490.04 18.04 18.04 686.04 686.04 686.04 344.04 344.04 344.04 73.04 73.04 715.04 439.04 439.03 0.02 0.02 644.04 644.04 767.04 441.03 441.03 0.02 441.03 189.03 189.03 440.03 440.04 440.04 440.04 706.04 64.04 64.04 17.04 17.04 17.04 434.04 157.04 157.04 199.04 199.04 199.04 235.04 235.04 235.04 235.04 0.0 0.0 0.0 0.0 0.0 0.0 0.0 0.0 0.0 0.0 0.0
0.0 246.04 0.05 438.04 438.04 438.04 730.04 730.04 730.04 747.04 145.04 472.04 472.04 472.04 640.04 126.04 760.04 760.03 499.04 752.03 752.04 752.03 310.04 377.04 377.03 377.03 615.04 615.03 490.03 490.03 490.04 686.04 686.04 686.03 449.03 449.04 73.04 73.04 73.03 73.04 25.04 439.04 439.03 439.03 644.03 644.04 767.04 767.04 767.03 441.03 441.03 441.03 125.03 125.03 440.03 440.03 440.04 45.04 45.04 64.04 64.04 434.04 434.04 434.04 434.03 157.04 157.04 157.04 199.04 199.04 199.04 235.04 235.04 235.04 0.0 0.0 0.0 0.0 0.0 0.0 0.0 0.0 0.0 0.0 0.0
0.0 246.04 0.05 246.04 438.04 595.04 595.04 595.03 747.04 747.04 747.04 472.04 472.04 640.04 640.04 126.04 499.04 499.03 0.02 0.02 752.04 752.04 740.04 377.04 377.03 43.03 14.03 574.03 574.03 574.03 274.03 274.04 399.04 449.03 449.03 449.03 0.02 735.04 735.04 25.04 25.04 25.04 439.04 439.04 644.03 343.03 767.04 767.03 767.03 441.03 441.03 0.01 125.03 125.03 2.03 2.03 641.04 45.04 45.04 45.04 434.04 434.04 434.04 434.04 434.04 157.04 157.04 157.04 361.04 361.04 361.03 361.04 235.04 0.0 0.0 0.0 0.0 0.0 0.0 0.0 0.0 0.0 0.0 0.0 0.0
0.0 246.04 246.04 118.04 0.05 595.04 0.05 595.04 747.04 747.04 306.04 89.04 132.04 132.04 214.04 214.04 499.03 24.03 0.02 0.05 539.04 740.04 740.04 0.02 43.04 43.04 14.03 574.03 574.04 574.04 274.04 274.04 399.04 399.04 449.03 228.03 228.04 419.04 419.04 25.04 25.04 25.04 0.05 570.04 557.04 343.04 343.04 551.04 551.03 551.03 125.03 125.03 0.01 0.01 0.02 2.03 641.03 641.03 641.04 7.04 7.04 7.04 434.04 434.04 586.04 316.04 316.03 316.04 601.04 601.04 361.03 769.04 769.04 55.04 55.04 55.03 0.0 0.0 0.0 0.0 0.0 0.0 0.0 0.0 0.0
128.04 128.04 118.04 0.05 536.04 759.04 759.04 759.04 306.04 306.04 306.04 89.04 89.04 286.04 214.04 214.04 24.04 24.03 24.03 299.04 0.05 240.04 240.04 240.04 43.04 43.04 14.04 276.04 574.04 274.04 274.04 274.04 399.04 399.04 449.03 228.03 228.03 419.04 708.04 708.04 25.04 570.04 570.04 570.04 557.04 557.04 158.04 551.04 551.04 551.03 125.03 125.03 125.03 2.03 2.03 2.03 641.03 641.04 641.04 7.04 7.04 7.04 7.04 7.04 586.04 586.04 316.03 316.03 601.04 769.04 769.04 769.04 769.04 0.05 55.04 55.04 0.0 0.0 0.0 0.0 0.0 0.0 0.0 0.0 0.0
128.04 128.04 128.04 0.05 536.04 759.04 759.04 133.04 133.04 0.05 306.04 89.04 568.04 568.04 214.04 0.05 407.04 24.03 24.03 299.04 299.04 514.04 240.04 240.04 650.04 0.05 0.05 276.04 276.04 276.04 110.04 110.04 211.04 685.04 318.03 318.04 228.04 708.04 708.04 708.04 163.03 0.02 570.04 570.04 557.04 351.04 158.04 158.04 551.03 510.03 510.03 125.03 0.01 2.03 2.03 0.01 0.02 150.03 383.03 98.04 7.04 7.04 7.04 586.04 586.04 586.03 586.03 303.04 303.04 769.04 769.04 769.04 0.05 55.04 55.04 0.0 0.0 0.0 0.0 0.0 0.0 0.0 0.0 0.0 0.0
128.04 128.04 266.04 266.04 266.04 637.04 637.04 133.04 0.05 133.04 672.04 568.04 568.04 568.04 0.05 407.04 407.04 0.02 299.03 299.04 514.04 0.05 514.04 650.04 650.04 645.04 645.04 276.04 74.04 74.04 110.04 110.03 211.04 211.04 318.04 318.04 549.04 708.04 708.04 163.04 291.04 0.02 761.04 761.04 351.04 351.04 69.04 69.03 510.03 510.03 510.03 0.01 0.01 0.01 0.01 0.01 150.03 383.04 383.04 98.04 98.04 98.04 7.04 21.04 21.04 470.04 470.03 303.04 303.04 769.04 769.04 769.04 0.05 0.05 55.03 0.0 0.0 0.0 0.0 0.0 0.0 0.0 0.0 0.0 0.0
128.04 128.04 771.04 771.04 771.04 637.04 637.04 637.04 133.04 672.04 672.04 672.04 568.04 0.05 362.04 362.04 362.04 407.04 407.04 514.04 514.04 0.05 650.04 650.04 273.04 645.04 645.04 74.04 74.04 74.04 110.04 623.03 623.03 211.04 0.05 549.04 549.04 312.04 312.04 312.04 291.04 761.04 761.04 761.04 351.04 351.04 69.04 69.03 510.03 510.03 0.01 0.01 0.01 0.01 0.02 701.03 701.03 383.03 383.03 98.03 98.04 98.04 21.04 21.04 21.04 470.04 695.04 0.05 695.04 769.04 769.04 212.04 55.04 55.04 55.04 0.0 0.0 0.0 0.0 0.0 0.0 0.0 0.0 0.0 0.0
