Inputs/GridInputs/LU&ParcGridSob10.asc
ncols         355
nrows         514
xllcorner     -1684940.3713166039
yllcorner     3170668.0308883013
dx            10.021603558590295
dy            10.00860663445246
[rows 114 to 151 of 514, columns 170 to 254 of 355]
450.03 450.03 450.04 450.04 450.04 450.04 450.04 450.04 523.04 523.04 523.04 523.03 523.03 0.05 0.05 0.05 0.05 195.04 195.04 195.04 195.03 195.03 0.02 0.02 47.04 47.04 47.04 47.03 47.03 47.03 47.03 543.03 543.03 543.03 517.03 517.03 517.03 517.03 0.02 0.02 517.04 0.05 517.04 517.04 642.04 0.02 0.02 0.02 642.04 642.04 642.04 642.04 642.04 642.04 642.04 0.02 0.02 215.04 215.04 215.04 113.03 113.03 113.03 113.03 0.02 113.03 113.03 113.03 758.04 758.04 758.04 758.03 758.04 758.04 758.04 538.04 538.04 271.04 271.04 271.04 271.04 271.04 271.04 271.04 271.04
450.03 0.02 0.02 450.04 450.04 450.04 450.04 0.02 523.04 523.04 523.04 523.03 523.03 523.03 0.05 0.05 0.05 195.04 195.04 195.03 195.03 195.03 0.02 0.02 47.04 47.04 47.03 47.03 47.03 47.03 543.03 543.03 543.03 543.03 543.03 543.04 543.03 0.02 543.04 543.04 517.04 0.05 0.05 517.04 642.04 642.03 0.02 0.02 642.04 642.04 642.04 642.04 642.04 642.04 642.04 642.04 642.04 787.04 787.04 787.04 787.04 113.03 113.03 113.03 113.04 0.02 113.04 758.04 758.04 758.04 758.04 758.04 758.03 758.04 758.04 758.04 271.04 271.04 271.04 271.04 271.04 271.04 271.04 271.04 271.04
450.03 0.02 0.02 450.04 450.04 450.04 523.04 0.02 523.04 523.03 523.03 523.03 523.03 523.03 0.05 0.05 0.05 0.05 195.04 195.03 195.03 195.03 47.03 47.04 47.03 47.03 47.03 47.03 47.03 543.03 543.03 543.03 543.03 543.03 543.03 543.04 543.04 543.04 543.04 543.04 543.04 0.05 543.04 543.04 543.03 642.03 642.03 642.04 642.04 642.04 642.03 0.02 642.04 642.04 642.04 642.04 787.04 787.04 787.04 787.04 787.04 131.04 131.04 131.04 131.04 0.02 758.04 758.04 758.04 758.04 758.03 758.03 758.03 758.03 758.03 758.04 611.04 611.04 271.04 271.04 271.04 271.04 271.04 271.04 0.02
0.02 450.03 450.03 450.04 450.04 450.04 523.04 523.04 523.04 523.04 523.04 523.03 523.03 0.05 0.05 0.05 0.05 0.05 195.03 195.03 0.02 0.02 47.04 47.03 47.03 47.03 47.03 47.03 47.03 543.03 543.03 543.03 543.03 543.03 543.03 543.03 543.04 543.04 543.04 543.04 543.04 0.05 543.03 543.03 543.03 642.03 642.03 642.04 642.04 642.04 642.04 0.02 642.04 642.04 787.04 787.04 787.04 787.04 787.04 787.04 787.04 131.04 131.04 131.04 131.04 131.04 131.04 758.04 758.04 758.04 758.03 758.03 758.03 758.03 758.03 758.04 611.04 611.04 611.04 611.04 611.04 271.04 271.04 271.04 0.02
0.02 0.02 0.02 450.03 450.04 523.04 523.04 523.04 523.04 523.04 523.04 523.04 523.04 0.05 0.05 523.04 0.05 0.05 0.05 195.03 195.04 0.02 47.04 47.03 47.03 47.03 47.03 47.03 543.03 543.03 543.03 543.03 543.03 0.02 543.03 543.04 543.04 543.04 543.04 543.04 543.03 543.03 543.03 543.03 543.03 642.03 642.04 642.04 642.04 642.04 642.04 642.04 787.04 787.04 787.04 787.04 787.04 787.04 787.04 787.04 787.04 131.04 131.04 131.04 131.04 0.05 0.05 131.04 758.04 758.03 758.03 758.03 758.03 758.03 758.04 611.04 611.04 611.04 611.04 611.04 611.04 611.04 611.04 611.04 0.02
192.03 0.02 0.02 0.02 523.04 523.04 523.04 523.04 523.04 523.04 523.04 523.04 523.04 0.05 523.04 523.04 0.05 0.05 0.05 0.05 195.04 47.04 47.04 0.02 47.03 47.03 47.03 543.03 543.03 543.03 0.02 543.03 543.03 0.02 0.02 0.02 543.04 543.04 543.04 543.04 543.03 543.03 543.03 543.03 543.03 543.03 642.04 642.04 642.04 642.04 642.04 787.04 787.04 787.04 787.04 787.04 787.04 787.04 787.04 787.04 787.04 787.04 131.04 131.04 131.04 0.05 131.04 131.04 758.04 758.03 578.03 578.03 578.04 578.04 578.04 611.04 611.04 611.04 611.04 611.04 611.04 611.04 611.04 611.04 611.04
192.03 192.03 0.02 0.02 192.03 523.04 523.04 0.05 0.05 0.02 523.04 523.04 523.04 523.04 523.04 523.04 523.04 0.05 0.05 0.05 262.04 262.04 47.04 47.04 47.03 499.03 499.03 499.03 499.03 543.03 0.02 0.02 0.02 0.02 0.08 0.02 543.04 543.04 543.04 543.03 543.03 543.03 543.03 543.03 543.03 543.03 642.03 642.04 642.03 787.03 787.03 787.03 787.04 787.04 787.04 787.04 787.04 787.04 787.04 787.04 787.04 787.04 131.03 131.04 131.04 0.05 131.03 131.04 0.02 578.03 578.03 578.04 578.04 578.04 578.04 578.04 611.04 611.04 611.04 611.04 611.04 611.04 611.04 611.04 611.04
192.03 192.03 192.03 192.03 0.02 192.03 0.02 0.02 0.05 0.02 523.04 523.04 523.04 523.04 523.04 372.04 372.04 0.05 0.05 0.05 262.04 262.04 262.04 262.04 499.03 499.03 499.03 499.03 499.03 499.03 499.03 0.02 0.02 0.02 0.02 0.02 543.04 543.03 543.03 0.02 0.02 543.03 543.03 543.03 543.03 543.03 642.03 787.03 787.03 787.03 787.03 787.03 787.04 787.04 787.04 787.04 787.04 787.04 787.04 787.04 787.04 787.04 131.03 131.03 0.05 131.03 0.02 0.02 0.02 0.02 578.04 578.04 578.04 578.04 578.04 578.04 611.04 611.04 611.04 611.04 611.04 611.04 611.04 611.04 611.04
192.03 192.03 192.03 192.03 0.02 192.03 192.03 0.02 0.05 0.02 372.03 372.03 372.04 372.04 372.04 372.04 0.05 0.05 0.05 262.04 262.04 262.04 262.04 262.03 499.03 499.03 499.03 499.03 499.03 499.03 499.03 499.03 499.03 0.02 0.02 499.03 0.02 499.03 543.03 0.02 0.02 543.03 543.03 543.03 543.03 543.03 787.03 787.03 787.03 787.03 787.03 787.03 787.04 787.04 787.03 787.03 0.02 787.04 787.04 787.04 787.04 787.04 131.03 0.02 131.04 131.04 131.03 0.02 0.02 0.02 578.04 578.04 578.04 578.04 578.04 578.04 611.04 611.04 611.04 611.04 611.04 611.04 611.04 611.04 611.04
0.02 192.03 192.03 0.02 0.02 0.02 0.02 0.05 0.05 0.02 0.02 372.03 372.04 372.04 372.04 372.04 372.04 0.05 262.04 262.04 262.04 262.04 262.04 262.03 499.03 499.03 499.03 499.03 499.03 499.03 499.03 499.03 499.03 499.03 499.03 499.03 0.02 0.02 499.03 499.03 499.03 499.03 144.03 144.03 144.03 144.03 144.03 787.03 787.03 787.03 787.03 787.03 787.03 787.04 787.03 787.03 0.02 787.04 787.04 787.04 787.04 787.04 580.04 0.02 131.04 131.04 131.03 0.02 0.02 578.04 578.04 578.04 578.04 578.04 578.04 578.04 578.04 611.04 611.04 611.04 611.04 611.04 611.04 611.04 611.04
0.02 192.03 192.03 0.02 0.02 0.02 0.02 0.05 0.05 0.05 372.03 372.03 372.03 0.02 372.04 372.04 372.04 372.04 262.04 262.04 262.04 262.04 262.04 262.04 262.03 499.03 499.03 499.03 0.02 499.03 499.03 499.03 499.03 499.03 499.03 499.03 499.03 499.03 499.03 499.03 499.03 144.03 144.03 144.03 144.03 144.03 144.03 144.03 787.03 787.03 787.03 787.03 787.03 787.03 787.03 787.03 787.03 787.04 787.04 787.04 787.04 580.04 0.05 0.02 580.04 580.04 580.04 580.04 578.04 578.04 578.04 578.04 578.04 578.04 578.04 578.04 578.04 611.04 611.04 611.04 13.04 13.04 13.04 13.04 13.04
0.02 192.03 192.03 192.03 192.03 192.03 0.08 0.05 0.05 0.05 0.05 0.02 0.02 0.02 372.04 372.04 372.04 372.04 262.04 262.04 262.04 262.04 262.04 262.04 262.03 499.03 499.03 499.03 499.03 0.02 499.03 499.03 499.03 499.03 499.03 499.03 499.03 499.03 499.03 499.03 144.03 144.03 144.03 144.03 144.03 144.03 144.03 144.03 787.03 787.03 787.03 787.03 787.03 787.03 0.02 0.02 787.03 787.04 787.04 787.04 580.04 580.04 0.05 580.04 580.04 580.04 580.04 580.04 578.04 578.04 578.04 578.04 578.04 578.04 578.04 578.04 578.04 13.04 0.02 13.04 13.04 13.04 13.04 13.04 13.04
192.03 0.02 192.03 192.03 192.03 192.03 0.08 0.05 372.03 372.03 372.03 0.05 0.02 0.05 372.04 372.04 372.04 262.04 262.04 262.04 262.04 262.04 262.04 262.04 262.04 262.03 499.03 499.03 499.03 0.02 499.03 0.02 0.02 499.03 499.03 499.03 499.03 499.03 0.02 144.03 144.03 144.03 144.03 144.03 144.03 144.03 144.03 144.03 256.03 256.03 787.03 787.03 787.03 787.03 787.03 787.03 0.02 787.04 787.04 580.04 580.04 580.04 580.04 580.04 580.04 580.04 580.04 580.04 580.04 578.04 578.04 578.04 578.04 578.04 578.04 578.04 13.04 13.04 13.04 13.04 13.04 13.04 13.04 13.04 13.04
0.02 192.03 192.03 0.02 0.08 192.03 192.03 372.03 372.03 372.03 372.03 372.03 0.05 372.04 372.04 372.04 372.04 262.04 262.04 262.03 262.04 262.04 262.04 262.04 262.03 262.03 499.03 499.03 499.03 499.03 499.03 499.03 0.02 499.03 499.03 499.03 0.01 0.01 0.01 144.03 144.03 144.03 144.03 144.03 144.03 144.03 144.03 144.03 256.03 256.03 256.03 256.03 787.03 787.03 787.03 787.03 0.02 0.02 580.04 580.04 580.04 580.04 580.04 580.04 580.04 580.04 580.04 580.04 580.04 578.04 578.04 578.04 578.04 578.04 578.04 13.04 13.04 13.04 13.04 13.04 13.04 13.04 13.04 13.04 13.04
0.02 192.03 192.03 0.02 0.02 192.03 192.03 372.03 372.03 372.03 372.03 372.03 372.04 372.04 372.04 372.04 262.04 262.04 262.04 0.02 262.04 262.04 262.04 262.04 262.03 262.03 262.03 499.03 499.03 499.03 499.03 499.03 499.03 499.03 0.01 0.01 0.01 0.01 0.01 0.01 0.02 144.03 144.03 144.03 144.03 144.03 144.03 144.03 256.03 256.03 256.03 256.03 256.03 256.03 694.03 694.03 694.04 694.04 580.04 580.04 580.04 580.04 580.04 580.04 580.04 580.04 580.04 580.04 580.04 580.04 578.04 578.04 578.04 578.04 578.04 13.04 13.04 13.04 13.04 13.04 13.04 13.04 13.04 13.04 13.04
192.04 0.02 0.02 192.03 192.04 192.04 372.03 372.03 372.03 372.03 372.03 372.04 372.04 372.04 372.03 573.04 573.04 262.04 262.04 0.02 0.02 262.04 262.04 262.03 262.03 262.03 262.04 499.03 499.03 499.03 499.03 499.03 499.03 499.03 0.01 0.01 0.01 0.01 0.01 0.01 0.01 144.03 144.03 144.03 144.03 144.03 144.03 256.03 256.03 256.03 256.03 256.03 256.03 256.03 694.03 694.03 694.03 694.04 694.04 694.04 580.04 0.02 580.04 580.04 580.04 580.04 580.04 580.04 580.04 580.04 578.04 578.04 578.04 578.04 13.04 13.04 13.04 13.04 13.04 13.04 13.04 13.04 13.04 13.04 13.04
192.04 0.02 0.02 0.02 192.04 192.04 372.03 372.03 372.03 372.03 372.03 372.03 372.03 0.02 0.02 573.04 573.04 262.04 262.04 262.04 0.02 262.03 262.03 262.03 262.03 262.03 262.03 499.03 499.03 499.03 499.03 499.03 499.03 499.03 0.01 0.01 0.01 0.01 0.01 0.01 0.01 144.03 144.03 144.03 144.03 144.03 144.03 256.03 256.03 256.03 256.03 256.03 256.03 256.03 694.03 694.03 694.04 694.04 694.04 694.04 694.04 0.02 0.02 580.03 580.03 580.03 580.03 580.03 580.04 580.04 580.04 578.04 578.04 13.04 13.04 13.04 13.04 13.04 13.04 13.04 13.04 13.04 13.04 13.04 13.04
192.04 192.04 0.02 0.02 653.04 653.04 653.04 0.05 0.05 0.05 372.03 372.03 573.03 573.03 0.02 0.02 573.04 262.04 262.04 262.04 262.04 262.03 262.03 262.03 262.03 262.03 262.03 526.03 499.03 499.03 499.03 499.03 499.03 144.03 0.02 0.01 0.01 0.01 0.01 0.01 144.03 144.03 0.01 0.01 0.01 144.03 144.03 256.03 256.03 256.03 256.03 256.03 256.03 256.03 256.03 0.01 0.01 0.02 694.04 694.04 694.04 694.03 0.02 580.03 580.03 580.03 580.03 580.03 580.04 580.04 580.04 578.04 13.04 13.04 13.04 13.04 13.04 13.04 13.04 13.04 13.04 13.04 13.04 13.04 13.04
0.05 653.04 653.04 0.05 653.04 653.04 653.04 0.05 0.05 0.05 0.05 0.05 573.03 573.04 0.02 0.02 0.02 573.04 262.04 262.04 262.04 262.03 262.03 0.02 262.03 526.03 526.03 526.03 0.02 499.03 499.03 499.03 144.03 144.03 144.03 0.02 0.02 0.02 0.01 144.03 144.03 144.03 0.01 0.01 0.01 0.01 0.01 256.03 0.02 0.02 256.03 256.03 256.03 256.03 0.01 0.01 0.01 0.02 694.04 694.04 694.04 694.03 694.03 694.03 694.03 580.03 0.02 580.04 580.04 580.04 580.04 436.04 436.04 436.04 13.04 13.04 13.04 13.04 13.04 13.04 13.04 13.04 13.04 13.04 13.04
0.05 0.05 0.05 0.05 653.04 653.04 653.04 653.04 0.05 0.05 0.05 0.05 573.03 573.04 0.02 0.02 0.02 0.02 262.04 262.04 262.04 262.03 262.03 526.03 526.03 526.03 526.03 526.03 526.03 0.05 499.03 144.03 144.03 144.03 144.03 0.02 0.02 144.03 144.03 144.03 144.03 144.03 0.01 0.01 0.01 0.01 0.01 0.01 0.02 0.02 0.02 256.03 256.03 256.03 0.01 0.01 0.01 694.04 694.04 694.04 694.03 694.03 694.03 694.03 694.03 694.03 0.02 580.04 580.04 580.04 436.04 436.04 436.04 436.04 436.04 436.04 436.04 13.04 13.04 13.04 13.04 13.04 13.04 13.04 13.04
0.02 0.05 653.04 653.04 653.04 653.04 0.02 653.04 552.04 552.04 0.05 0.05 0.05 573.03 573.04 573.04 573.04 0.02 262.04 262.04 262.04 0.02 0.02 526.03 526.03 526.03 526.03 526.03 526.03 526.03 526.03 0.05 144.03 144.03 144.03 0.02 0.02 144.03 144.03 144.03 144.03 144.03 0.01 0.01 0.01 0.01 0.01 0.01 0.02 0.02 0.02 256.03 256.03 256.03 0.02 0.01 694.03 694.04 694.03 694.03 694.03 694.03 694.03 694.03 694.03 694.04 694.04 694.04 694.04 436.04 436.04 436.04 436.04 436.04 436.04 436.04 436.04 436.04 436.04 436.04 436.04 13.04 13.04 13.04 13.04
0.05 0.05 653.04 653.04 653.04 653.04 653.04 653.04 552.04 552.04 552.04 552.04 552.04 0.02 0.05 573.04 573.04 573.04 573.04 526.04 526.04 526.04 526.04 526.03 526.03 526.03 526.03 526.03 526.03 526.03 526.03 144.03 0.05 144.03 144.03 144.03 144.03 144.03 144.03 144.03 144.03 144.03 0.01 0.01 0.01 0.01 0.01 0.01 0.02 0.02 0.02 0.02 256.04 256.04 256.03 256.04 694.03 694.03 694.03 694.03 694.03 694.03 694.03 694.04 694.04 694.04 694.04 694.04 694.04 436.04 436.04 436.04 436.04 436.04 436.04 436.04 436.04 436.04 436.04 436.04 436.04 0.02 436.04 436.04 13.04
653.04 0.05 0.05 653.04 653.04 653.04 653.04 653.04 552.04 552.04 552.04 552.04 552.04 0.02 0.02 573.04 573.04 573.04 526.04 526.04 526.04 526.04 526.04 0.02 0.02 526.04 0.02 0.02 526.03 526.03 526.03 144.03 144.03 0.05 144.03 144.03 144.03 144.03 144.03 144.03 144.03 144.03 0.01 0.01 0.01 0.01 0.01 0.02 0.02 256.03 256.03 256.03 256.04 256.03 256.03 256.04 694.03 694.03 694.03 694.03 694.03 694.04 694.04 694.04 694.04 694.04 694.04 694.04 0.02 436.04 436.04 436.04 436.04 436.03 436.03 436.04 436.04 436.04 436.04 436.04 436.03 0.02 436.04 436.04 436.04
653.04 653.04 653.03 0.05 653.04 653.04 653.04 653.04 552.04 552.04 552.04 552.04 552.04 552.04 552.04 573.04 309.04 309.04 309.04 0.02 526.04 526.04 526.04 0.02 0.02 0.02 526.04 0.02 526.03 526.03 526.03 526.03 144.03 144.03 0.05 144.03 144.03 144.03 144.03 144.03 144.03 144.03 0.02 0.01 0.01 0.01 0.01 0.02 0.02 256.03 256.03 256.03 256.03 256.03 256.03 256.03 256.03 694.03 694.03 694.03 694.03 694.04 694.04 694.04 694.04 694.04 694.04 694.04 694.04 436.04 436.04 436.04 436.04 436.04 0.02 436.04 436.04 436.04 0.02 436.04 436.04 436.04 0.02 436.04 436.04
653.04 653.04 0.02 653.03 0.05 653.04 653.04 653.04 552.04 552.04 552.04 552.04 552.04 552.04 552.04 309.04 309.04 309.04 309.04 309.04 526.04 526.04 526.04 526.04 0.02 526.04 526.04 526.04 526.04 526.04 526.03 526.03 144.03 144.03 144.03 0.05 0.05 144.03 144.03 144.03 144.03 144.03 0.02 0.02 144.03 256.03 256.03 0.05 0.05 0.05 0.05 0.05 0.05 256.03 256.03 0.01 0.01 694.03 694.03 694.03 694.03 694.04 694.04 694.03 694.03 694.04 694.04 694.04 436.04 436.04 436.04 436.04 436.04 436.04 436.04 436.04 436.04 436.04 436.04 436.04 436.04 436.04 436.04 436.04 436.04
653.04 653.04 0.02 0.02 653.04 653.04 0.05 653.04 552.04 552.04 552.04 552.04 552.04 552.04 552.04 309.04 309.04 309.04 309.04 309.04 309.04 526.04 526.04 526.04 526.04 526.04 526.04 526.04 526.04 526.04 526.03 0.05 0.05 0.05 0.05 0.05 0.05 144.03 144.03 144.03 144.03 144.03 0.02 144.03 144.03 256.03 256.03 256.03 256.03 256.03 256.03 256.03 256.03 0.01 0.01 0.01 0.01 0.01 287.04 287.04 287.04 287.04 287.03 287.03 287.03 790.03 790.03 790.04 790.04 436.04 436.04 436.04 436.04 436.04 436.04 436.04 436.04 436.04 436.04 436.04 436.04 436.04 436.04 436.04 436.04
653.04 653.04 653.04 0.02 0.02 653.04 653.04 0.02 552.04 552.04 552.04 552.04 552.04 552.04 0.02 309.04 309.04 309.04 309.04 309.04 309.04 526.04 526.04 526.03 526.03 526.03 526.04 526.04 526.04 526.03 526.03 0.02 0.02 144.03 144.03 144.03 144.03 0.05 144.03 144.03 144.03 144.03 0.02 144.03 256.03 256.03 256.03 256.03 256.03 256.03 256.03 256.03 256.03 0.01 0.01 0.01 0.01 0.01 287.04 287.04 287.04 287.03 287.03 287.03 0.02 0.02 790.03 790.03 790.03 436.04 436.04 436.04 436.04 436.04 436.04 436.04 436.04 436.04 436.04 436.04 436.04 436.04 436.04 436.04 436.04
653.04 0.02 653.04 653.04 0.02 653.04 653.04 0.02 0.02 0.05 0.05 0.05 552.04 470.04 309.04 309.04 309.04 309.04 309.04 309.04 0.02 309.04 526.04 0.02 526.03 526.03 526.03 526.03 526.03 526.03 526.03 0.02 0.02 144.03 144.03 144.03 144.03 144.03 144.03 144.03 144.03 144.03 144.03 144.03 256.03 256.03 256.03 256.03 256.03 256.03 256.03 256.03 0.01 0.01 0.01 0.01 0.01 287.03 287.03 287.04 287.04 287.03 287.03 790.03 790.03 790.03 790.03 0.02 0.02 476.04 436.04 436.04 436.04 436.04 436.04 436.04 436.04 436.04 436.04 436.04 436.04 436.04 436.04 436.04 436.04
653.04 653.04 653.04 653.04 653.04 653.04 653.04 552.04 552.04 552.04 470.04 470.04 470.04 470.04 470.04 309.04 309.04 309.04 309.04 309.04 0.02 309.04 309.04 0.02 526.03 526.03 526.03 0.02 526.03 526.03 514.03 514.03 0.02 514.03 514.03 144.03 144.03 144.03 144.03 0.01 0.01 0.01 0.01 144.03 256.03 256.03 256.03 256.03 256.03 256.03 256.03 256.03 287.03 0.01 0.01 0.01 0.01 0.02 0.02 287.03 287.03 287.03 790.03 790.03 790.03 790.03 790.04 790.04 0.02 476.04 476.04 476.04 436.04 436.04 436.04 436.04 436.04 436.04 436.04 436.04 436.04 436.04 436.04 436.04 436.04
653.04 653.04 653.03 0.02 653.04 653.04 653.04 470.04 470.04 470.04 470.04 470.04 470.04 470.04 0.02 470.04 309.04 309.04 309.04 309.04 309.04 309.04 309.04 309.04 526.03 526.03 526.03 0.02 0.02 0.02 514.03 514.03 514.03 0.02 514.03 514.03 144.03 144.03 144.03 0.01 0.01 0.01 0.01 0.01 256.03 0.02 256.03 0.02 0.02 256.03 256.03 287.03 0.02 287.04 287.04 287.03 0.02 0.02 0.02 287.04 287.03 790.03 790.04 790.03 790.03 790.03 790.03 790.04 790.04 476.04 476.04 476.04 476.04 476.04 436.04 436.04 436.04 436.04 436.04 436.04 436.04 436.04 436.04 436.04 436.04
528.04 528.04 528.03 528.03 653.04 653.04 470.04 470.04 470.04 470.04 470.04 470.04 470.04 470.04 0.02 0.02 309.04 0.05 309.04 309.04 0.02 309.04 309.03 309.03 309.03 514.03 514.03 0.02 0.02 514.04 0.02 514.03 514.03 514.03 514.03 514.03 514.03 514.03 144.03 0.01 0.01 0.01 0.01 0.01 0.01 0.01 0.01 0.01 0.02 0.02 0.02 0.01 287.03 287.04 287.04 287.03 0.02 0.02 0.02 0.02 790.04 790.03 790.04 790.04 790.04 790.03 790.03 790.04 476.04 476.04 476.04 476.04 476.04 476.04 476.04 476.04 436.04 436.04 436.04 436.04 436.03 436.04 436.04 436.04 436.04
528.04 528.04 528.04 528.04 528.04 528.04 470.04 470.04 0.02 470.04 470.04 470.04 470.04 470.04 470.03 470.04 470.04 309.04 309.04 309.04 309.04 797.03 797.03 797.03 514.03 514.03 514.03 514.04 514.04 514.03 0.02 0.02 514.03 514.03 514.03 0.01 0.01 514.03 514.03 0.01 0.01 0.01 0.01 0.01 0.01 0.01 0.01 0.01 0.02 0.02 0.01 0.01 0.01 0.01 287.03 287.03 287.03 0.02 0.02 0.02 790.03 790.03 790.04 790.04 790.04 790.04 0.05 790.04 476.04 476.04 476.04 476.04 476.04 476.04 476.04 476.04 476.04 476.04 436.04 436.04 436.04 0.02 436.04 0.05 175.04
528.04 528.04 528.04 528.04 528.04 528.04 470.04 470.04 470.04 470.04 470.04 470.04 470.04 470.04 470.04 470.04 470.04 797.04 797.04 797.04 797.04 0.05 797.03 797.03 514.03 514.03 514.03 514.03 514.03 514.03 0.02 0.02 514.03 514.03 0.01 0.01 0.01 0.01 0.02 0.01 0.01 0.01 0.01 0.01 0.01 0.01 0.01 0.01 172.03 0.01 0.01 0.01 0.01 0.01 172.03 287.03 287.03 0.02 0.02 0.02 790.03 790.03 790.04 790.04 790.04 790.04 790.04 790.04 0.02 476.04 476.04 476.04 476.04 476.04 476.04 476.04 476.04 476.04 476.04 476.04 436.04 436.04 436.04 175.04 175.04
528.04 528.04 528.04 528.04 528.04 528.04 528.04 470.04 470.04 470.04 0.02 470.04 470.04 470.04 470.04 470.04 797.04 797.04 797.04 797.04 797.04 797.03 797.03 797.03 514.03 514.03 514.03 514.03 514.03 514.03 514.03 0.02 514.03 514.03 0.01 0.01 0.01 0.01 0.01 0.01 0.01 0.01 0.01 0.01 0.01 0.01 0.01 0.01 172.03 0.01 0.01 0.01 0.01 0.01 172.03 172.03 172.03 172.03 790.03 0.02 790.03 790.03 790.04 790.04 790.04 790.04 790.04 790.04 0.02 0.02 0.02 476.04 476.04 476.04 476.04 476.04 476.04 476.04 476.04 476.04 476.04 476.04 175.04 175.04 175.04
528.04 528.04 528.04 528.04 528.04 528.04 528.04 470.04 470.04 470.04 470.04 0.02 470.04 470.04 470.04 470.04 797.04 797.04 797.04 797.04 797.03 797.03 797.03 797.03 514.03 514.03 514.03 0.02 514.03 514.03 514.03 514.03 514.03 0.01 0.01 0.01 0.01 0.01 0.01 0.01 0.01 0.01 0.01 0.01 0.01 0.01 0.01 0.01 172.03 0.01 0.01 0.01 0.01 0.02 172.03 172.03 172.03 172.03 172.03 790.03 790.03 790.03 790.03 790.04 790.04 790.04 790.04 0.02 0.02 0.02 476.04 0.02 476.04 476.04 476.04 476.03 476.03 476.03 476.04 476.04 476.04 476.04 175.03 175.04 175.04
528.04 528.04 528.04 528.04 528.04 528.04 528.04 528.04 470.04 470.04 470.04 470.04 470.04 470.04 470.04 797.04 797.04 797.04 797.04 797.04 797.03 797.03 0.02 797.03 514.03 514.03 514.03 0.02 0.02 514.03 514.03 514.03 514.03 0.01 0.01 0.01 0.01 0.01 0.01 0.01 0.01 0.01 0.01 0.01 0.01 0.01 0.01 0.01 172.03 172.03 0.01 0.01 172.03 172.03 172.03 172.03 172.03 172.03 172.03 0.08 790.03 790.03 790.03 790.03 790.03 790.04 790.04 476.04 0.02 476.04 0.02 0.02 0.02 476.04 476.03 476.03 0.02 0.02 476.04 476.04 476.04 476.04 175.04 175.04 175.04
0.02 528.04 528.04 528.04 528.04 528.04 528.04 528.04 470.04 470.04 470.04 470.04 470.04 470.04 797.04 797.04 797.04 797.04 797.04 797.03 797.03 0.02 0.02 797.03 514.03 514.03 514.03 514.03 514.03 514.03 514.03 514.03 514.03 0.01 0.01 0.01 0.01 0.01 0.01 0.01 0.01 0.01 0.01 0.01 0.01 0.01 0.01 0.01 0.01 172.03 0.02 172.03 172.03 172.03 172.03 172.03 172.03 172.03 0.08 0.02 0.02 790.03 790.03 790.03 790.03 790.03 790.03 476.03 0.02 0.02 0.02 476.04 476.04 476.04 476.04 476.04 476.04 0.02 476.04 476.04 476.04 476.04 175.04 175.03 175.04
0.02 528.04 528.04 528.04 528.04 528.04 528.04 528.04 528.04 470.04 470.04 470.04 470.04 470.04 797.04 797.04 797.04 797.04 797.03 797.03 0.02 0.02 0.02 797.03 514.03 514.03 514.03 514.03 514.03 514.03 514.03 514.03 514.03 0.01 0.01 0.01 0.01 0.01 0.01 0.01 0.01 0.01 0.01 0.01 0.01 0.01 0.01 0.01 0.02 172.03 0.02 0.02 172.03 172.03 172.03 172.03 172.03 172.03 0.02 0.02 0.02 790.03 790.03 790.03 0.02 0.02 476.03 476.03 476.03 476.03 476.03 476.03 476.03 476.04 476.04 476.04 476.04 476.04 476.04 476.04 476.04 708.04 175.04 175.04 175.04
