Inputs/GridInputs/LU&ParcGridDiohine50.asc
ncols         123
nrows         134
xllcorner     -1693877.958766256
yllcorner     3174597.0031306315
dx            50.05864128255762
dy            50.20989846990013
[rows 33 to 65 of 134, columns 0 to 73 of 123]
0.0 0.0 0.0 0.0 0.0 0.0 0.0 0.0 0.05 0.05 0.05 526.03 1469.03 1469.03 405.03 0.05 432.04 432.04 432.03 1395.03 1395.03 1395.03 2193.03 2193.03 0.11 0.11 1284.03 1284.03 1815.03 1815.03 2112.03 1219.04 393.03 393.04 537.04 537.04 537.04 176.04 176.04 1423.04 1423.04 2164.04 2164.04 1380.04 1380.04 205.04 205.04 205.04 1260.04 75.04 1009.04 1164.04 1090.03 1090.04 1090.04 1126.04 1250.04 1250.04 881.1 2034.1 2096.1 2096.1 894.1 1990.1 1990.1 1601.1 1601.1 2149.1 2149.1 2329.04 2329.04 1040.04 455.04 455.04
0.0 0.0 0.0 0.0 0.0 0.0 0.0 0.0 0.05 0.05 0.05 1295.04 1469.03 1625.03 0.05 2038.04 432.03 432.03 1385.03 1385.03 1395.03 1395.03 1777.03 1777.03 599.03 0.11 1284.03 1284.03 1284.03 2112.03 2112.03 2112.04 393.04 834.04 834.04 537.03 537.04 2254.04 1895.04 1895.04 1895.04 2164.03 2164.04 216.04 216.04 216.04 205.04 205.04 2379.04 2379.04 1009.04 1009.04 1164.04 1164.04 1959.04 0.05 2107.1 2107.1 1942.1 1942.1 2096.1 2096.1 894.1 1990.1 1990.1 1601.1 2149.1 2149.1 2149.1 2329.04 2329.04 794.1 794.1 1456.1
0.0 0.0 0.0 0.0 0.0 0.0 0.0 0.0 0.0 636.04 0.05 0.05 0.05 0.05 602.04 2067.04 240.04 240.03 1385.04 535.03 125.03 1777.03 1777.03 1777.03 2098.03 2098.04 2098.04 1284.04 1284.03 2112.03 1211.03 1211.03 834.04 834.04 834.03 421.04 537.04 2254.04 2254.04 1895.04 1442.03 2288.03 741.04 741.04 216.04 216.04 216.04 2379.03 2379.04 2379.04 1009.04 1009.04 1490.04 1164.04 1959.04 1959.1 2106.1 2107.1 1942.1 1942.1 2096.1 2096.1 1871.1 1990.1 1990.1 2304.1 2149.1 2149.1 1673.1 1673.1 2329.1 2329.1 1276.1 1276.1
0.0 0.0 0.0 0.0 0.0 0.0 0.0 0.0 0.0 0.13 0.05 2062.03 0.05 0.05 0.05 0.05 240.04 240.03 1385.03 535.03 125.03 125.03 1777.03 1777.03 736.04 2098.04 2098.04 2098.04 2098.04 1211.03 1211.03 1211.03 1211.03 2391.03 421.03 421.04 421.04 20.04 0.05 1658.04 1442.04 0.02 741.03 741.03 216.04 216.04 216.04 2379.03 2379.03 2379.04 0.08 743.04 2352.04 2352.04 1740.04 1740.04 2106.1 2297.1 1058.1 1058.1 1871.1 1871.1 1871.1 2304.1 2304.1 2304.1 2149.1 1673.1 1673.1 1673.1 1673.1 1482.1 1482.1 1597.1
0.0 0.0 0.0 0.0 0.0 0.0 0.0 0.0 0.0 0.0 0.05 0.05 0.05 0.05 0.05 254.04 1468.04 1468.03 2327.03 2327.03 125.03 125.03 1777.03 113.03 736.03 2098.04 2098.04 2098.04 1683.04 1211.04 1211.04 1211.03 2391.03 2391.03 846.03 846.03 2167.04 20.04 20.04 1804.04 1804.03 2288.03 2032.03 741.03 40.03 0.08 0.08 225.04 225.03 0.02 0.08 743.04 1341.04 1341.04 0.08 0.08 2106.1 2297.1 1058.1 1058.1 1871.1 1871.1 1871.1 2304.1 2304.1 2304.1 1310.1 1310.1 1673.1 1673.1 2129.1 1482.1 1482.1 1689.1
0.0 0.0 0.0 0.0 0.0 0.0 0.0 0.0 0.0 0.0 0.05 0.05 0.05 0.05 254.03 254.03 1468.03 1468.03 2327.03 1001.03 1001.03 1001.03 113.03 113.03 113.03 113.03 2098.04 2098.04 1683.03 1683.04 1683.04 2420.03 2420.03 2420.03 846.03 846.03 2167.03 444.03 20.04 1804.04 1804.04 158.04 2032.04 115.03 40.03 0.08 0.08 1199.03 225.03 225.03 312.04 312.04 1341.04 1341.04 1472.1 1472.1 1472.1 2297.1 1058.1 1058.1 1871.1 1871.1 1871.1 2304.1 2304.1 1310.1 1310.1 1310.1 2055.1 2129.1 2129.1 2129.1 1482.1 1689.1
0.0 0.0 0.0 0.0 0.0 0.0 0.0 0.0 0.0 0.0 0.05 2062.04 2062.04 822.03 822.04 822.03 822.03 452.03 84.03 84.03 1001.03 1001.03 113.03 113.03 113.03 2410.03 0.11 0.11 1683.04 1683.04 1683.04 2420.04 1782.04 286.03 286.03 444.03 444.03 444.03 78.04 2371.04 2371.04 158.04 115.04 115.04 40.04 40.04 40.04 1199.03 1199.03 312.04 312.04 312.04 332.04 500.04 500.04 500.04 1808.1 1808.1 1650.1 1650.1 1968.1 1968.1 796.1 796.1 1926.1 1926.1 1629.1 1629.1 2055.1 2055.04 2129.04 2129.04 1121.1 1556.1
0.0 0.0 0.0 0.0 0.0 0.0 0.0 0.0 0.0 0.0 2296.04 0.05 2296.04 822.03 822.03 822.03 648.03 452.03 452.03 84.03 1001.03 1001.03 154.03 2410.03 2410.03 2410.03 2410.03 950.03 950.04 1976.04 1735.04 1735.04 1782.04 1782.04 286.04 1536.04 444.04 0.02 78.04 2371.04 2371.04 1185.04 1185.04 1421.04 1421.04 40.04 40.04 192.04 192.04 192.04 312.04 332.04 332.04 624.03 624.04 500.04 1808.04 1650.04 1084.1 1084.1 1968.1 1968.1 796.1 796.1 796.1 372.1 1629.1 1277.1 2055.04 2055.04 2129.04 1121.04 1121.1 1556.1
0.0 0.0 0.0 0.0 0.0 0.0 0.0 0.0 0.0 0.0 0.05 2296.04 2296.04 2296.03 822.03 822.03 648.03 648.03 452.03 452.03 2219.03 2219.03 154.03 154.03 2410.03 2410.03 620.03 620.03 950.03 2218.04 1735.04 1312.04 1312.04 1782.04 1536.04 1536.04 1094.04 2114.03 0.02 1336.03 1336.03 1185.04 1185.03 1421.04 1421.04 1421.03 1408.04 1408.04 192.04 2182.04 2182.03 332.04 332.04 624.03 624.03 1046.04 1046.04 1084.04 1084.04 1084.1 1968.1 1968.1 1968.1 796.1 796.1 372.1 372.1 1277.1 1277.1 2055.04 2055.04 1121.04 1121.04 1556.04
0.0 0.0 0.0 0.0 0.0 0.0 0.0 0.0 0.0 0.0 0.0 2296.04 0.05 1981.03 347.03 347.03 347.03 347.03 452.03 452.03 2219.03 2219.03 154.03 154.04 154.04 527.03 620.04 1106.04 2218.04 2218.04 2218.04 1312.03 1312.04 792.04 2421.04 2421.04 1094.04 1094.03 1336.03 1336.03 1571.03 1571.03 1386.03 1023.04 1023.04 1023.04 1408.04 1408.04 1408.03 0.05 528.04 528.04 332.04 624.04 624.04 1046.04 1034.04 1225.04 1225.04 1225.04 1968.1 1968.1 1546.1 1546.1 1857.1 1857.1 1857.1 941.1 941.1 941.04 1099.04 719.04 719.04 1657.04
0.0 0.0 0.0 0.0 0.0 0.0 0.0 0.0 0.0 0.0 0.0 0.0 0.05 0.05 1586.04 832.03 745.03 745.03 2104.03 2104.03 0.02 1346.03 2219.03 154.04 527.04 527.04 527.04 1106.04 1106.04 528.04 528.04 528.03 792.04 2328.03 2421.04 2421.04 1094.03 1094.03 1928.03 289.03 289.03 458.03 1386.03 463.04 463.04 1023.04 1408.03 0.08 1408.03 528.04 528.04 528.04 824.04 824.04 1203.04 1203.04 1801.04 1225.04 1225.04 1225.1 2144.1 2144.1 1546.1 2213.1 2213.1 1857.1 252.1 941.1 941.04 941.04 1099.04 719.04 719.04 1657.04
0.0 0.0 0.0 0.0 0.0 0.0 0.0 0.0 0.0 0.0 0.0 0.0 0.05 0.05 1586.03 832.03 745.03 745.03 2104.03 2104.03 1346.03 1346.04 1346.04 1977.04 1977.04 527.04 527.04 1106.04 1106.04 528.04 528.04 1191.04 2328.04 1201.03 1201.03 1201.03 1928.04 1928.04 1928.03 289.03 289.03 680.03 680.04 1557.04 1557.04 1557.04 1408.03 0.02 105.03 105.04 588.04 588.04 824.04 824.03 824.04 1989.04 1801.04 88.04 151.04 2036.1 2144.1 2144.1 415.1 2310.1 2310.1 252.1 252.1 941.04 941.04 622.04 1099.04 1099.04 2426.04 1158.04
0.0 0.0 0.0 0.0 0.0 0.0 0.0 0.0 0.0 0.0 0.0 0.0 0.05 344.04 1586.03 1586.03 745.03 1324.03 2104.03 2104.04 330.04 1346.04 1977.04 1977.04 1977.04 527.04 527.04 1161.04 376.04 376.03 376.04 1191.04 1191.04 1201.03 1201.03 1434.03 1928.03 1928.04 1928.04 560.04 560.03 680.04 944.04 1557.04 1557.04 1557.04 1573.04 0.08 105.03 105.04 588.04 588.04 588.04 824.03 936.04 1989.04 1989.04 88.04 88.04 2036.04 2144.04 2144.1 415.1 649.1 649.1 1487.1 1911.1 1911.04 622.04 622.04 1447.04 1447.04 2175.04 2175.04
0.0 0.0 0.0 0.0 0.0 0.0 0.0 0.0 0.0 0.0 0.0 0.13 540.04 0.05 0.05 0.05 473.03 1324.03 1324.04 330.04 330.04 330.03 1176.04 1977.04 311.04 311.04 1161.04 1161.04 1161.04 0.02 376.04 956.04 956.04 2003.04 2003.04 1434.03 848.03 1928.03 1545.04 560.04 560.04 560.04 1411.03 1411.03 1411.04 2123.04 1573.03 0.02 105.04 105.04 105.04 696.04 696.04 936.04 936.04 936.04 1259.04 1259.04 88.04 2036.04 2036.04 415.04 415.1 322.1 649.1 1487.1 1911.1 1911.04 622.04 2159.04 2159.04 2159.04 2175.04 2175.04
0.0 0.0 0.0 0.0 0.0 0.0 0.0 0.0 0.0 0.0 0.0 0.05 0.05 0.05 1896.04 473.04 473.03 473.04 1324.04 330.04 833.04 833.04 1176.04 1176.04 311.04 178.04 178.04 1161.04 1161.03 376.04 956.03 956.04 956.04 2003.04 1434.04 848.04 848.03 1545.03 1545.04 1545.04 1027.04 1027.04 1809.04 1809.04 1809.04 2123.04 0.02 2123.04 1573.04 105.04 696.04 696.04 0.02 0.08 936.04 383.04 383.04 4.04 4.04 4.04 345.04 2011.04 2011.04 2011.04 908.1 908.1 1911.04 1911.04 1911.04 2159.04 2159.04 2159.04 1188.04 1188.04
0.0 0.0 0.0 0.0 0.0 0.0 0.0 0.0 0.0 0.0 0.0 0.05 0.05 0.05 1544.03 1544.03 473.04 473.04 1958.04 833.04 833.04 833.04 1176.03 1176.04 2268.04 2268.04 178.04 263.04 1172.04 1172.04 1172.03 1960.04 1960.04 2190.04 2190.04 1095.04 1095.04 1095.04 1545.04 1545.04 1027.04 1027.04 1809.04 1809.04 2079.04 2079.04 2097.04 2097.04 2097.04 2097.04 696.04 92.04 0.02 92.04 335.04 335.04 674.04 4.04 2076.04 2076.04 345.04 345.04 2246.04 2246.04 908.04 908.04 908.04 1376.04 1684.04 1684.04 2159.04 994.04 994.04 994.04
0.0 0.0 0.0 0.0 0.0 0.0 0.0 0.0 0.0 0.0 423.03 0.05 0.05 266.04 1544.03 38.03 38.03 1958.04 1958.04 709.04 709.04 331.04 331.04 1176.03 2268.04 1146.04 1146.04 263.04 2072.04 1172.04 1991.03 1960.04 1960.04 815.04 815.04 1095.04 1095.04 1095.04 1545.04 1866.04 795.04 1173.03 1173.04 2079.04 2079.04 2079.04 2097.04 2097.04 2097.04 1427.04 1427.04 0.02 969.04 969.04 1404.04 1404.04 1647.04 0.05 0.05 2076.04 345.04 345.04 2246.04 2246.04 2425.04 2425.04 1376.04 1376.04 1684.04 1684.04 1684.04 994.04 994.04 994.04
0.0 0.0 0.0 0.0 0.0 0.0 0.0 0.0 0.0 0.0 423.04 423.04 423.04 1123.04 1505.04 1505.03 484.03 484.04 709.04 709.04 709.04 0.05 331.04 331.04 1146.04 1146.04 2283.04 2283.04 2072.04 1991.04 1991.04 1991.04 1960.04 815.04 1692.04 1692.04 1722.03 1722.04 1722.03 1866.04 795.04 795.04 1173.04 230.04 230.04 2204.04 2204.04 2097.04 1427.04 1427.03 1427.04 725.04 96.04 96.04 1404.04 1404.04 273.04 1311.04 2279.03 2279.04 345.04 345.04 167.04 167.04 167.04 1724.04 1376.04 1376.04 1539.04 1684.04 1684.03 691.03 691.04 691.04
0.0 0.0 0.0 0.0 0.0 0.0 0.0 0.0 0.13 0.05 1479.04 423.04 423.04 2051.04 1505.04 1505.03 2040.03 2040.04 709.04 709.04 2183.04 331.04 331.04 1196.04 1196.04 1138.04 2283.04 2283.04 2072.04 1991.04 1991.04 1991.04 815.04 1692.04 1692.04 1692.04 1722.04 1722.04 1866.04 1866.04 1096.04 1921.04 1269.04 0.08 2204.04 2204.04 1934.04 1934.04 960.04 1427.04 725.04 725.04 1097.04 0.05 1097.04 273.04 273.04 1311.04 2279.04 2279.04 2256.04 2256.04 1375.04 1375.04 1724.04 1724.04 1376.04 1780.04 1539.04 1684.04 1684.04 0.05 691.04 691.04
0.0 0.0 0.0 0.0 0.0 0.0 0.0 0.13 793.04 0.05 1479.04 1479.04 2051.04 2051.04 2051.03 2040.03 2040.03 0.05 2170.04 2183.04 2183.04 241.04 126.04 1196.04 1196.04 1138.04 1138.04 2065.04 2065.04 858.04 858.04 858.04 1489.04 1489.04 1489.04 2230.03 2230.04 1722.04 1823.04 2154.04 1096.04 1921.04 0.08 943.03 943.04 1934.04 1934.04 960.04 960.04 960.04 725.04 725.04 1097.04 1097.04 0.05 776.04 2171.04 2171.04 2279.04 2256.04 2256.04 2256.04 1375.04 1375.04 1724.04 1724.04 826.04 657.04 657.04 1394.04 1394.04 111.04 111.04 1051.04
0.0 0.0 0.0 0.0 0.0 0.13 0.13 304.04 1401.04 1076.04 1076.04 2122.04 2122.04 2051.04 2051.04 2040.04 2040.03 2040.04 2170.04 676.04 676.04 241.04 126.03 2339.03 2339.04 1138.03 1138.03 2065.04 2065.04 858.04 858.04 858.04 343.04 1489.04 1489.04 2230.04 2230.04 1823.04 1823.04 2154.04 2154.04 2154.04 2194.04 2194.04 943.04 17.04 976.04 976.04 960.04 960.04 637.04 381.04 381.04 776.04 0.05 166.03 1852.04 1852.04 1852.04 2256.04 321.04 825.04 825.04 1375.04 245.04 245.04 826.04 826.03 657.04 1394.04 1394.04 2389.04 0.05 1576.04
0.0 0.0 0.0 0.0 0.13 1648.04 1648.03 304.03 1401.04 1401.03 1076.03 0.05 577.03 577.03 577.04 2353.04 2353.04 2353.03 209.04 676.04 1861.04 1861.04 1061.03 1061.03 2339.04 2041.04 2065.04 2065.04 0.08 2261.04 858.04 343.04 343.04 343.04 2198.04 2198.04 2198.04 1410.04 1823.04 860.04 860.04 1922.04 1922.04 2194.04 2194.04 17.04 2111.04 2360.04 2360.04 637.04 637.04 1192.04 381.04 381.04 166.03 2309.04 1852.04 1852.04 605.04 605.04 321.04 321.04 2200.04 1278.04 1278.04 245.04 119.04 451.04 451.04 1394.04 2389.04 2389.04 1576.04 1291.04
0.0 0.0 0.0 0.0 0.13 1029.03 2121.03 1334.03 1334.03 717.04 2033.04 2033.03 577.03 577.04 577.04 1328.03 2353.03 2353.04 386.04 386.04 1861.04 1861.04 1061.04 1234.04 2041.04 2041.04 899.04 2065.04 2261.04 2261.04 2261.04 799.04 799.04 0.08 0.08 2198.04 2198.04 1410.04 1410.04 860.04 860.03 1226.04 1922.04 2160.04 2160.04 398.04 720.04 2360.04 905.04 637.04 637.04 1227.04 397.04 397.04 397.04 2309.04 1852.04 1852.04 605.04 605.04 2200.04 2200.04 2200.04 1275.04 1278.04 0.02 517.03 1463.04 1232.04 1997.04 1997.04 2130.04 2290.04 1214.04
0.0 0.0 0.0 0.13 0.13 316.03 316.03 1334.03 1334.04 717.04 717.04 1672.03 1672.03 577.04 1328.04 1328.04 1328.03 1328.04 1406.04 2398.04 2398.04 2398.04 619.04 1234.04 1234.04 899.04 899.04 899.04 2261.04 2261.04 2261.04 1373.04 1373.04 1373.04 334.04 2198.04 1294.04 1294.04 1294.04 1638.03 1638.04 1226.04 1922.04 2160.04 1026.04 1026.04 720.04 720.04 905.04 0.05 0.05 1504.04 955.04 397.04 397.04 363.04 363.04 363.04 363.04 605.04 2200.04 2200.04 261.04 261.04 1275.04 517.04 1463.04 259.04 0.05 1232.03 1997.04 2290.04 1214.04 1214.04
0.0 0.0 0.0 2386.04 2386.03 316.03 316.03 1478.03 1334.04 717.04 1460.04 1672.03 1672.03 61.03 61.04 1589.04 390.04 0.05 1406.04 1406.04 1757.04 619.04 619.04 619.04 1234.04 899.04 899.04 899.04 1186.04 1186.04 1186.04 557.04 1373.04 1373.04 334.04 2260.04 755.04 755.04 1294.04 1638.04 213.04 0.02 0.05 170.04 170.04 0.05 720.03 852.04 905.04 0.05 887.04 1504.04 955.04 955.04 955.04 549.04 549.04 363.04 363.04 2061.04 475.04 475.04 0.05 0.05 261.04 1300.04 259.04 259.04 538.04 538.04 538.04 0.11 34.04 34.04
0.0 0.0 0.0 0.0 2386.04 2386.03 1478.03 1478.03 29.03 1460.03 0.08 1460.03 61.03 61.03 434.04 1589.04 1589.04 390.04 1406.04 609.04 609.04 619.04 619.04 619.04 1131.04 1131.04 1900.04 1900.04 1186.04 1186.04 1409.04 557.04 557.04 334.04 2260.04 1405.04 755.04 755.04 1551.04 0.08 0.08 0.08 0.05 170.04 170.04 898.04 898.04 0.05 511.04 511.04 511.04 145.04 955.03 955.04 955.04 549.04 549.04 2061.04 2061.04 642.04 642.04 0.05 0.05 0.05 0.05 0.05 593.04 593.04 538.04 538.04 104.04 34.04 34.04 34.04
0.0 0.0 0.0 0.0 2386.04 1478.03 29.04 29.03 29.03 1460.03 1460.04 1460.03 434.03 434.03 434.03 2156.04 2156.03 1694.04 1694.04 609.04 609.04 609.04 1915.04 1915.04 1131.04 1131.04 1900.04 1900.04 1559.04 1559.04 1409.04 557.04 557.04 1790.04 1405.04 1405.04 926.04 351.04 1551.04 1551.04 1551.04 2084.04 2084.04 2084.04 2227.04 396.04 396.04 324.04 324.04 511.04 145.04 145.04 1499.03 1499.04 1461.04 1461.04 1765.04 2387.04 522.04 642.04 642.04 475.04 475.04 0.05 1300.04 593.04 593.04 593.04 1350.04 104.03 293.04 293.04 34.04 1177.04
0.0 0.0 0.0 0.0 0.13 1288.04 29.04 29.04 1547.03 160.03 160.04 160.04 1533.04 1533.03 1109.03 2156.03 2156.04 1694.04 1694.04 1996.04 282.04 1915.04 1915.04 1915.04 303.04 1604.04 1604.04 2317.04 2317.04 726.04 726.04 1790.04 1790.04 1790.04 1071.04 1405.04 351.04 351.04 1945.04 1945.04 1909.04 2084.04 2084.04 2084.04 2227.04 2125.04 1824.04 1824.04 324.04 324.04 145.04 2331.04 1499.03 1499.04 428.04 1461.04 1461.04 1765.04 2387.04 642.04 520.04 0.05 718.04 718.04 718.04 593.04 1659.04 1659.04 1350.03 1350.04 293.04 293.03 53.03 1177.04
0.0 0.0 1288.04 1288.04 1288.04 1288.04 0.05 1547.03 1547.03 1547.03 160.03 160.03 0.02 1533.03 1109.03 1109.03 0.05 0.05 1996.04 282.04 282.04 1915.04 1915.04 303.04 303.04 2285.04 2285.04 2317.04 2317.04 2317.04 137.04 137.04 1790.04 1071.04 1071.04 590.04 590.04 1945.04 1945.04 1909.04 62.04 62.04 2084.04 41.03 2227.03 2125.04 1218.04 1218.04 563.04 563.04 563.04 2331.04 1499.04 428.04 428.04 1461.04 1461.04 1461.04 2387.04 977.04 0.05 1935.04 1935.04 718.04 718.04 1659.04 1659.04 1805.04 1350.03 1350.04 268.04 53.03 53.04 53.04
0.13 0.05 0.05 1256.04 1288.04 1288.04 1288.04 791.04 1547.04 671.04 671.03 265.04 265.03 1775.03 1329.03 1109.03 0.05 0.05 282.04 282.03 282.03 1915.03 1915.04 303.04 0.05 2285.04 2285.04 2317.04 2317.04 137.04 137.04 137.04 137.04 366.04 590.04 590.04 590.04 1721.04 1721.04 1721.04 62.04 742.04 270.04 41.04 3.04 3.04 3.04 1218.04 563.04 563.04 563.04 563.04 1749.04 428.04 428.04 1424.04 1424.04 1424.04 910.04 1396.04 1396.04 1877.04 820.04 820.04 820.04 1659.04 1659.03 1805.04 1805.03 1350.03 862.04 862.04 53.04 2024.03
993.04 993.04 1256.03 1256.03 1256.04 1288.03 0.05 791.04 791.04 634.04 1151.04 1151.04 1884.03 1775.04 1329.04 2313.04 0.05 0.05 1917.04 0.05 928.03 928.03 0.05 2242.04 2242.04 2285.04 2285.04 2285.04 687.04 687.04 687.04 0.05 366.04 366.04 366.04 590.04 2307.04 2307.04 318.04 318.04 661.04 661.04 260.04 1956.04 1956.04 3.04 1925.04 1925.04 1925.04 563.04 563.04 1749.04 1749.04 0.05 1841.04 997.04 997.03 910.04 910.04 910.04 1943.04 1877.04 0.05 0.05 1017.04 0.05 0.02 2335.04 2335.04 1933.04 1933.04 697.03 697.03 2024.03
993.04 993.04 766.03 0.05 766.04 766.04 791.04 791.04 1005.04 634.04 1151.04 1151.04 1151.04 1884.04 2313.04 2313.04 2313.04 2037.04 112.04 112.04 112.04 928.04 928.04 1718.04 1718.04 1718.04 384.04 384.04 687.04 687.04 0.05 0.05 366.04 366.04 366.04 1756.04 1756.04 2307.04 2307.04 1970.04 656.04 260.04 260.04 460.04 1139.04 425.04 425.04 425.04 1925.04 563.04 1749.04 1749.04 1749.04 0.05 0.05 997.04 426.04 626.04 1480.04 1480.04 1480.04 1036.04 1036.04 1036.04 1017.03 0.02 1017.04 2335.04 2335.04 1933.04 1656.04 1656.03 185.03 1631.03
0.13 0.05 1892.03 989.1 989.1 1425.1 1425.04 791.04 1005.04 634.04 634.04 382.04 382.04 382.04 2313.04 2037.04 2037.04 2037.04 112.04 112.04 112.04 1455.04 0.05 806.04 1718.04 384.04 384.04 384.04 0.05 2295.04 687.04 531.04 531.04 988.04 988.04 1756.04 1756.04 2307.04 859.04 1970.04 656.04 656.04 460.04 1139.04 1139.04 1836.04 425.04 425.04 425.04 425.04 1749.04 1749.04 1749.04 1899.04 0.02 426.04 426.04 626.04 626.04 644.04 644.04 1687.04 1687.04 1687.04 2301.04 1797.04 1017.04 2335.04 2335.04 996.04 996.03 185.03 185.04 1631.03
